1.80043 0
1.80182 0.00138856
1.80463 0.00292275
1.81015 0.00589905
1.81922 0.0101515
1.83258 0.0157212
1.85039 0.0222233
1.8686 0.0264907
1.88865 0.0307897
1.90567 0.0323757
1.92194 0.0334983
1.93556 0.0334766
1.94428 0.0320037
1.95588 0.0318201
1.96211 0.0302718
1.96947 0.029257
1.97452 0.0279424
1.9805 0.0270147
1.9846 0.0258798
1.98937 0.025011
1.99463 0.0243653
2.00007 0.0238598
2.00375 0.0230938
2.00738 0.022407
2.01154 0.0218904
2.01499 0.0213118
2.01804 0.0207333
2.02143 0.0202646
2.02534 0.0199411
2.03006 0.0198352
2.03505 0.0198231
2.03926 0.0196482
2.04494 0.0198748
2.04838 0.0195859
2.05168 0.0193021
2.05493 0.0190375
2.05776 0.0187301
2.05954 0.0183171
2.06107 0.0179073
2.06191 0.0174741
2.06364 0.0171304
2.06478 0.016756
2.06613 0.0164175
2.06803 0.0161526
2.06897 0.0158174
2.07008 0.0155094
2.07095 0.0152009
2.0715 0.0148908
2.07252 0.0146194
2.07331 0.014346
1.80672 0
1.81447 0.00775097
1.81726 0.00527392
1.80947 0.00864389
1.80755 0.00696437
1.80353 0.00696534
1.80167 0.00617326
1.79303 0.0101545
1.79361 0.00897393
1.78792 0.00983836
1.7868 0.00896897
1.78507 0.00836838
1.78321 0.00791946
1.78234 0.00738378
1.78208 0.00687903
1.78293 0.00649124
1.78315 0.00610128
1.78437 0.00588075
1.78578 0.00573965
1.78688 0.00555457
1.78889 0.00565423
1.79176 0.00610472
1.79495 0.00664891
1.79854 0.00730968
1.80113 0.0074724
1.80417 0.00779651
1.80465 0.00751781
1.80564 0.00731222
1.80602 0.00706551
1.80549 0.00684636
1.8045 0.00669529
1.80376 0.00652522
1.80235 0.00647965
1.80139 0.00635937
1.80029 0.00627164
1.79994 0.00610488
1.80002 0.00593813
1.80003 0.00577976
1.80043 0.00564416
1.79972 0.00554779
1.79906 0.00545022
1.79815 0.00539654
1.7976 0.00529817
1.7976 0.00517636
1.79744 0.00506246
1.7976 0.00495386
1.79792 0.00485748
1.79845 0.00478568
1.79898 0.00471608
1.79901 0.00462095
1.80366 0
1.78709 0.0165727
1.78537 0.00972163
1.78119 0.00804426
1.77303 0.0102685
1.77088 0.0086548
1.76824 0.00777748
1.7681 0.00673688
1.76992 0.00621238
1.77184 0.00587779
1.77696 0.00738602
1.78015 0.00745867
1.78216 0.00714979
1.78408 0.00689052
1.78357 0.00643494
1.78428 0.00606177
1.78519 0.00576609
1.78485 0.00544715
1.78616 0.00531607
1.78481 0.00522103
1.78269 0.00539776
1.78076 0.00549584
1.77826 0.00581845
1.77647 0.00585088
1.77562 0.0056764
1.77487 0.00550494
1.77474 0.00529872
1.77627 0.00533035
1.77759 0.00530929
1.77952 0.00548208
1.78139 0.00562125
1.78375 0.00593194
1.78524 0.00594132
1.78718 0.00607906
1.7887 0.00609639
1.79051 0.00619562
1.79251 0.00634899
1.79421 0.00640897
1.79622 0.00655897
1.79797 0.00662641
1.79991 0.00674743
1.80127 0.0067252
1.80284 0.0067519
1.80415 0.00672576
1.80525 0.00666445
1.80604 0.00656618
1.80721 0.00653094
1.80792 0.00643254
1.80846 0.00632328
1.80964 0.00630713
1.81147 0
1.7941 0.0173666
1.80149 0.0124511
1.79674 0.0100035
1.80188 0.0092994
1.79572 0.00977649
1.79316 0.00865008
1.7886 0.00877098
1.78474 0.00864374
1.7838 0.00778868
1.78387 0.00704557
1.78267 0.00654363
1.78331 0.00605321
1.78356 0.00560983
1.78512 0.00545124
1.78599 0.00517268
1.78832 0.0053886
1.79141 0.00594691
1.79132 0.00562597
1.79385 0.00590431
1.79564 0.00589594
1.79843 0.00627561
1.80008 0.00621912
1.80197 0.00624771
1.80347 0.00617607
1.80387 0.00594737
1.80442 0.00574986
1.80412 0.00554884
1.80429 0.00535658
1.80378 0.00520014
1.80372 0.00502997
1.80408 0.00488422
1.80381 0.00474171
1.80313 0.00465113
1.80323 0.00451741
1.80297 0.00439742
1.8021 0.00436538
1.80227 0.00425239
1.80176 0.00417295
1.801 0.00413753
1.8002 0.00411376
1.79911 0.00416158
1.79839 0.00412634
1.79735 0.00416383
1.79664 0.00413105
1.79629 0.00405562
1.79594 0.00398425
1.79556 0.00391853
1.79539 0.00384143
1.79488 0.00379882
1.79427 0
1.7935 0.000775449
1.79507 0.00163618
1.80005 0.00511221
1.79804 0.00444387
1.80312 0.00624657
1.80647 0.00625181
1.80906 0.00600412
1.8086 0.00531568
1.81085 0.00526311
1.81167 0.00482928
1.8119 0.00441483
1.81105 0.0041504
1.80986 0.00402028
1.80885 0.0038779
1.80764 0.00382397
1.80561 0.00412459
1.80576 0.00389151
1.8061 0.00369702
1.80605 0.00350774
1.80693 0.00345192
1.80708 0.00329447
1.80664 0.00317792
1.80621 0.00307356
1.80596 0.0029586
1.80515 0.00295458
1.80563 0.00288226
1.80549 0.00278083
1.80647 0.00285755
1.80633 0.00276406
1.80636 0.00267353
1.80526 0.00281128
1.8045 0.00282982
1.80301 0.00312066
1.80166 0.00331866
1.80019 0.0035463
1.79905 0.00363107
1.79783 0.00373977
1.79656 0.00385559
1.79578 0.00383932
1.79527 0.00377864
1.79374 0.00399285
1.79251 0.00408861
1.7912 0.00420276
1.78965 0.00439352
1.7889 0.00436154
1.78822 0.00432196
1.78785 0.00424685
1.78813 0.00416906
1.788 0.00408689
1.8087 0
1.81117 0.0024748
1.81102 0.00143693
1.80781 0.00337217
1.80356 0.00498173
1.80137 0.00462389
1.79985 0.00419163
1.79819 0.00398983
1.79728 0.00363564
1.79855 0.00349059
1.79947 0.00328967
1.80344 0.00497303
1.80881 0.00705527
1.81307 0.00780221
1.81559 0.00768832
1.82098 0.00898671
1.82437 0.00909423
1.82848 0.00951053
1.83275 0.00995927
1.83742 0.0105383
1.84014 0.0103869
1.84214 0.0101017
1.84333 0.00972625
1.84333 0.00931218
1.84303 0.00893679
1.84275 0.00859081
1.84181 0.00831965
1.84117 0.00804277
1.84022 0.00781838
1.83983 0.00756316
1.83877 0.00739107
1.83853 0.00716062
1.83807 0.0069553
1.83638 0.00695662
1.83514 0.00686775
1.83384 0.00680014
1.8326 0.0067274
1.83183 0.00659308
1.83051 0.00655635
1.82998 0.00641245
1.82984 0.00625576
1.82996 0.00610621
1.83026 0.00596992
1.83077 0.00585518
1.83168 0.00579514
1.83236 0.00570875
1.83302 0.00562494
1.83367 0.00554457
1.83461 0.00551156
1.83513 0.00542541
