1.20029 0
1.20121 0.000925708
1.20309 0.0019485
1.20677 0.0039327
1.21281 0.00676766
1.22172 0.0104808
1.23359 0.0148156
1.24573 0.0176605
1.2591 0.0205264
1.27045 0.0215838
1.28129 0.0223322
1.29037 0.0223177
1.29618 0.0213358
1.30392 0.0212134
1.30807 0.0201812
1.31298 0.0195046
1.31635 0.0186283
1.32033 0.0180098
1.32307 0.0172532
1.32625 0.016674
1.32976 0.0162436
1.33338 0.0159065
1.33583 0.0153959
1.33826 0.014938
1.34103 0.0145936
1.34332 0.0142079
1.34536 0.0138222
1.34762 0.0135097
1.35023 0.0132941
1.35338 0.0132235
1.3567 0.0132154
1.3595 0.0130988
1.3633 0.0132498
1.36559 0.0130573
1.36779 0.0128681
1.36995 0.0126916
1.37184 0.0124867
1.37302 0.0122114
1.37405 0.0119382
1.37461 0.0116494
1.37576 0.0114203
1.37652 0.0111707
1.37742 0.010945
1.37869 0.0107684
1.37932 0.0105449
1.38005 0.0103396
1.38064 0.0101339
1.381 0.00992722
1.38168 0.00974627
1.38221 0.009564
1.20448 0
1.20965 0.00516731
1.21151 0.00351595
1.20631 0.00576259
1.20503 0.00464292
1.20235 0.00464356
1.20111 0.0041155
1.19536 0.00676969
1.19574 0.00598262
1.19195 0.00655891
1.1912 0.00597932
1.19005 0.00557892
1.18881 0.00527964
1.18823 0.00492252
1.18805 0.00458602
1.18862 0.0043275
1.18876 0.00406752
1.18958 0.0039205
1.19052 0.00382643
1.19125 0.00370305
1.1926 0.00376948
1.19451 0.00406981
1.19663 0.00443261
1.19903 0.00487312
1.20075 0.0049816
1.20278 0.00519767
1.2031 0.00501187
1.20376 0.00487481
1.20401 0.00471034
1.20366 0.00456424
1.203 0.00446353
1.2025 0.00435015
1.20157 0.00431976
1.20092 0.00423958
1.20019 0.00418109
1.19996 0.00406992
1.20001 0.00395875
1.20002 0.00385317
1.20029 0.00376277
1.19981 0.00369853
1.19938 0.00363348
1.19877 0.00359769
1.1984 0.00353211
1.1984 0.0034509
1.19829 0.00337497
1.1984 0.00330257
1.19861 0.00323832
1.19897 0.00319046
1.19932 0.00314405
1.19934 0.00308063
1.20244 0
1.19139 0.0110485
1.19025 0.00648109
1.18746 0.00536284
1.18202 0.00684565
1.18059 0.00576987
1.17883 0.00518498
1.17874 0.00449126
1.17995 0.00414158
1.18122 0.00391852
1.18464 0.00492401
1.18677 0.00497245
1.18811 0.00476653
1.18939 0.00459368
1.18905 0.00428996
1.18952 0.00404118
1.19013 0.00384406
1.1899 0.00363143
1.19077 0.00354405
1.18987 0.00348069
1.18846 0.0035985
1.18718 0.0036639
1.18551 0.00387896
1.18431 0.00390059
1.18374 0.00378427
1.18325 0.00366996
1.18316 0.00353248
1.18418 0.00355357
1.18506 0.00353953
1.18635 0.00365472
1.18759 0.0037475
1.18916 0.00395463
1.19016 0.00396088
1.19145 0.00405271
1.19247 0.00406426
1.19367 0.00413041
1.19501 0.00423266
1.19614 0.00427265
1.19748 0.00437265
1.19865 0.00441761
1.19994 0.00449829
1.20085 0.00448346
1.2019 0.00450127
1.20277 0.00448384
1.2035 0.00444297
1.20403 0.00437745
1.20481 0.00435396
1.20528 0.00428836
1.20564 0.00421552
1.20643 0.00420475
1.20765 0
1.19607 0.0115777
1.20099 0.00830074
1.19782 0.00666903
1.20125 0.0061996
1.19715 0.00651766
1.19544 0.00576672
1.1924 0.00584732
1.18983 0.0057625
1.1892 0.00519245
1.18925 0.00469704
1.18845 0.00436242
1.18887 0.00403547
1.18904 0.00373989
1.19008 0.00363416
1.19066 0.00344845
1.19222 0.0035924
1.19428 0.00396461
1.19421 0.00375065
1.1959 0.00393621
1.19709 0.00393063
1.19895 0.00418374
1.20005 0.00414608
1.20131 0.00416514
1.20231 0.00411738
1.20258 0.00396491
1.20295 0.00383324
1.20275 0.00369923
1.20286 0.00357106
1.20252 0.00346676
1.20248 0.00335331
1.20272 0.00325615
1.20254 0.00316114
1.20208 0.00310075
1.20215 0.00301161
1.20198 0.00293161
1.2014 0.00291026
1.20151 0.00283493
1.20117 0.00278196
1.20067 0.00275835
1.20014 0.00274251
1.1994 0.00277439
1.19893 0.00275089
1.19823 0.00277589
1.19776 0.00275403
1.19753 0.00270375
1.19729 0.00265617
1.19704 0.00261235
1.19693 0.00256095
1.19658 0.00253255
1.19618 0
1.19567 0.000516966
1.19671 0.00109078
1.20003 0.00340814
1.19869 0.00296258
1.20208 0.00416438
1.20431 0.00416787
1.20604 0.00400275
1.20573 0.00354379
1.20724 0.00350874
1.20778 0.00321952
1.20793 0.00294322
1.20736 0.00276693
1.20658 0.00268019
1.2059 0.00258526
1.20509 0.00254931
1.20374 0.00274972
1.20384 0.00259434
1.20407 0.00246468
1.20403 0.00233849
1.20462 0.00230128
1.20472 0.00219632
1.20443 0.00211862
1.20414 0.00204904
1.20397 0.0019724
1.20343 0.00196972
1.20375 0.0019215
1.20366 0.00185389
1.20431 0.00190503
1.20422 0.00184271
1.20424 0.00178235
1.20351 0.00187419
1.203 0.00188655
1.20201 0.00208044
1.20111 0.00221244
1.20012 0.0023642
1.19937 0.00242071
1.19855 0.00249318
1.19771 0.00257039
1.19719 0.00255955
1.19685 0.00251909
1.19583 0.0026619
1.19501 0.00272574
1.19414 0.00280184
1.1931 0.00292901
1.1926 0.00290769
1.19214 0.00288131
1.1919 0.00283123
1.19209 0.00277937
1.192 0.00272459
1.2058 0
1.20745 0.00164987
1.20735 0.000957954
1.2052 0.00224811
1.20238 0.00332116
1.20091 0.00308259
1.1999 0.00279442
1.1988 0.00265989
1.19819 0.00242376
1.19903 0.00232706
1.19965 0.00219311
1.20229 0.00331535
1.20587 0.00470351
1.20872 0.00520148
1.2104 0.00512555
1.21399 0.00599114
1.21624 0.00606282
1.21899 0.00634036
1.22184 0.00663951
1.22495 0.00702553
1.22676 0.00692458
1.22809 0.00673447
1.22889 0.00648417
1.22888 0.00620812
1.22869 0.00595786
1.2285 0.0057272
1.22787 0.00554643
1.22744 0.00536184
1.22681 0.00521226
1.22655 0.00504211
1.22585 0.00492738
1.22569 0.00477375
1.22538 0.00463687
1.22425 0.00463775
1.22343 0.0045785
1.22256 0.00453343
1.22174 0.00448494
1.22122 0.00439539
1.22034 0.0043709
1.21999 0.00427497
1.21989 0.00417051
1.21997 0.00407081
1.22017 0.00397994
1.22051 0.00390345
1.22112 0.00386342
1.22157 0.00380584
1.22201 0.00374996
1.22245 0.00369638
1.22307 0.00367437
1.22342 0.00361694
