0.0567884 0
0.0566785 0.00010991
0.0564785 0.000209761
0.0561211 0.000387001
0.0561663 0.000303166
0.0571129 0.000978371
0.0587173 0.00180497
0.06082 0.00262004
0.0621335 0.00265792
0.0632204 0.00261399
0.0633 0.00236578
0.063528 0.00217165
0.0644954 0.00221955
0.0640542 0.00210174
0.0647112 0.00206398
0.0642336 0.00198888
0.0639627 0.00188777
0.0634992 0.00183915
0.0637294 0.00175483
0.0637258 0.00166478
0.0633962 0.00161746
0.0632515 0.00154896
0.063863 0.00160142
0.0641382 0.00155775
0.0637974 0.00153252
0.0637113 0.00147491
0.0639669 0.00144208
0.0640543 0.00139237
0.0638157 0.00136454
0.0636038 0.00133518
0.0638323 0.00131145
0.0645096 0.00143918
0.0645143 0.0013949
0.0647962 0.00138228
0.0648448 0.00134309
0.0647674 0.00130754
0.0647271 0.00127235
0.0647508 0.00123864
0.0646389 0.00121165
0.0646382 0.00118097
0.0643975 0.00117668
0.0645603 0.00115979
0.0646544 0.00113641
0.0644262 0.00113349
0.0644445 0.00110817
0.0643397 0.00108887
0.0642156 0.00107265
0.0641283 0.00105369
0.0638533 0.00106797
0.0637457 0.00105191
0.0539647 0
0.056544 0.00257936
0.0568542 0.00152115
0.0576159 0.00131804
0.0550924 0.00272225
0.0528429 0.00316237
0.0516764 0.00291616
0.053518 0.00312562
0.0524049 0.0029728
0.0530497 0.00273601
0.0521116 0.00264665
0.0514823 0.00249666
0.0513502 0.00230039
0.0513748 0.00212989
0.05164 0.00200048
0.0516486 0.0018713
0.0518655 0.00177111
0.0515304 0.00170309
0.0510437 0.00168288
0.0509601 0.00159871
0.0508308 0.00152617
0.0505792 0.00147674
0.0504579 0.00141627
0.0504897 0.00135635
0.0507606 0.00132887
0.0505209 0.00129904
0.0508658 0.00129672
0.050916 0.00125056
0.0507882 0.00121341
0.0506735 0.00117787
0.0506007 0.00114156
0.0504961 0.00111025
0.0505874 0.00107994
0.0504105 0.00106253
0.0501819 0.00105673
0.0500574 0.00103448
0.0503202 0.00103987
0.0506951 0.00107935
0.0505541 0.00106073
0.0504073 0.00104423
0.0501942 0.00104051
0.0501694 0.00101574
0.0501444 0.000992153
0.0500816 0.000971373
0.05015 0.000952003
0.0501383 0.00093115
0.0501096 0.000911575
0.0500979 0.000892458
0.0501765 0.000877578
0.0503431 0.000875838
0.0500165 0
0.0506964 0.000679934
0.0482335 0.002494
0.0487174 0.00182869
0.0510952 0.00276783
0.0508519 0.00227299
0.0497849 0.00219746
0.0488588 0.00211643
0.0490221 0.00187365
0.0500399 0.00196073
0.0498326 0.00178562
0.0496137 0.00164468
0.0495832 0.00151319
0.0494073 0.00141194
0.0497727 0.00136431
0.0497084 0.00127781
0.0498966 0.00121496
0.0504848 0.00128764
0.0502228 0.00124583
0.050621 0.00124717
0.0509219 0.00122387
0.0506257 0.00120394
0.0503262 0.00118875
0.0500006 0.00118379
0.0499946 0.00113547
0.0504968 0.00120098
0.0509016 0.00122448
0.0507659 0.00118772
0.0508521 0.00114927
0.051006 0.00112092
0.0512418 0.00110951
0.0511401 0.00107909
0.0512182 0.00104879
0.0512037 0.00101758
0.0513587 0.00100016
0.0514283 0.000974471
0.051312 0.000954877
0.051327 0.00092953
0.0513554 0.000905829
0.0515236 0.000898758
0.0516463 0.00088511
0.0518294 0.000882977
0.0517645 0.00086464
0.0518115 0.000846068
0.0519361 0.000836378
0.0519849 0.000819453
0.0518127 0.000820112
0.0517752 0.000803721
0.0518201 0.000788429
0.0517406 0.000776582
0.0488684 0
0.0546612 0.00579284
0.0527916 0.00383159
0.0549945 0.00349187
0.0540588 0.00286204
0.0555419 0.00276775
0.0549319 0.0024174
0.0542678 0.00219634
0.0530853 0.0022694
0.0513898 0.0026448
0.0508797 0.00244609
0.0517258 0.00238789
0.0519874 0.00221206
0.0521095 0.0020516
0.0516934 0.00195473
0.0516311 0.00182954
0.0512386 0.00176282
0.0508891 0.00169835
0.051609 0.00176043
0.0512728 0.0017036
0.0509265 0.00165704
0.0504854 0.00164033
0.0507691 0.00159285
0.0509467 0.00153535
0.0508498 0.00147584
0.0507096 0.00142485
0.0503385 0.00142041
0.0502464 0.00137184
0.0500581 0.00133701
0.0501099 0.00129271
0.0500775 0.00125074
0.0500504 0.00121132
0.0503341 0.00120783
0.0506113 0.0012041
0.0504226 0.00118432
0.0502588 0.00116256
0.0503303 0.00113296
0.0500961 0.00112733
0.0501475 0.00109924
0.0502598 0.00107728
0.0502685 0.00105071
0.0503025 0.00102596
0.0501346 0.00101579
0.050065 0.000994872
0.0500032 0.000974469
0.0499407 0.000955098
0.0499481 0.000934585
0.0499544 0.000914929
0.0497986 0.000909502
0.0496777 0.000899297
0.0445154 0
0.0469815 0.00246611
0.0488244 0.00232879
0.0492191 0.00169334
0.0509733 0.00219041
0.0502344 0.00193507
0.0497448 0.00170715
0.0494863 0.00150086
0.049672 0.00133659
0.0484904 0.00168086
0.0481664 0.00155453
0.0488745 0.00158592
0.0496682 0.0016608
0.0498031 0.0015435
0.0494631 0.00147658
0.0492632 0.00139562
0.0495345 0.00133872
0.0493514 0.00127536
0.0494477 0.00121021
0.0498092 0.00120368
0.0495213 0.00118057
0.0491443 0.00118708
0.0490577 0.0011376
0.0489458 0.0010949
0.0486703 0.00108572
0.0486546 0.00104325
0.0485494 0.00100936
0.0489378 0.00104736
0.0488947 0.00101152
0.0489051 0.000977273
0.0487086 0.000965429
0.0487889 0.000938216
0.0487779 0.000909408
0.048889 0.000889215
0.048816 0.000866508
0.0486448 0.000859328
0.0483392 0.000889888
0.0482686 0.000869025
0.0484603 0.000867888
0.0486483 0.000866535
0.0488793 0.000876153
0.0492558 0.000934257
0.0491581 0.000917495
0.0488889 0.000935943
0.048784 0.000920896
0.0486338 0.000913095
0.0487167 0.00089729
0.0488445 0.000887647
0.048817 0.000869776
0.049044 0.000881909
0.055283 0
0.0493244 0.00595866
0.0475739 0.00385996
0.0491126 0.00313322
0.0509136 0.00302222
0.0512813 0.00249488
0.0508157 0.00215935
0.0506909 0.00187421
0.05114 0.00171283
0.0509983 0.00153854
0.0508968 0.00139536
0.0505787 0.00131292
0.0506663 0.00121088
0.0514117 0.00134624
0.0519098 0.00134864
0.0509776 0.00156859
0.0508172 0.00148214
0.0508319 0.00139745
0.0508762 0.0013226
0.0506455 0.00127577
0.0509051 0.00124097
0.051051 0.00119218
0.0508252 0.00116133
0.050533 0.00114963
0.0501504 0.00116719
0.0497772 0.00118185
0.0497254 0.00113842
0.0496403 0.0011003
0.0495982 0.00106252
0.0495077 0.00103047
0.0498174 0.00104369
0.0498835 0.0010127
0.0498482 0.000982167
0.0500408 0.00097211
0.0499214 0.00095145
0.0497149 0.000947428
0.0495059 0.000944869
0.0492578 0.000952534
0.0493561 0.000932977
0.0493465 0.000909404
0.0493944 0.000888238
0.0496666 0.000908568
0.0499769 0.000939893
0.0501022 0.000926792
0.0499148 0.000925144
0.0497504 0.000919626
0.049832 0.000903542
0.0501511 0.000940291
0.0502952 0.000932109
0.0503106 0.000913407
