1.76813 0
1.76795 0.000182949
1.76779 0.000190193
1.76767 0.000179175
1.76759 0.000158636
1.76752 0.000147789
1.76744 0.000151802
1.76736 0.000149932
1.7674 0.000138112
1.76733 0.00014617
1.76732 0.000132341
1.76733 0.000121061
1.76733 0.000111361
1.7673 0.000106803
1.76731 9.98107e-05
1.76729 9.4875e-05
1.76729 8.91471e-05
1.76729 8.452e-05
1.76727 8.06464e-05
1.76727 7.67493e-05
1.76725 7.61143e-05
1.76725 7.2604e-05
1.76725 6.94586e-05
1.76724 6.67314e-05
1.76724 6.40867e-05
1.76724 6.17425e-05
1.76723 6.15137e-05
1.76722 5.93077e-05
1.76722 5.72529e-05
1.76722 5.55214e-05
1.76721 5.39325e-05
1.76721 5.22218e-05
1.76722 5.15032e-05
1.76722 4.99912e-05
1.76722 4.85836e-05
1.76722 4.72949e-05
1.76723 4.61657e-05
1.76723 4.49552e-05
1.76724 4.52727e-05
1.76723 4.45896e-05
1.76723 4.35575e-05
1.76724 4.29083e-05
1.76723 4.26936e-05
1.76723 4.17351e-05
1.76723 4.07971e-05
1.76723 3.99386e-05
1.76723 3.90845e-05
1.76723 3.84634e-05
1.76723 3.77647e-05
1.76723 3.70046e-05
1.44145 0
1.44154 8.44267e-05
1.44166 0.000133948
1.44164 9.70954e-05
1.44168 8.29047e-05
1.44166 7.02698e-05
1.4417 7.18265e-05
1.44166 7.17373e-05
1.44167 6.38745e-05
1.44167 5.73458e-05
1.44166 5.20903e-05
1.44167 4.7863e-05
1.44165 4.67079e-05
1.44165 4.32522e-05
1.44165 4.04818e-05
1.44163 4.26883e-05
1.44163 4.01335e-05
1.44162 3.8856e-05
1.44161 3.73656e-05
1.44162 3.55284e-05
1.4416 3.71712e-05
1.44159 3.64805e-05
1.44158 3.56157e-05
1.44158 3.41e-05
1.44158 3.27079e-05
1.44158 3.21501e-05
1.44159 3.35613e-05
1.44158 3.34625e-05
1.44158 3.22942e-05
1.44158 3.17617e-05
1.44158 3.09031e-05
1.44157 3.05322e-05
1.44157 2.9615e-05
1.44157 2.9022e-05
1.44156 2.92558e-05
1.44156 2.86227e-05
1.44155 2.89311e-05
1.44154 2.86542e-05
1.44154 2.80275e-05
1.44154 2.73248e-05
1.44154 2.66527e-05
1.44154 2.61761e-05
1.44153 2.59978e-05
1.44153 2.54311e-05
1.44153 2.54745e-05
1.44153 2.5031e-05
1.44152 2.53205e-05
1.44152 2.4983e-05
1.44152 2.46141e-05
1.44152 2.41187e-05
1.4467 0
1.44657 0.000133392
1.44657 7.71749e-05
1.44657 5.51586e-05
1.44658 4.2874e-05
1.44657 3.51496e-05
1.44656 3.20036e-05
1.44657 2.96263e-05
1.44654 3.96567e-05
1.44654 3.58373e-05
1.44653 3.4428e-05
1.44653 3.18469e-05
1.44654 2.99074e-05
1.44653 2.94542e-05
1.44655 3.54544e-05
1.44652 4.81016e-05
1.44652 4.54513e-05
1.4465 4.57363e-05
1.44651 4.36294e-05
1.44653 4.52952e-05
1.44652 4.41331e-05
1.44652 4.21968e-05
1.44652 4.03434e-05
1.44652 3.90218e-05
1.44652 3.76871e-05
1.44651 3.80218e-05
1.44651 3.6587e-05
1.4465 3.63326e-05
1.4465 3.51096e-05
1.4465 3.40446e-05
1.4465 3.34682e-05
1.4465 3.24415e-05
1.44651 3.25388e-05
1.44651 3.17384e-05
1.44651 3.08335e-05
1.44651 3.03957e-05
1.4465 3.07555e-05
1.44651 3.0212e-05
1.4465 3.0509e-05
1.4465 2.98545e-05
1.44649 2.93888e-05
1.44649 2.86978e-05
1.44649 2.91381e-05
1.44649 2.9567e-05
1.44648 3.06864e-05
1.44648 3.00423e-05
1.44649 2.95757e-05
1.44648 2.90865e-05
1.44648 2.87892e-05
1.44648 2.83805e-05
1.37796 0
1.37794 1.80282e-05
1.37793 1.47393e-05
1.37795 2.72847e-05
1.37795 2.11468e-05
1.37795 1.73709e-05
1.378 5.45538e-05
1.37801 4.74484e-05
1.37802 4.29637e-05
1.378 4.16299e-05
1.37802 4.45393e-05
1.378 4.79899e-05
1.37802 4.92634e-05
1.37802 4.56132e-05
1.37802 4.25287e-05
1.37802 3.99272e-05
1.37801 3.80894e-05
1.37803 3.76248e-05
1.37802 3.56249e-05
1.37803 3.46086e-05
1.37803 3.29293e-05
1.37805 3.51175e-05
1.37804 3.43649e-05
1.37805 3.44195e-05
1.37805 3.30871e-05
1.37806 3.21256e-05
1.37805 3.10156e-05
1.37806 3.03922e-05
1.37805 3.00226e-05
1.37805 2.90047e-05
1.37805 2.85338e-05
1.37804 2.77309e-05
1.37804 2.70768e-05
1.37804 2.6366e-05
1.37804 2.57591e-05
1.37803 2.59546e-05
1.37803 2.52661e-05
1.37802 2.57778e-05
1.37802 2.54276e-05
1.37802 2.61385e-05
1.37802 2.5502e-05
1.37801 2.49302e-05
1.37801 2.43619e-05
1.37802 2.39339e-05
1.37801 2.40226e-05
1.37801 2.35397e-05
1.37801 2.30341e-05
1.37801 2.25495e-05
1.37801 2.20855e-05
1.37801 2.1647e-05
1.39885 0
1.39875 9.94185e-05
1.39875 5.74042e-05
1.39877 4.26811e-05
1.3988 4.45189e-05
1.39881 3.76941e-05
1.39879 3.40749e-05
1.39881 3.25504e-05
1.39881 2.87667e-05
1.3988 2.6536e-05
1.39882 2.71931e-05
1.39881 2.4844e-05
1.39882 2.32952e-05
1.39883 2.35712e-05
1.39883 2.25292e-05
1.39883 2.13931e-05
1.39884 2.41815e-05
1.39883 2.61234e-05
1.39884 2.73265e-05
1.39884 2.59351e-05
1.39884 2.4674e-05
1.39884 2.35518e-05
1.39886 2.61332e-05
1.39885 2.54147e-05
1.39886 2.57157e-05
1.39886 2.4767e-05
1.39886 2.39015e-05
1.39886 2.31492e-05
1.39886 2.23408e-05
1.39887 2.16387e-05
1.39888 2.36132e-05
1.39887 2.3095e-05
1.39888 2.3337e-05
1.39888 2.26471e-05
1.39888 2.19938e-05
1.39888 2.13836e-05
1.39888 2.08143e-05
1.39888 2.03283e-05
1.39888 1.99301e-05
1.39887 1.9934e-05
1.39888 2.02834e-05
1.39887 2.03967e-05
1.39887 2.00846e-05
1.39887 1.96328e-05
1.39887 1.92095e-05
1.39886 1.95261e-05
1.39886 1.91354e-05
1.39886 1.94335e-05
1.39886 1.91031e-05
1.39886 1.87274e-05
1.41658 0
1.41655 2.97483e-05
1.41668 0.000131672
1.41659 0.000131593
1.41661 0.000104813
1.41664 9.10402e-05
1.41664 7.71955e-05
1.41662 6.88901e-05
1.41663 6.24414e-05
1.4166 6.28629e-05
1.4166 5.75015e-05
1.41659 5.29359e-05
1.41658 4.9321e-05
1.4166 4.78307e-05
1.41658 4.67969e-05
1.41659 4.42019e-05
1.41659 4.15343e-05
1.4166 4.06374e-05
1.41659 3.93447e-05
1.4166 3.81059e-05
1.4166 3.62666e-05
1.4166 3.49385e-05
1.41661 3.3954e-05
1.41662 3.3105e-05
1.41661 3.18263e-05
1.41662 3.06734e-05
1.41662 2.98995e-05
1.41663 2.93276e-05
1.41662 2.85166e-05
1.41662 2.75514e-05
1.41662 2.67049e-05
1.41663 2.84068e-05
1.41663 2.81417e-05
1.41664 2.92926e-05
1.41663 2.88596e-05
1.41664 2.90074e-05
1.41663 2.85204e-05
1.41664 2.78424e-05
1.41664 2.71472e-05
1.41664 2.64747e-05
1.41664 2.58213e-05
1.41664 2.52505e-05
1.41664 2.4859e-05
1.41664 2.43016e-05
1.41664 2.37793e-05
1.41664 2.32672e-05
1.41663 2.28782e-05
1.41664 2.26838e-05
1.41664 2.2302e-05
1.41664 2.19538e-05
