-0.0322999 0
-0.0338714 0.00157151
-0.0368403 0.00310437
-0.0424838 0.00605545
-0.0516256 0.0102749
-0.0650554 0.0158348
-0.0829557 0.02235
-0.101231 0.0266199
-0.121246 0.0308503
-0.138347 0.032463
-0.154617 0.0335701
-0.168231 0.0335333
-0.176948 0.0320541
-0.188578 0.0318737
-0.194803 0.0303188
-0.202178 0.0293038
-0.207226 0.0279853
-0.213216 0.0270561
-0.217324 0.0259202
-0.222101 0.0250497
-0.227386 0.024406
-0.232823 0.023897
-0.236506 0.0231295
-0.240144 0.0224416
-0.244304 0.0219235
-0.247744 0.0213426
-0.250813 0.0207649
-0.254204 0.0202949
-0.258119 0.0199702
-0.262846 0.0198636
-0.267841 0.0198509
-0.272043 0.0196744
-0.277721 0.0198964
-0.28116 0.0196063
-0.284461 0.0193219
-0.287707 0.019056
-0.290528 0.0187473
-0.292308 0.0183339
-0.293834 0.0179227
-0.29468 0.0174894
-0.296415 0.0171455
-0.297543 0.0167702
-0.298904 0.0164321
-0.300806 0.0161665
-0.301744 0.015831
-0.302852 0.0155226
-0.303725 0.0152138
-0.304266 0.0149033
-0.305289 0.0146318
-0.306082 0.0143581
-0.365269 0
-0.372936 0.00766654
-0.375602 0.00516716
-0.367825 0.00859225
-0.365874 0.00693566
-0.36187 0.00693531
-0.359971 0.00616139
-0.351374 0.0101187
-0.35194 0.00894188
-0.346256 0.00981211
-0.345144 0.00894482
-0.343408 0.00834794
-0.341563 0.00789753
-0.340689 0.00736372
-0.340428 0.00686021
-0.341303 0.00647642
-0.341517 0.00608731
-0.342748 0.00586971
-0.344169 0.0057312
-0.345264 0.00554624
-0.347293 0.00565236
-0.350166 0.00610721
-0.353364 0.00665451
-0.356957 0.00731445
-0.359542 0.00747674
-0.362589 0.00780299
-0.36306 0.00752321
-0.364063 0.00731855
-0.364437 0.00707158
-0.363914 0.00685175
-0.362922 0.00670094
-0.362184 0.00652997
-0.360775 0.00648388
-0.359817 0.00636282
-0.358728 0.00627357
-0.358383 0.00610656
-0.358472 0.00593988
-0.358486 0.00578147
-0.358893 0.005646
-0.358176 0.00554966
-0.357522 0.00545198
-0.356612 0.00539773
-0.356067 0.00529884
-0.356063 0.00517701
-0.355911 0.00506293
-0.356071 0.00495424
-0.356392 0.00485827
-0.356934 0.00478681
-0.357455 0.00471688
-0.357491 0.00462172
-0.35696 0
-0.34052 0.0164393
-0.338805 0.00964495
-0.334619 0.00800218
-0.326454 0.0102516
-0.32431 0.00864064
-0.321679 0.00776218
-0.321531 0.00672386
-0.323376 0.00621019
-0.325298 0.00587761
-0.330437 0.00739396
-0.333621 0.00746303
-0.335626 0.00715194
-0.33755 0.00689523
-0.337018 0.00644113
-0.337768 0.00607172
-0.338672 0.00577455
-0.338345 0.00545413
-0.339648 0.00532109
-0.338279 0.00523041
-0.336173 0.00540223
-0.334242 0.00550095
-0.331736 0.00582343
-0.329952 0.00585374
-0.329095 0.00567977
-0.328358 0.00550658
-0.328228 0.0053003
-0.329767 0.00533433
-0.331086 0.00531349
-0.333024 0.0054869
-0.334885 0.00562366
-0.337245 0.00593469
-0.338735 0.0059418
-0.34067 0.00608055
-0.342193 0.00609754
-0.344 0.0061952
-0.346008 0.00635129
-0.347703 0.00641004
-0.349724 0.00656244
-0.35147 0.00663037
-0.353414 0.00675227
-0.354779 0.00672962
-0.356357 0.00675796
-0.35766 0.00673002
-0.358761 0.00667025
-0.359557 0.00657197
-0.360726 0.00653593
-0.361437 0.00643771
-0.361984 0.00632868
-0.363168 0.00631291
-0.433514 0
-0.416166 0.0173485
-0.423559 0.0124489
-0.418784 0.0100142
-0.423926 0.00930666
-0.41777 0.0097799
-0.415157 0.00866852
-0.410591 0.0087869
-0.406724 0.00866066
-0.405795 0.00780177
-0.40585 0.00705718
-0.404671 0.00654941
-0.405289 0.00605623
-0.405541 0.00561265
-0.407106 0.00545443
-0.407972 0.00517505
-0.410308 0.00539348
-0.413388 0.00594503
-0.413298 0.00562416
-0.415815 0.00589958
-0.417611 0.00589189
-0.420384 0.00626517
-0.422041 0.00621148
-0.423923 0.00623768
-0.425415 0.0061662
-0.425812 0.0059376
-0.426371 0.00574075
-0.426065 0.00554037
-0.426235 0.00534862
-0.425724 0.00519249
-0.425668 0.00502251
-0.426039 0.0048772
-0.425771 0.00473473
-0.425086 0.0046441
-0.42519 0.00451065
-0.424944 0.00439047
-0.42407 0.00435855
-0.424249 0.00424606
-0.423737 0.00416732
-0.422986 0.00413062
-0.422188 0.00410702
-0.421093 0.00415485
-0.420377 0.0041197
-0.419333 0.00415818
-0.418633 0.00412468
-0.418281 0.00404929
-0.417926 0.00397809
-0.417549 0.00391252
-0.417381 0.00383554
-0.416866 0.00379318
-0.395422 0
-0.394746 0.000676031
-0.39632 0.00162214
-0.401286 0.00509712
-0.39924 0.0044471
-0.404315 0.00623998
-0.407675 0.0062536
-0.410257 0.00599959
-0.409788 0.00531187
-0.412052 0.00526282
-0.41285 0.00482689
-0.413087 0.0044127
-0.412226 0.00414942
-0.411035 0.00402222
-0.410014 0.00388098
-0.408808 0.00382554
-0.406767 0.0041325
-0.406928 0.00389947
-0.40726 0.00370345
-0.407204 0.00351385
-0.408089 0.00345741
-0.408233 0.00329966
-0.407784 0.00318468
-0.407354 0.00307933
-0.407096 0.00296482
-0.406292 0.00295986
-0.406764 0.00288697
-0.406623 0.00278548
-0.407606 0.00286162
-0.407467 0.00276806
-0.407482 0.00267732
-0.406388 0.00281339
-0.405618 0.00283358
-0.404135 0.00312361
-0.402782 0.00332111
-0.401308 0.00354821
-0.400172 0.00363309
-0.398951 0.00374108
-0.397689 0.00385605
-0.396908 0.00383885
-0.396395 0.00377896
-0.394869 0.00399126
-0.39364 0.00408635
-0.392333 0.00420085
-0.390777 0.00439148
-0.390035 0.00435866
-0.389353 0.00431902
-0.388991 0.00424354
-0.389278 0.00416593
-0.389148 0.00408385
-0.392121 0
-0.394625 0.00250455
-0.394342 0.00147342
-0.39122 0.0032917
-0.386953 0.00497027
-0.384723 0.00463053
-0.383214 0.00419462
-0.381575 0.00398532
-0.380646 0.00363545
-0.381943 0.00350102
-0.382875 0.00330113
-0.386846 0.0049848
-0.392225 0.00706826
-0.396478 0.00780452
-0.399013 0.00769508
-0.404396 0.0089881
-0.407778 0.00909504
-0.411882 0.00950653
-0.416163 0.00995945
-0.420823 0.0105351
-0.423546 0.0103842
-0.425533 0.0100982
-0.426722 0.00972221
-0.426711 0.00930831
-0.426418 0.00893301
-0.426134 0.00858726
-0.42519 0.0083168
-0.424542 0.00804047
-0.423596 0.00781575
-0.423209 0.0075606
-0.422154 0.00738837
-0.421896 0.00715843
-0.421444 0.0069528
-0.419741 0.00695686
-0.418506 0.0068671
-0.417197 0.00680094
-0.41597 0.00672741
-0.415198 0.00659333
-0.413875 0.00655684
-0.413344 0.00641286
-0.413199 0.00625616
-0.413319 0.00610657
-0.41362 0.00597042
-0.414132 0.00585559
-0.415041 0.00579571
-0.415723 0.00570922
-0.416386 0.00562566
-0.417031 0.00554485
-0.417976 0.00551216
-0.418497 0.0054258
