0 0
0 0
0 0
0 0
0 0
0 0
0 0
0 0
0 0
0 0
0 0
0 0
0 0
0 0
0.181645 0
0.533687 0
1.04216 0
1.57682 0
0.972553 0
0.861032 0
0.571336 0
0.354159 0
0.361111 0
0.617606 0
0.850064 0
0.629445 0
0.396332 0
0.414942 0
0.359461 0
0.605166 0
0.674671 0
0.662769 0
0.55286 0
0.539801 0
0.449356 0
0.435224 0
0.448574 0
0.611258 0
0.620421 0
0.636629 0
0.375992 0
0.495941 0
0.374676 0
0.400913 0
0.556731 0
0.436305 0
0.411432 0
0.297533 0
0.505813 0
0.449944 0
0.416251 0
0.43111 0
0.514842 0
0.444292 0
0.40425 0
0.490811 0
0.514625 0
0.488627 0
0.587689 0
0.522623 0
0.56066 0
0.471147 0
0.47645 0
0.575938 0
0.558218 0
0.473243 0
0.483801 0
0.445016 0
0.453637 0
0.540111 0
0.569921 0
0.541279 0
0.456361 0
0.483935 0
0.536424 0
0.540022 0
0.492422 0
0.471618 0
0.462779 0
0.487048 0
0.550824 0
0.451523 0
0.493168 0
0.472815 0
0.480036 0
0.491645 0
0.476696 0
0.559605 0
0.52264 0
0.486497 0
0.467809 0
0.465462 0
0.485752 0
0.520056 0
0.500857 0
0.438059 0
0.48881 0
0.492614 0
0.491663 0
0.497267 0
0 0
0 0
0 0
0 0
0 0
0 0
0 0
0 0
0 0
0 0
0 0
0 0
0 0
0 0
0.0908223 0.0642211
0.386071 0.10438
0.926923 0.0814863
1.51446 0.0440952
0.852977 0.0845531
0.74264 0.0837158
0.756371 0.130839
0.669951 0.223299
0.490464 0.0914666
0.545964 0.0506587
0.634139 0.152682
0.639936 0.00741808
0.353591 0.030223
0.515971 0.0714385
0.4888 0.0914564
0.492285 0.0798187
0.651204 0.0165935
0.661394 0.000972299
0.536068 0.0118741
0.64071 0.0713533
0.483745 0.024317
0.427646 0.00535883
0.410681 0.0267945
0.634545 0.0164657
0.609375 0.00781075
0.635755 0.000618358
0.450026 0.0523499
0.499902 0.00280098
0.357302 0.0122854
0.362696 0.0270231
0.518146 0.027284
0.485076 0.0344865
0.34896 0.0441744
0.333212 0.0252294
0.427505 0.0553723
0.470548 0.0145691
0.466008 0.0351839
0.422365 0.00618413
0.48712 0.0196026
0.432851 0.00809
0.407925 0.00259862
0.465562 0.017854
0.569763 0.0389887
0.537325 0.0344344
0.57812 0.00676623
0.562706 0.0283431
0.558051 0.00184516
0.473672 0.00178565
0.511031 0.0244525
0.541761 0.024167
0.526404 0.0224958
0.485329 0.00854575
0.457884 0.0183267
0.456396 0.00804685
0.460616 0.00493492
0.558191 0.0127838
0.555096 0.0104825
0.509785 0.02227
0.454284 0.00146847
0.463729 0.0142878
0.527574 0.00625808
0.524223 0.0111712
0.516903 0.0173108
0.489792 0.012851
0.4847 0.0155006
0.478628 0.00595364
0.542402 0.00595553
0.448441 0.00217885
0.46891 0.0171526
0.462443 0.00733424
0.460353 0.013918
0.503404 0.00831498
0.507515 0.0217925
0.544813 0.0104596
0.52264 0
0.473381 0.00927465
0.44032 0.0194375
0.4785 0.00921937
0.506962 0.0149976
0.495396 0.0174376
0.495815 0.00356536
0.484439 0.0327951
0.487052 0.00124331
0.510413 0.0125854
0.498695 0.00497223
0.483622 0.00964813
0 0
0 0
0 0
0 0
0 0
0 0
0 0
0 0
0 0
0 0
0 0
0 0
0 0
0 0
0.0735228 0.0450839
0.344436 0.0774465
0.805003 0.113405
1.45507 0.0567068
0.999125 0.131974
0.791671 0.0686841
0.686036 0.104434
0.607973 0.157232
0.5767 0.093145
0.574785 0.0411627
0.5955 0.106565
0.618255 0.0183802
0.420941 0.0585665
0.495525 0.0504669
0.527434 0.0686476
0.472426 0.055628
0.602315 0.0414223
0.71227 0.0415455
0.529609 0.00951175
0.526833 0.104442
0.518134 0.0324227
0.51534 0.0716913
0.465643 0.048301
0.635191 0.0109898
0.555986 0.0439021
0.586492 0.0402252
0.497441 0.0521228
0.515483 0.0128579
0.372662 0.0149787
0.35188 0.0200636
0.474967 0.039671
0.483758 0.0230162
0.384928 0.0415906
0.368489 0.0333545
0.412617 0.0388649
0.444376 0.0234735
0.45941 0.0240667
0.43111 0.0082455
0.461378 0.0247498
0.4373 0.00650272
0.429975 0.0180869
0.466891 0.011952
0.568196 0.026024
0.572816 0.0369697
0.606827 0.023869
0.571442 0.0201969
0.573583 0.0127417
0.476197 0.00238086
0.510216 0.0163153
0.513449 0.0281771
0.504211 0.0235218
0.473031 0.0115446
0.457472 0.0122224
0.467776 0.0107291
0.480971 0.0169427
0.550281 0.0106931
0.527826 0.0233366
0.501066 0.0164652
0.444766 0.00783311
0.458846 0.010326
0.527246 0.00418063
0.512734 0.0119781
0.518846 0.0116491
0.515993 0.0230448
0.473998 0.0135331
0.485321 0.00675383
0.554614 0.0107328
0.429748 0.0153322
0.460958 0.0131498
0.455854 0.0072696
0.459015 0.00934272
0.499111 0.00655859
0.49785 0.0165333
0.540357 0.00786496
0.51091 0.0095778
0.472302 0.00624553
0.455925 0.018173
0.470243 0.00912326
0.51148 0.0106573
0.51527 0.0199615
0.508599 0.0107051
0.481147 0.0220279
0.49389 0.00564429
0.503619 0.0100583
0.50629 0.00703117
0.476317 0.00877175
0 0
0 0
0 0
0 0
0 0
0 0
0 0
0 0
0 0
0 0
0 0
0 0
0 0
0 0
0.094066 0.0382077
0.32078 0.0615919
0.977027 0.171547
1.36524 0.0886602
0.974546 0.101243
0.830537 0.0615347
0.650868 0.0840382
0.556325 0.126122
0.61847 0.078669
0.562021 0.0327913
0.593227 0.0799482
0.586433 0.0308141
0.463359 0.0572613
0.485302 0.0388719
0.503918 0.0553673
0.514234 0.0552409
0.541937 0.0608217
0.69302 0.0353388
0.550277 0.019268
0.517917 0.078711
0.566853 0.0486973
0.544572 0.0594299
0.440893 0.0420919
0.608348 0.0246652
0.570714 0.0353107
0.585034 0.0301953
0.498273 0.0390988
0.472966 0.0380625
0.413202 0.0368619
0.370988 0.0223669
0.438564 0.0433493
0.476508 0.0183685
0.425314 0.0468643
0.39157 0.0320209
0.404883 0.0299083
0.446603 0.0177105
0.454773 0.0184914
0.449631 0.0171899
0.477467 0.0232099
0.44739 0.0100073
0.43342 0.0138895
0.478851 0.0136981
0.570191 0.0195943
0.559198 0.0301315
0.609219 0.0180212
0.574268 0.0153442
0.554882 0.0188048
0.492431 0.014172
0.488327 0.0225632
0.519935 0.0218665
0.515581 0.0202033
0.503298 0.0276048
0.466831 0.0122363
0.460439 0.0102531
0.457563 0.0239259
0.527258 0.0214906
0.508975 0.0239344
0.484429 0.0189759
0.450261 0.00756024
0.462213 0.00827546
0.518969 0.00782356
0.51405 0.00905567
0.526346 0.0108866
0.5141 0.0173612
0.468758 0.0111182
0.47539 0.00998127
0.543455 0.0125777
0.445565 0.0178852
0.466003 0.0107869
0.456181 0.00545951
0.4572 0.00718125
0.500791 0.00512957
0.50788 0.0151397
0.519149 0.0192906
0.511229 0.00718868
0.457198 0.0138936
0.45523 0.013643
0.482901 0.0129223
0.517168 0.0093889
0.523334 0.0165199
0.510636 0.00822038
0.486832 0.017239
0.500898 0.00740019
0.502733 0.00758255
0.495461 0.0107591
0.463155 0.013161
0 0
0 0
0 0
0 0
0 0
0 0
0 0
0 0
0 0
0 0
0 0
0 0
0 0
0 0
0.0960122 0.0306157
0.424678 0.105185
0.990054 0.137731
1.30956 0.0866654
0.913562 0.0976492
0.822286 0.049778
0.640156 0.0679099
0.598529 0.107728
0.683416 0.085646
0.567209 0.0266403
0.596409 0.0640219
0.557269 0.0358905
0.427417 0.0559636
0.484219 0.0311126
0.484433 0.047599
0.522387 0.0447902
0.53739 0.048827
0.656719 0.0430519
0.55131 0.0154421
0.540287 0.0660712
0.554358 0.0405291
0.581598 0.0579413
0.439561 0.0336946
0.585644 0.0283149
0.586915 0.0317484
0.556526 0.0351241
0.50343 0.0316173
0.455061 0.0344044
0.410029 0.0296257
0.394567 0.0276577
0.439873 0.0346992
0.479013 0.0148645
0.439702 0.0396385
0.433236 0.0452228
0.418108 0.0266911
0.446158 0.014174
0.467828 0.0188461
0.464858 0.0193552
0.479001 0.0186186
0.461835 0.0151988
0.457538 0.0242647
0.486027 0.0126998
0.551726 0.0227702
0.552512 0.0248358
0.580991 0.0290743
0.565943 0.0143571
0.554547 0.0150468
0.482979 0.0141425
0.503696 0.0226892
0.525992 0.018313
0.512564 0.0163864
0.507592 0.0224153
0.453317 0.0155543
0.465021 0.0091693
0.463175 0.019788
0.527456 0.0171934
0.496567 0.0221316
0.475194 0.0172824
0.458438 0.00949067
0.454333 0.00967002
0.504957 0.0140094
0.506606 0.00983968
0.518349 0.0112701
0.517599 0.0142371
0.460299 0.0116769
0.475131 0.00798838
0.534232 0.0130112
0.461958 0.0204867
0.466224 0.0086318
0.449488 0.00741033
0.464595 0.00876124
0.516581 0.0147079
0.516742 0.0144753
0.513126 0.016346
0.508494 0.00624965
0.44507 0.0155312
0.454814 0.0109207
0.48339 0.0103471
0.516626 0.00752676
0.510254 0.0176499
0.510758 0.00657721
0.500178 0.0182393
0.501118 0.00592341
0.501284 0.00620308
0.483732 0.0135699
0.460826 0.0107329
0 0
0 0
0 0
0 0
0 0
0 0
0 0
0 0
0 0
0 0
0 0
0 0
0 0
0 0
0.116772 0.0317812
0.433384 0.0880134
0.948634 0.120843
1.26353 0.0835545
0.93668 0.0840663
0.800043 0.0461848
0.671969 0.0636082
0.655195 0.10361
0.69707 0.0724519
0.599489 0.0368943
0.591711 0.0535236
0.522439 0.0436513
0.404751 0.0510203
0.452226 0.0390532
0.482081 0.0397239
0.494375 0.045244
0.539737 0.0407455
0.660019 0.0360028
0.536498 0.018666
0.555201 0.0567175
0.579653 0.0409135
0.582104 0.0482866
0.45506 0.0314419
0.573742 0.0259769
0.576237 0.0281955
0.535771 0.0348669
0.503264 0.0263482
0.453952 0.0286882
0.416727 0.025434
0.388174 0.0237755
0.440516 0.028922
0.509901 0.0307981
0.464648 0.0401215
0.449323 0.0404456
0.455155 0.0404776
0.443819 0.0120031
0.472072 0.016176
0.466951 0.016242
0.471939 0.0168017
0.491963 0.0302792
0.491684 0.0371557
0.481361 0.0114082
0.549817 0.019055
0.542965 0.0224566
0.560312 0.0307147
0.546647 0.0212941
0.532702 0.0235562
0.485697 0.0120437
0.50847 0.0194033
0.514013 0.0187742
0.521922 0.0161074
0.499005 0.0202576
0.448936 0.013565
0.463085 0.00784293
0.473992 0.0192207
0.516571 0.0174363
0.503759 0.0195769
0.470906 0.0149245
0.472975 0.0154485
0.447985 0.00992565
0.491271 0.0170986
0.4951 0.013325
0.507733 0.0134954
0.509708 0.0138796
0.478796 0.0194881
0.477693 0.00705583
0.539594 0.0118964
0.47049 0.0187649
0.459087 0.00970503
0.448157 0.00629363
0.469972 0.00879723
0.513047 0.012674
0.522469 0.0131466
0.511842 0.0136719
0.501618 0.00815591
0.449874 0.0136653
0.453759 0.00915144
0.483878 0.0086341
0.504517 0.0127097
0.495396 0.0200079
0.516289 0.00745224
0.49536 0.0158229
0.511522 0.0107031
0.484959 0.0157735
0.480084 0.0117882
0.462122 0.00902196
0 0
0 0
0 0
0 0
0 0
0 0
0 0
0 0
0 0
0 0
0 0
0 0
0 0
0 0
0.103797 0.0297719
0.463934 0.080568
0.899008 0.113313
1.21157 0.0862781
0.890558 0.0837589
0.800555 0.0395898
0.758689 0.0970499
0.702416 0.098986
0.690654 0.0623851
0.589372 0.0329817
0.59485 0.0459693
0.503556 0.0412983
0.427972 0.0487304
0.437622 0.0361019
0.465044 0.0375252
0.470336 0.0447132
0.509984 0.0444803
0.660019 0.0308595
0.593088 0.0547807
0.574537 0.0518064
0.579708 0.0350688
0.549366 0.0512994
0.459693 0.0272894
0.568567 0.0227755
0.578341 0.0242459
0.534689 0.0299027
0.491975 0.0248855
0.479417 0.0340658
0.408993 0.0229463
0.395556 0.0214946
0.457906 0.0295594
0.496375 0.0292182
0.489679 0.0414693
0.471871 0.0404677
0.454934 0.0346957
0.460445 0.0185147
0.484734 0.0181568
0.4755 0.0160147
0.486837 0.0199413
0.493597 0.0259977
0.504788 0.03408
0.490305 0.0128134
0.547354 0.0164913
0.525887 0.0249095
0.563311 0.0264729
0.525155 0.0270007
0.508365 0.0302549
0.484134 0.0104241
0.498506 0.0190183
0.509034 0.0167395
0.520641 0.0138572
0.502049 0.0175909
0.451536 0.0118738
0.460674 0.00708313
0.474823 0.0164928
0.504841 0.0184743
0.487405 0.0226014
0.480502 0.0155747
0.485064 0.0173383
0.455285 0.0108658
0.490768 0.0146634
0.482299 0.016459
0.505812 0.0117034
0.507382 0.0120901
0.488401 0.0189239
0.480263 0.00649911
0.538672 0.0102326
0.482982 0.0198105
0.473521 0.0157411
0.446423 0.00562818
0.476869 0.00988131
0.498097 0.0175951
0.503842 0.0206005
0.511588 0.0117211
0.501834 0.00699363
0.452769 0.0120161
0.462097 0.0110054
0.479385 0.00848981
0.494227 0.0144718
0.486209 0.0191427
0.503302 0.0136154
0.490722 0.014226
0.507942 0.00975429
0.482813 0.0136654
0.484029 0.0107438
0.460251 0.00792463
0 0
0 0
0 0
0 0
0 0
0 0
0 0
0 0
0 0
0 0
0 0
0 0
0 0
0 0
0.0973096 0.0267479
0.474073 0.071132
0.890597 0.0994604
1.16925 0.085241
0.875896 0.0745614
0.778517 0.040311
0.805876 0.0957048
0.734881 0.0917823
0.669673 0.058008
0.571903 0.0331643
0.571634 0.0457112
0.484148 0.04044
0.445388 0.0456453
0.474026 0.0464486
0.479142 0.0353837
0.471512 0.0391395
0.501236 0.0397711
0.643518 0.0311022
0.588383 0.0481348
0.594815 0.049139
0.593505 0.0332887
0.532392 0.0476126
0.46752 0.0249756
0.553043 0.024658
0.553915 0.0311793
0.55399 0.0317895
0.517613 0.032393
0.472372 0.0305274
0.423777 0.0243798
0.406501 0.0214137
0.472843 0.0293972
0.47931 0.0301403
0.487944 0.0363219
0.479257 0.0360771
0.47333 0.0348966
0.482242 0.0260419
0.486473 0.0159703
0.475868 0.014017
0.502961 0.0230639
0.499828 0.0234829
0.512433 0.0306655
0.490811 0.0112217
0.53589 0.0179784
0.510294 0.0262265
0.561574 0.0232207
0.52349 0.0236769
0.501109 0.0273293
0.483593 0.00913516
0.505268 0.0178024
0.502761 0.0157784
0.513285 0.0139415
0.491928 0.0180703
0.446159 0.0115432
0.45984 0.00624667
0.473992 0.0144521
0.494914 0.0186424
0.485023 0.0199014
0.476422 0.0141522
0.487447 0.0153339
0.459435 0.0102694
0.497151 0.0141517
0.478384 0.01486
0.504954 0.0102718
0.507796 0.0105859
0.500864 0.0202507
0.487588 0.00890424
0.542033 0.00948963
0.489988 0.0185318
0.474724 0.0138193
0.450848 0.00643269
0.478507 0.00878086
0.499251 0.0154335
0.503001 0.0180425
0.499634 0.0151726
0.491456 0.0114756
0.446339 0.0121131
0.460978 0.00968638
0.47903 0.007436
0.491493 0.0129185
0.477603 0.0185843
0.49253 0.0156033
0.478118 0.0171454
0.501814 0.0102812
0.481921 0.0119863
0.493949 0.0132091
0.468186 0.0101573
0 0
0 0
0 0
0 0
0 0
0 0
0 0
0 0
0 0
0 0
0 0
0 0
0 0
0 0
0.0951472 0.0238631
0.507192 0.0705183
0.905211 0.0894764
1.15515 0.076928
0.847662 0.0714224
0.813994 0.0490179
0.804343 0.0850832
0.701104 0.0875789
0.662935 0.0519524
0.56161 0.0310357
0.554082 0.0438727
0.482108 0.0359981
0.472318 0.0478626
0.481493 0.0418835
0.488614 0.0326954
0.476259 0.0350774
0.49704 0.0355728
0.639852 0.0278617
0.586158 0.0428379
0.590593 0.04386
0.600414 0.0302986
0.544692 0.0438823
0.473381 0.0228777
0.53946 0.0253854
0.562327 0.0288275
0.551707 0.0283392
0.530715 0.0313315
0.473758 0.0271669
0.43259 0.0232092
0.4195 0.0226387
0.473895 0.0261497
0.477607 0.0268394
0.483088 0.032609
0.476267 0.0321922
0.486478 0.0334044
0.496226 0.0266393
0.501736 0.0202138
0.47764 0.0125711
0.493721 0.0222757
0.497895 0.0209531
0.512867 0.0272613
0.491796 0.0100179
0.536376 0.0159874
0.519717 0.024948
0.560843 0.0206522
0.521338 0.0211437
0.489667 0.0265803
0.476518 0.0105085
0.509595 0.0163419
0.506756 0.0145222
0.510261 0.0127163
0.485965 0.017018
0.431691 0.0170684
0.458193 0.00576566
0.477611 0.0132917
0.488574 0.0176162
0.488782 0.0180417
0.469393 0.0142183
0.481859 0.014613
0.459463 0.00912837
0.489387 0.0145543
0.480126 0.0133106
0.512111 0.0113531
0.515791 0.0120568
0.512034 0.0208548
0.49482 0.010447
0.538892 0.00893991
0.502011 0.019996
0.482877 0.0144904
0.451245 0.00573018
0.476172 0.00810989
0.501102 0.0138292
0.496026 0.0173338
0.490258 0.0161257
0.485784 0.0115171
0.44376 0.0110383
0.459071 0.00879576
0.472416 0.0090871
0.482279 0.0143988
0.479233 0.0165907
0.486189 0.0151031
0.469611 0.017222
0.495876 0.0107175
0.478835 0.0110446
0.493445 0.011751
0.470437 0.0092748
0 0
0 0
0 0
0 0
0 0
0 0
0 0
0 0
0 0
0 0
0 0
0 0
0 0
0 0
0.0934172 0.0215394
0.505299 0.0634918
0.912894 0.0808579
1.15812 0.0692925
0.835439 0.0653177
0.828744 0.0462819
0.782341 0.0793687
0.717763 0.0803897
0.687189 0.0521119
0.554363 0.0287657
0.536859 0.0427327
0.472084 0.0337652
0.48065 0.0437957
0.500456 0.041768
0.496863 0.0304488
0.481938 0.032026
0.508643 0.033855
0.625918 0.0283464
0.575078 0.0399614
0.570438 0.043861
0.604796 0.0275837
0.548253 0.0396383
0.485033 0.0233698
0.546252 0.0237381
0.584706 0.0335238
0.546732 0.0259383
0.536039 0.0286471
0.478511 0.0248626
0.439338 0.0218473
0.433649 0.0243989
0.470052 0.0238155
0.481122 0.0243846
0.483621 0.0293525
0.470609 0.0294659
0.480059 0.0306746
0.500396 0.0242996
0.506885 0.0188366
0.489655 0.0160604
0.489496 0.0204447
0.492725 0.0194851
0.517164 0.0248717
0.491609 0.00901786
0.542322 0.0154548
0.526925 0.0234715
0.564006 0.0188276
0.51715 0.0194397
0.483271 0.0246796
0.470353 0.0111199
0.504325 0.0155344
0.49283 0.0185844
0.505939 0.012157
0.492517 0.0165293
0.44116 0.0177953
0.457414 0.0052414
0.471666 0.0132254
0.486665 0.0159576
0.483664 0.0169481
0.465959 0.0132046
0.481386 0.0131594
0.45504 0.009225
0.487551 0.0132141
0.485302 0.0129468
0.522266 0.0140434
0.521824 0.0122679
0.502193 0.0209631
0.493654 0.00946713
0.540633 0.00821362
0.51467 0.0216354
0.491403 0.0153465
0.456533 0.00719484
0.475335 0.00734192
0.499671 0.0125201
0.490154 0.0165652
0.47987 0.0175429
0.482641 0.0107859
0.442583 0.00999703
0.453281 0.00963535
0.473676 0.00826533
0.48336 0.0129994
0.475917 0.0152594
0.48078 0.0145291
0.466066 0.0158602
0.486905 0.0128633
0.472691 0.0115227
0.491523 0.0107319
0.470226 0.00834972
0 0
0 0
0 0
0 0
0 0
0 0
0 0
0 0
0 0
0 0
0 0
0 0
0 0
0 0
0.0955404 0.0196857
0.50788 0.0577723
0.909159 0.0735934
1.12572 0.0701581
0.841382 0.0596495
0.857119 0.050022
0.800933 0.0742991
0.713685 0.073185
0.670775 0.0498926
0.556519 0.0262313
0.537231 0.0388495
0.50203 0.0419223
0.491353 0.0411013
0.498914 0.0379993
0.51308 0.0317065
0.479743 0.0291897
0.513603 0.0311385
0.628018 0.0258471
0.55286 0.0420537
0.555496 0.0423427
0.601086 0.0253243
0.556875 0.0369606
0.507043 0.0298622
0.543164 0.0217799
0.593308 0.0315607
0.538686 0.0247966
0.531773 0.0263584
0.492196 0.0260979
0.462577 0.0297559
0.44693 0.0255408
0.471167 0.0216765
0.480762 0.0221704
0.484746 0.0267056
0.46664 0.0270532
0.47797 0.027957
0.489127 0.0245649
0.500591 0.0181452
0.50781 0.0226457
0.496661 0.0198017
0.486936 0.018554
0.517925 0.0226222
0.496288 0.0093335
0.538095 0.0146167
0.52652 0.0213412
0.559853 0.0175682
0.508607 0.019459
0.486714 0.0226749
0.468851 0.0102099
0.503061 0.0141735
0.483404 0.0191365
0.499063 0.0128499
0.495101 0.0152274
0.448515 0.017632
0.460099 0.0054088
0.470503 0.0120741
0.480379 0.0156965
0.483569 0.0154076
0.46281 0.0123741
0.479299 0.0121273
0.457162 0.00862689
0.488016 0.012021
0.495281 0.015135
0.521715 0.0127775
0.516971 0.0120745
0.497805 0.0195112
0.499099 0.0100508
0.53643 0.00847457
0.516885 0.0197816
0.493386 0.0140789
0.459507 0.00712922
0.477187 0.00690408
0.501758 0.0115546
0.486908 0.015374
0.476393 0.016289
0.474177 0.012699
0.446761 0.00992293
0.456934 0.0094265
0.474174 0.00752891
0.479837 0.0122857
0.476042 0.0138727
0.479633 0.0132535
0.461208 0.0151442
0.478154 0.0143658
0.464977 0.0127996
0.489925 0.00987458
0.472108 0.00779986
0 0
0 0
0 0
0 0
0 0
0 0
0 0
0 0
0 0
0 0
0 0
0 0
0 0
0 0
0.0875787 0.0195892
0.504353 0.0530655
0.920242 0.0682901
1.14104 0.0659631
0.867592 0.0601621
0.877177 0.0497126
0.778553 0.0713984
0.696021 0.0691849
0.675511 0.0459592
0.584255 0.0358241
0.542465 0.035963
0.502157 0.038429
0.490235 0.0376914
0.501538 0.0349232
0.524074 0.0309118
0.481833 0.0268319
0.516514 0.0286794
0.623809 0.0240333
0.550492 0.0386159
0.557632 0.038868
0.596848 0.0235659
0.556842 0.0338805
0.51702 0.0289927
0.54512 0.0200525
0.584215 0.0302123
0.537083 0.022782
0.536399 0.0245643
0.509013 0.0288367
0.476151 0.0302142
0.453671 0.0242857
0.478986 0.0212337
0.487054 0.0211967
0.485472 0.02449
0.466961 0.0248007
0.4742 0.0258802
0.480108 0.0241169
0.502034 0.0166904
0.505877 0.0208409
0.503621 0.0193363
0.494267 0.0183993
0.513734 0.0211215
0.494872 0.00866248
0.533361 0.0141445
0.524325 0.0196753
0.552537 0.0175614
0.499626 0.0198019
0.484738 0.0208714
0.468621 0.0093617
0.505035 0.0131291
0.480964 0.0176967
0.492677 0.0132712
0.491319 0.0144206
0.451713 0.01645
0.468126 0.00914562
0.470745 0.0110704
0.476505 0.0148587
0.480791 0.014372
0.458806 0.0119731
0.481412 0.0112991
0.463771 0.010128
0.491271 0.0114516
0.498411 0.0141937
0.51531 0.0132208
0.513191 0.0116448
0.496805 0.0179109
0.501728 0.00955108
0.535208 0.00785595
0.513972 0.0183464
0.493134 0.0129079
0.459834 0.00654258
0.47717 0.00632876
0.499484 0.0108131
0.493321 0.0153724
0.478426 0.0150579
0.474325 0.0116417
0.446949 0.00909781
0.457035 0.0086415
0.477088 0.00744403
0.476423 0.0117267
0.47162 0.0134029
0.470731 0.0148402
0.460526 0.0138976
0.479725 0.0132544
0.465366 0.0117389
0.485757 0.00989229
0.47069 0.0072776
0 0
0 0
0 0
0 0
0 0
0 0
0 0
0 0
0 0
0 0
0 0
0 0
0 0
0 0
0.083836 0.0184364
0.503116 0.0489979
0.981266 0.086088
1.16497 0.0650842
0.876892 0.0562485
0.875383 0.0459209
0.782091 0.0659938
0.699238 0.0639377
0.66335 0.0440035
0.604684 0.0384544
0.537104 0.0335939
0.501942 0.0354735
0.494668 0.0350519
0.499873 0.0322765
0.52149 0.0286418
0.481672 0.0247684
0.515818 0.0264817
0.627229 0.0224266
0.559418 0.0366625
0.558879 0.0358981
0.592204 0.022206
0.551484 0.0316951
0.525306 0.0279212
0.53334 0.0216958
0.589832 0.0284057
0.538417 0.0210686
0.552855 0.0276424
0.508738 0.0266198
0.487986 0.0301187
0.473352 0.0293276
0.482635 0.0199113
0.495723 0.0212653
0.482495 0.0227864
0.473745 0.0238027
0.467797 0.0246688
0.475303 0.0227353
0.502514 0.0154134
0.499335 0.0202387
0.503494 0.0178493
0.494016 0.0169857
0.514641 0.0195162
0.49381 0.00806097
0.529421 0.0135941
0.521516 0.0183613
0.54193 0.0191475
0.502462 0.0184807
0.485359 0.0192751
0.462544 0.0104293
0.497194 0.01427
0.471975 0.0184779
0.490554 0.012419
0.485671 0.0143746
0.456744 0.0159356
0.473535 0.00991378
0.478735 0.0127806
0.478008 0.0137915
0.47599 0.0140454
0.456281 0.0113153
0.487871 0.0121369
0.469868 0.0110327
0.491038 0.0105731
0.497046 0.0131674
0.512258 0.0125511
0.507687 0.0119797
0.496299 0.0165403
0.499603 0.00904984
0.529801 0.00892042
0.510843 0.0171998
0.497547 0.0126469
0.468389 0.0102001
0.479654 0.00631071
0.496957 0.0102724
0.493108 0.0141913
0.48075 0.0140778
0.475978 0.0108628
0.446794 0.0083993
0.452917 0.00890405
0.475542 0.00703016
0.475939 0.0108347
0.467013 0.0131397
0.469758 0.0137305
0.460271 0.0128309
0.48234 0.0124901
0.460771 0.0117007
0.485843 0.00913172
0.471525 0.00676561
0 0
0 0
0 0
0 0
0 0
0 0
0 0
0 0
0 0
0 0
0 0
0 0
0 0
0 0
0.084335 0.0171262
0.535309 0.0550678
1.035 0.0952455
1.18293 0.0628656
0.893974 0.0547633
0.863595 0.0441279
0.771674 0.0620965
0.708319 0.0600121
0.670635 0.041459
0.611959 0.0363894
0.538677 0.0312312
0.502357 0.0329421
0.493195 0.0325791
0.50927 0.0313091
0.512076 0.0281005
0.490717 0.0245954
0.521298 0.0251507
0.613464 0.0246906
0.547324 0.0359833
0.556995 0.0333834
0.581673 0.0229817
0.548748 0.0295491
0.536211 0.0279756
0.549855 0.0256739
0.599644 0.0280201
0.530941 0.020848
0.561731 0.0270555
0.506919 0.0247805
0.508058 0.0340041
0.491561 0.032396
0.485565 0.0187034
0.497128 0.0197927
0.479583 0.0213441
0.474549 0.0221161
0.47565 0.0241244
0.48264 0.0222638
0.496811 0.0153313
0.491963 0.0200909
0.491788 0.0200492
0.491486 0.0159597
0.511219 0.0184199
0.493976 0.00748688
0.520914 0.015051
0.525062 0.0173889
0.538592 0.0180686
0.497571 0.0177963
0.483122 0.0180276
0.458675 0.0103773
0.495562 0.0133436
0.468427 0.0174953
0.482783 0.0137497
0.48074 0.0141685
0.459338 0.015007
0.47475 0.00927973
0.478645 0.011868
0.483776 0.0139604
0.480346 0.0137011
0.45812 0.0106554
0.49174 0.0118704
0.47127 0.0103333
0.488169 0.0101997
0.493174 0.0127835
0.511507 0.0116771
0.508518 0.0111528
0.490046 0.0164987
0.496701 0.00885634
0.532385 0.00864956
0.50957 0.0160183
0.498552 0.0117833
0.470495 0.00968637
0.480691 0.0059446
0.500337 0.0100794
0.494958 0.0132977
0.477574 0.0134258
0.47717 0.0101522
0.446102 0.00782785
0.454528 0.00841253
0.474519 0.00660197
0.474863 0.0101141
0.461616 0.0132635
0.470953 0.0128017
0.465716 0.0130186
0.479621 0.0118903
0.459314 0.0109554
0.483466 0.00878335
0.469387 0.0066117
0 0
0 0
0 0
0 0
0 0
0 0
0 0
0 0
0 0
0 0
0 0
0 0
0 0
0 0
0.0890924 0.0166321
0.576079 0.0647533
1.03281 0.0889211
1.17059 0.0598744
0.901339 0.0516052
0.878731 0.043705
0.78602 0.0595907
0.711467 0.0560938
0.683776 0.0407244
0.618594 0.034563
0.562467 0.0371199
0.513347 0.0325277
0.491141 0.0304718
0.502982 0.0298467
0.507725 0.0265618
0.493957 0.0231681
0.511381 0.0253541
0.6019 0.0256095
0.545454 0.033633
0.552769 0.0314242
0.582634 0.0214697
0.551573 0.0277139
0.543614 0.0270723
0.55382 0.0242664
0.604589 0.0265848
0.527493 0.0197412
0.576411 0.0289618
0.506398 0.023134
0.518 0.0331589
0.49494 0.030412
0.486543 0.0174821
0.500367 0.0187363
0.488922 0.0218692
0.48347 0.0223688
0.480755 0.0230498
0.48395 0.0208181
0.486661 0.0173468
0.480635 0.0217113
0.494909 0.018954
0.4912 0.0148983
0.50862 0.0173742
0.491875 0.00727657
0.512117 0.0164183
0.5168 0.0180861
0.540642 0.0169799
0.490453 0.0179768
0.479742 0.0171397
0.456283 0.00995715
0.495825 0.0124566
0.466255 0.0164632
0.480422 0.0130343
0.483378 0.0134673
0.458007 0.0140654
0.473766 0.00871309
0.475 0.011623
0.484669 0.0130583
0.483389 0.0131213
0.461422 0.0104442
0.494954 0.0115059
0.472687 0.00974108
0.485224 0.00993589
0.489403 0.012475
0.511914 0.0109057
0.507179 0.0104894
0.488937 0.015436
0.500145 0.00891042
0.525248 0.0106166
0.508549 0.014983
0.496616 0.0111557
0.474537 0.00984815
0.482966 0.00596774
0.503117 0.00978341
0.495029 0.0124113
0.478741 0.0125815
0.478878 0.00961786
0.447 0.00735741
0.456769 0.00814455
0.472524 0.00645609
0.475929 0.00949582
0.460663 0.0124134
0.471174 0.0119502
0.468061 0.0123602
0.479823 0.0110994
0.458663 0.0102443
0.477262 0.0101552
0.468471 0.00623408
0 0
0 0
0 0
0 0
0 0
0 0
0 0
0 0
0 0
0 0
0 0
0 0
0 0
0 0
0.0835241 0.0164984
0.55001 0.0657448
1.00772 0.0868321
1.18261 0.0573273
0.935185 0.0584347
0.907223 0.049395
0.80547 0.0589552
0.731191 0.0559486
0.685842 0.0382315
0.632737 0.0351777
0.580442 0.0389093
0.496999 0.0343582
0.488373 0.0286928
0.518001 0.0315345
0.507277 0.0249055
0.48523 0.023306
0.515353 0.0240786
0.597798 0.0243353
0.544141 0.0315565
0.554238 0.0294945
0.579749 0.0203207
0.548767 0.0261234
0.541387 0.0254718
0.550254 0.0230102
0.613287 0.0263079
0.530269 0.0187016
0.58624 0.0287715
0.513271 0.022686
0.521695 0.0312916
0.497265 0.0286
0.483781 0.0166062
0.499741 0.0175757
0.49457 0.0212191
0.484473 0.0209932
0.479783 0.0216296
0.488298 0.0199659
0.48955 0.0165015
0.484999 0.0207884
0.492751 0.0178917
0.486063 0.0148262
0.501523 0.0176786
0.491088 0.00686413
0.504527 0.0170568
0.51148 0.017721
0.539197 0.0159801
0.488562 0.0169525
0.479348 0.016073
0.455228 0.00939058
0.498937 0.0120605
0.46685 0.015445
0.473354 0.0140054
0.48024 0.0129861
0.457691 0.0131899
0.476536 0.0085976
0.472866 0.0110909
0.485062 0.0122481
0.485469 0.0124649
0.461475 0.00979153
0.495008 0.0107869
0.471369 0.00922094
0.479297 0.0109407
0.4876 0.0118249
0.508801 0.010659
0.507313 0.00983465
0.490789 0.014582
0.506208 0.0102099
0.521241 0.0106828
0.505216 0.0144125
0.49828 0.0105818
0.481132 0.0112258
0.48983 0.0086871
0.50177 0.00926421
0.498009 0.0119881
0.480387 0.0119023
0.476474 0.00931237
0.444614 0.00727424
0.456376 0.00764499
0.472694 0.00605482
0.47421 0.00905646
0.460785 0.0116382
0.470738 0.0112113
0.471254 0.011993
0.482693 0.0107702
0.459816 0.00966871
0.472256 0.0106836
0.467755 0.00588537
0 0
0 0
0 0
0 0
0 0
0 0
0 0
0 0
0 0
0 0
0 0
0 0
0 0
0 0
0.0854798 0.0156434
0.546378 0.0619777
0.997952 0.0822714
1.18012 0.0540092
0.945824 0.0559574
0.935318 0.05389
0.827979 0.0596295
0.752762 0.0566634
0.674032 0.0377626
0.642601 0.0344635
0.58828 0.0374017
0.508246 0.0341282
0.485701 0.0271291
0.522975 0.0300694
0.503325 0.023752
0.492654 0.0230872
0.527658 0.0256141
0.600488 0.0230519
0.532952 0.0316216
0.554247 0.0277595
0.572079 0.020522
0.548202 0.0245929
0.533397 0.0251954
0.548706 0.0217087
0.610133 0.0249488
0.53704 0.0187873
0.59276 0.027808
0.523995 0.0237515
0.519801 0.0295082
0.491937 0.0274095
0.487748 0.0160962
0.502522 0.0167606
0.485225 0.0219323
0.490196 0.0205236
0.487661 0.0217446
0.491087 0.0189851
0.484546 0.0162719
0.487276 0.0196899
0.491372 0.0168924
0.482821 0.0143042
0.501421 0.016639
0.489613 0.00661704
0.501651 0.016294
0.509213 0.0168229
0.539235 0.0150401
0.485169 0.0162912
0.481193 0.015233
0.459899 0.0099323
0.497614 0.0114234
0.464628 0.0146954
0.472751 0.0131946
0.476985 0.0126236
0.455451 0.0126027
0.47211 0.00916055
0.469511 0.0109341
0.484844 0.0115295
0.485915 0.0117397
0.46551 0.0100125
0.494567 0.0101614
0.468394 0.00914593
0.473923 0.0115418
0.482319 0.0122517
0.509621 0.0100634
0.504305 0.00970537
0.493206 0.013923
0.510415 0.0104401
0.524888 0.0106589
0.507906 0.0138135
0.505904 0.0124054
0.481081 0.0105656
0.493098 0.00876938
0.503722 0.00892246
0.490341 0.0135149
0.47947 0.0112374
0.47468 0.0089356
0.444613 0.00684635
0.459283 0.0077282
0.472806 0.00569968
0.472131 0.00875911
0.461848 0.011002
0.468141 0.0108483
0.472135 0.0113198
0.484587 0.0103018
0.461712 0.00928391
0.472653 0.0100625
0.468583 0.00559711
0 0
0 0
0 0
0 0
0 0
0 0
0 0
0 0
0 0
0 0
0 0
0 0
0 0
0 0
0.0850558 0.0147801
0.545673 0.0585385
1.00653 0.0781468
1.20662 0.0571381
0.972996 0.0590785
0.912854 0.0553805
0.850511 0.0604242
0.772264 0.0567723
0.67641 0.0357394
0.645878 0.0327044
0.588428 0.0353241
0.514513 0.0328026
0.488724 0.0257897
0.523989 0.0284159
0.506531 0.0226478
0.495072 0.0219309
0.543322 0.028582
0.595086 0.0223951
0.53492 0.029926
0.565467 0.0283944
0.561058 0.0221444
0.539399 0.0247519
0.528002 0.0243664
0.54582 0.0206935
0.60242 0.0247263
0.53616 0.0177642
0.5907 0.0263394
0.529039 0.0229612
0.523741 0.0281307
0.488402 0.0261137
0.489207 0.0152679
0.499503 0.0160991
0.484561 0.0207239
0.49535 0.0200201
0.494599 0.0216151
0.491833 0.0179451
0.481108 0.0157268
0.490215 0.018814
0.496581 0.0167379
0.480204 0.0137469
0.497146 0.0162547
0.487465 0.00658893
0.498193 0.0157516
0.513343 0.0163873
0.536877 0.0143883
0.489734 0.0160128
0.480306 0.0144125
0.461005 0.00944187
0.498301 0.0108094
0.463179 0.0139502
0.470502 0.0126517
0.469745 0.0138437
0.454284 0.0119565
0.469573 0.008996
0.469986 0.010337
0.48556 0.0109112
0.484512 0.011171
0.468178 0.00980507
0.491117 0.0101655
0.465469 0.0090936
0.472369 0.0110047
0.479195 0.0119627
0.510401 0.00953457
0.5063 0.0093691
0.492795 0.0131555
0.514994 0.0108177
0.523896 0.0101128
0.511324 0.0134624
0.505241 0.0117339
0.479447 0.0101041
0.492946 0.00828352
0.50498 0.00851496
0.49013 0.0127657
0.478931 0.010626
0.477074 0.00875386
0.444101 0.00648512
0.460848 0.00745579
0.472814 0.00538304
0.472321 0.00827455
0.458301 0.0109476
0.467243 0.0102827
0.470841 0.0107647
0.489412 0.0108008
0.463413 0.00892258
0.471724 0.00954625
0.469824 0.00542206
0 0
0 0
0 0
0 0
0 0
0 0
0 0
0 0
0 0
0 0
0 0
0 0
0 0
0 0
0.0826278 0.0142002
0.551018 0.055701
1.03583 0.0793369
1.20313 0.0542373
0.988916 0.0580745
0.930519 0.0552114
0.85427 0.0573608
0.782878 0.0547675
0.684494 0.0347608
0.64491 0.0309974
0.597174 0.0345307
0.533151 0.0359835
0.491223 0.0245532
0.522808 0.0269449
0.507277 0.0214681
0.496081 0.0207998
0.544523 0.0271029
0.604583 0.0231425
0.530561 0.0286666
0.562581 0.0270463
0.549145 0.0239697
0.525483 0.0270801
0.525007 0.0232673
0.54426 0.0196631
0.594453 0.024675
0.544946 0.0188772
0.589294 0.0249906
0.533968 0.0222756
0.514624 0.0280889
0.493437 0.02522
0.494066 0.0152181
0.49798 0.0153236
0.4841 0.0196383
0.496842 0.0190219
0.499097 0.0209402
0.491504 0.0170036
0.482144 0.0149331
0.486888 0.0181156
0.497698 0.0158942
0.478264 0.0131596
0.49685 0.0154018
0.482745 0.0077504
0.499687 0.0149933
0.518254 0.0162441
0.534389 0.0138444
0.491465 0.0152633
0.483475 0.0139982
0.463969 0.00939868
0.497041 0.0103137
0.461349 0.0133356
0.47139 0.0120169
0.467217 0.0133438
0.449959 0.0120842
0.468596 0.00857544
0.469217 0.00982145
0.482693 0.0107072
0.482332 0.0107937
0.468204 0.00928905
0.49254 0.00972945
0.466441 0.00866677
0.470461 0.0105896
0.480406 0.0113942
0.509381 0.00908713
0.504069 0.00913797
0.492077 0.0124827
0.514773 0.0102506
0.524892 0.00962953
0.510728 0.012767
0.5045 0.0111397
0.480108 0.00959385
0.489189 0.00865777
0.502235 0.00849782
0.493703 0.0125841
0.48254 0.0106617
0.478848 0.00847112
0.447014 0.00676638
0.463372 0.0074782
0.471827 0.00518949
0.46962 0.00826806
0.456787 0.0104756
0.463769 0.0103117
0.472989 0.0104104
0.490538 0.0102908
0.464647 0.00853798
0.471826 0.00904436
0.471037 0.00527045
0 0
0 0
0 0
0 0
0 0
0 0
0 0
0 0
0 0
0 0
0 0
0 0
0 0
0 0
0.0823888 0.0134922
0.544474 0.053299
1.03415 0.075388
1.23072 0.0581222
1.00484 0.057312
0.946418 0.0546921
0.869015 0.056356
0.782397 0.0520313
0.704975 0.0385875
0.652439 0.030348
0.599364 0.0328735
0.550345 0.0380712
0.490364 0.0233405
0.51994 0.0257498
0.509965 0.0205622
0.496048 0.0197598
0.539443 0.0262194
0.595804 0.0235917
0.533484 0.0273819
0.558038 0.0260728
0.543583 0.0234078
0.522378 0.0259035
0.522414 0.0222479
0.536937 0.0199971
0.585994 0.0248489
0.544196 0.0179483
0.589942 0.0237494
0.535632 0.0212238
0.515633 0.0267026
0.493137 0.0239608
0.501403 0.0161288
0.502674 0.0152592
0.483306 0.0186724
0.501935 0.0187401
0.497866 0.0199293
0.496387 0.0168399
0.479117 0.01449
0.478749 0.0189503
0.497417 0.015102
0.479235 0.0125374
0.491394 0.0155684
0.477655 0.00887806
0.502187 0.0144505
0.516195 0.0155619
0.539964 0.0142307
0.493524 0.0146383
0.488863 0.0142975
0.4644 0.00893862
0.497164 0.00979874
0.461089 0.0126713
0.470025 0.0114934
0.466246 0.0127119
0.448041 0.0116312
0.466998 0.00829427
0.46966 0.00934034
0.483021 0.0101769
0.483362 0.0103031
0.465799 0.00913061
0.489459 0.00971855
0.46532 0.00830557
0.47253 0.0102602
0.481735 0.0109018
0.508323 0.00869412
0.501742 0.00897241
0.49679 0.0127171
0.512588 0.0099682
0.518166 0.0112544
0.509391 0.0121985
0.505998 0.010683
0.480193 0.00911454
0.487107 0.00847151
0.501071 0.00815227
0.492634 0.0120002
0.484432 0.0102953
0.480951 0.00830438
0.450299 0.00718169
0.463444 0.00710464
0.469455 0.00544508
0.47301 0.00852135
0.455236 0.0100659
0.465699 0.00997526
0.472649 0.00989545
0.487858 0.0101192
0.466218 0.00825427
0.472818 0.00864636
0.472817 0.00529902
0 0
0 0
0 0
0 0
0 0
0 0
0 0
0 0
0 0
0 0
0 0
0 0
0 0
0 0
0.0858796 0.0132936
0.550449 0.0510948
1.05314 0.0741517
1.22769 0.0554335
1.01431 0.0553599
0.97242 0.0579399
0.876481 0.0541647
0.787021 0.0497586
0.70477 0.0367506
0.643722 0.0301288
0.601561 0.0313814
0.553312 0.0363737
0.511235 0.0301496
0.524734 0.0249659
0.517196 0.0208156
0.501393 0.0195285
0.537781 0.0250235
0.581314 0.0265479
0.522597 0.0281595
0.557864 0.0248318
0.544991 0.0223355
0.521836 0.0246757
0.520166 0.0213018
0.535394 0.0191043
0.576675 0.0253529
0.540768 0.0174177
0.588231 0.0226801
0.534723 0.0202326
0.515828 0.0254318
0.49836 0.023382
0.502463 0.0153956
0.504346 0.014624
0.48385 0.0177912
0.50182 0.0178481
0.497416 0.0189854
0.494705 0.0161217
0.483155 0.0143517
0.480596 0.0181377
0.500085 0.0146167
0.472486 0.0136363
0.486325 0.0156304
0.479041 0.00856278
0.502413 0.0137641
0.517909 0.0149149
0.538402 0.0136385
0.494102 0.0139527
0.490365 0.0136954
0.463347 0.00857478
0.495812 0.00942498
0.462239 0.01212
0.471226 0.0110087
0.465005 0.0121671
0.446541 0.0111736
0.46886 0.00810571
0.470586 0.00894138
0.485955 0.0101063
0.479771 0.0104195
0.465606 0.00869786
0.490627 0.0093257
0.466182 0.00795471
0.47281 0.00977545
0.481661 0.0103829
0.506767 0.00841831
0.505716 0.00938425
0.494601 0.0122985
0.509254 0.0100356
0.518258 0.0107188
0.507476 0.0117669
0.502771 0.0106505
0.479469 0.00870923
0.481092 0.00997756
0.498186 0.00825854
0.492344 0.0114323
0.487757 0.010328
0.481609 0.00793495
0.452412 0.0071438
0.464096 0.00679618
0.468411 0.0052849
0.471111 0.00832453
0.457164 0.00976932
0.467621 0.00968356
0.475932 0.00995391
0.488084 0.00963985
0.468158 0.00808608
0.473568 0.00826709
0.472498 0.00505628
0 0
0 0
0 0
0 0
0 0
0 0
0 0
0 0
0 0
0 0
0 0
0 0
0 0
0 0
0.081976 0.0132501
0.56672 0.0512975
1.06904 0.0724656
1.21926 0.0535504
1.03125 0.055376
0.978772 0.0556533
0.866447 0.0526238
0.782638 0.0476895
0.716098 0.0367845
0.654213 0.0305313
0.599632 0.0300142
0.551814 0.0347513
0.514843 0.0289943
0.530732 0.024541
0.524991 0.021279
0.501264 0.0186413
0.53867 0.0239018
0.582517 0.0253684
0.525734 0.0270537
0.554943 0.0238743
0.537101 0.0226711
0.519277 0.0236864
0.524267 0.0207245
0.539019 0.0185766
0.568873 0.0253727
0.536619 0.0171131
0.578962 0.0234669
0.533752 0.0193362
0.514699 0.0243008
0.498781 0.022323
0.502173 0.0146985
0.504369 0.0139593
0.493695 0.0195173
0.501055 0.0170532
0.492366 0.018782
0.489583 0.0161823
0.483324 0.0137003
0.481106 0.0173204
0.505617 0.0149623
0.474584 0.013177
0.483096 0.0152499
0.4801 0.00823873
0.507436 0.0140253
0.51564 0.0144085
0.537018 0.0130887
0.49235 0.013428
0.488138 0.0132527
0.463472 0.00818593
0.495662 0.00899776
0.463531 0.0116378
0.47193 0.0105308
0.462806 0.011811
0.451348 0.011654
0.468348 0.00775342
0.470106 0.00854781
0.485849 0.00964748
0.481098 0.0100301
0.467226 0.00845201
0.490603 0.00890184
0.465634 0.00761197
0.47626 0.00992134
0.478917 0.0102671
0.50514 0.00819138
0.507037 0.00905016
0.494604 0.0117395
0.507401 0.00974904
0.517422 0.0102641
0.506184 0.0113028
0.497341 0.0114674
0.477032 0.0086477
0.480696 0.00953187
0.495581 0.00828384
0.488168 0.0116505
0.48903 0.00993672
0.478073 0.00832475
0.454287 0.00706073
0.464552 0.00650258
0.470514 0.00544711
0.472936 0.0081438
0.457922 0.00935468
0.469298 0.00938756
0.477693 0.00965586
0.487411 0.00922513
0.47064 0.00809041
0.473649 0.00789171
0.473498 0.00492445
0 0
0 0
0 0
0 0
0 0
0 0
0 0
0 0
0 0
0 0
0 0
0 0
0 0
0 0
0.0784118 0.0131447
0.564296 0.0491244
1.06351 0.0695252
1.21621 0.0513087
1.0443 0.0544831
0.983636 0.0534457
0.869424 0.0504199
0.776071 0.046066
0.724097 0.0360445
0.657562 0.029387
0.606765 0.0295447
0.558473 0.0338724
0.51307 0.0277878
0.526482 0.0238391
0.524513 0.0203592
0.496102 0.0185317
0.533615 0.0233911
0.591506 0.0258091
0.536012 0.0277611
0.560416 0.0234553
0.53807 0.0217061
0.523625 0.0230521
0.52534 0.0198512
0.531951 0.0190662
0.562069 0.0251653
0.52728 0.0187451
0.56775 0.0249818
0.537275 0.0188137
0.517085 0.023361
0.502238 0.0216185
0.500171 0.0141951
0.503989 0.0133576
0.490777 0.0188856
0.501882 0.0163318
0.492396 0.0179654
0.490958 0.0155371
0.483339 0.0131047
0.478395 0.0167781
0.503392 0.0144762
0.476128 0.0126942
0.487976 0.015348
0.483994 0.00875249
0.507823 0.0134209
0.511953 0.0142458
0.536309 0.0125388
0.48998 0.0130517
0.48967 0.0127648
0.464245 0.00786642
0.496619 0.00865728
0.464005 0.0111414
0.472288 0.010079
0.464228 0.0113828
0.451471 0.011148
0.468844 0.00743216
0.471464 0.00828324
0.488183 0.00950633
0.479112 0.0097888
0.471026 0.00889783
0.488234 0.00882444
0.465815 0.00728316
0.47599 0.00949365
0.477015 0.00999531
0.503796 0.00794466
0.505754 0.00874716
0.493451 0.0112855
0.506215 0.00939695
0.516128 0.0098991
0.503379 0.011154
0.495469 0.0111206
0.477971 0.00832262
0.476862 0.00985842
0.493527 0.00817433
0.486686 0.0112378
0.487589 0.00960864
0.477466 0.00798493
0.454754 0.00676919
0.466447 0.00648997
0.471117 0.00524348
0.471816 0.00786646
0.458982 0.00900772
0.470418 0.00904593
0.478194 0.00924906
0.487065 0.00883056
0.473068 0.00809485
0.47535 0.00772962
0.476857 0.00574247
0 0
0 0
0 0
0 0
0 0
0 0
0 0
0 0
0 0
0 0
0 0
0 0
0 0
0 0
0.0751447 0.0129967
0.559236 0.0473375
1.04842 0.0682454
1.21045 0.0494933
1.03766 0.0526164
0.990785 0.0516948
0.872153 0.0483929
0.785299 0.0450614
0.728061 0.0347599
0.663926 0.0288434
0.608379 0.0283577
0.550065 0.0334883
0.51452 0.0266678
0.526796 0.0228479
0.518335 0.0204266
0.50143 0.0185097
0.541937 0.0238509
0.592298 0.0247458
0.541342 0.0271114
0.557126 0.0227076
0.538673 0.02081
0.526347 0.0222518
0.522141 0.01928
0.53186 0.018272
0.554528 0.0252212
0.523383 0.0183647
0.563295 0.0243348
0.538259 0.0180555
0.521538 0.0228081
0.503785 0.020773
0.498566 0.0136941
0.503421 0.0128131
0.491099 0.0181015
0.499062 0.0158929
0.492134 0.0172188
0.489342 0.0149735
0.481747 0.0126549
0.481141 0.0163021
0.502549 0.0138975
0.475079 0.0122085
0.490651 0.0149397
0.488117 0.00930846
0.507287 0.0128723
0.508677 0.0140239
0.533997 0.0122275
0.490665 0.0125259
0.49182 0.0124127
0.468651 0.00868543
0.497612 0.00835337
0.46097 0.0110827
0.47196 0.00966438
0.465372 0.0109658
0.451764 0.0106873
0.470022 0.0072153
0.474768 0.00857179
0.489076 0.00915203
0.483147 0.0101788
0.47055 0.0085398
0.486625 0.00860224
0.464423 0.00711146
0.476173 0.00909984
0.475212 0.00974011
0.499805 0.00855741
0.501757 0.00925094
0.489701 0.0114215
0.506316 0.00900595
0.515205 0.00952959
0.501458 0.0108534
0.49417 0.0107328
0.475098 0.00845725
0.477456 0.00946553
0.493324 0.00783625
0.487121 0.010778
0.486773 0.00924288
0.478085 0.00767619
0.455807 0.00656852
0.465657 0.00626746
0.470976 0.00502688
0.47144 0.00754768
0.459393 0.0086418
0.473316 0.00912145
0.476784 0.00897058
0.484463 0.00883748
0.473811 0.00779155
0.476815 0.0075451
0.480234 0.00641991
0 0
0 0
0 0
0 0
0 0
0 0
0 0
0 0
0 0
0 0
0 0
0 0
0 0
0 0
0.0721389 0.0128197
0.547313 0.0469215
1.03936 0.0661154
1.20408 0.0479217
1.03314 0.0507053
0.987891 0.0497079
0.867651 0.0466661
0.794025 0.0440958
0.740116 0.0353982
0.666421 0.0277974
0.600955 0.0281787
0.555422 0.0325744
0.513989 0.0256064
0.528816 0.0220232
0.51749 0.019627
0.495421 0.0187196
0.544547 0.0230393
0.587967 0.0241321
0.54511 0.0262874
0.559545 0.0219278
0.543353 0.0204973
0.521836 0.0218141
0.521984 0.0185095
0.532241 0.0175451
0.5498 0.0246516
0.522596 0.0176469
0.558532 0.0238231
0.541003 0.0175406
0.517356 0.022276
0.50988 0.0208171
0.498798 0.0131483
0.500736 0.0125787
0.490891 0.0173786
0.499806 0.0152746
0.495326 0.0168234
0.486786 0.0145911
0.483536 0.0122745
0.478234 0.015907
0.503199 0.0133568
0.473581 0.0118117
0.489547 0.0143829
0.491697 0.00960014
0.504914 0.0125744
0.507578 0.0135059
0.532828 0.0117942
0.49293 0.0122279
0.493143 0.0119864
0.469646 0.00839476
0.498666 0.00808542
0.459262 0.0107704
0.474623 0.00963776
0.466577 0.0105932
0.455094 0.0107662
0.473933 0.00791605
0.477412 0.00862715
0.485038 0.00963553
0.481501 0.00990386
0.467934 0.00858944
0.486889 0.0082622
0.46284 0.00700111
0.474689 0.00885603
0.476502 0.00943557
0.499305 0.00822974
0.498716 0.00936744
0.487437 0.0111867
0.505269 0.00870637
0.511812 0.00973365
0.499773 0.0105493
0.491452 0.0106422
0.476353 0.00821156
0.477605 0.00908808
0.49039 0.00805343
0.488629 0.0104519
0.487633 0.0089131
0.47878 0.00740055
0.456203 0.00631772
0.465303 0.00602674
0.473846 0.00558507
0.470953 0.00726143
0.457013 0.00861783
0.474259 0.00880518
0.474935 0.00880009
0.484403 0.00848419
0.474666 0.00752671
0.47553 0.00735189
0.483506 0.00694724
0 0
0 0
0 0
0 0
0 0
0 0
0 0
0 0
0 0
0 0
0 0
0 0
0 0
0 0
0.0693643 0.0126233
0.533687 0.0470537
1.02289 0.0655906
1.20917 0.0463475
1.04062 0.0493039
0.980252 0.0483795
0.872985 0.045175
0.776199 0.0458616
0.731551 0.0350578
0.687348 0.0336967
0.606165 0.0275723
0.559722 0.0316041
0.515142 0.0246475
0.52971 0.0211942
0.520198 0.019058
0.493129 0.0181393
0.535901 0.0237202
0.578574 0.024965
0.542725 0.0253843
0.558879 0.0210945
0.541502 0.0197924
0.523419 0.0210325
0.526802 0.018414
0.536922 0.0174836
0.544586 0.0242487
0.526713 0.0174418
0.554774 0.0232012
0.543536 0.0170478
0.517388 0.0214192
0.508462 0.0200647
0.498641 0.0126435
0.498663 0.0122644
0.487689 0.0170026
0.500121 0.0146903
0.494346 0.0162048
0.48327 0.0144473
0.484611 0.0118494
0.480379 0.0154392
0.505208 0.0129933
0.473774 0.011359
0.491743 0.0139964
0.49306 0.00932715
0.500586 0.012814
0.50577 0.013107
0.531871 0.0113793
0.493242 0.0117616
0.492327 0.0115531
0.468233 0.00818994
0.501358 0.00821047
0.463228 0.0110626
0.476426 0.0094341
0.474173 0.0126185
0.459213 0.0111119
0.47395 0.00761161
0.478399 0.00835159
0.480312 0.0103596
0.477869 0.0101669
0.466895 0.00832167
0.481881 0.00933972
0.460581 0.00708674
0.473186 0.00864189
0.477417 0.0091169
0.499739 0.00792468
0.501273 0.0093498
0.488141 0.0107786
0.504004 0.00846297
0.508728 0.00983549
0.501172 0.010236
0.486799 0.011204
0.473613 0.00834048
0.475523 0.00897387
0.491199 0.00778423
0.490892 0.0102919
0.488016 0.00857851
0.480052 0.00722432
0.458024 0.00633154
0.465374 0.00579536
0.47252 0.00552528
0.469547 0.00711692
0.454611 0.00861454
0.474588 0.00847268
0.474403 0.0084777
0.483366 0.00822095
0.475357 0.0072688
0.476496 0.0071324
0.484778 0.00679538
0 0
0 0
0 0
0 0
0 0
0 0
0 0
0 0
0 0
0 0
0 0
0 0
0 0
0 0
0.0667952 0.0124144
0.534107 0.0453129
1.02212 0.0631658
1.20464 0.0448518
1.03485 0.0478141
0.963878 0.0492808
0.875038 0.0435485
0.773685 0.0442319
0.74418 0.0359624
0.674517 0.0348059
0.612673 0.0273084
0.559973 0.0304345
0.521535 0.0245497
0.530671 0.0204311
0.514991 0.0190502
0.495769 0.0176585
0.530937 0.0233554
0.57334 0.0245828
0.542814 0.0244443
0.558443 0.0203178
0.539957 0.0191195
0.52352 0.0202537
0.52436 0.0178932
0.536082 0.0168562
0.546099 0.0233977
0.530006 0.017104
0.558381 0.0226206
0.54148 0.0165399
0.515796 0.020685
0.506349 0.0194326
0.497526 0.0122243
0.49943 0.0118341
0.489025 0.0164253
0.494857 0.0150597
0.489271 0.0163801
0.482284 0.0139459
0.484853 0.011413
0.484232 0.0153406
0.504501 0.0125313
0.470987 0.011275
0.490272 0.0135551
0.495766 0.00936595
0.502562 0.0124909
0.503454 0.0128246
0.5319 0.0109579
0.493274 0.011326
0.492014 0.0111294
0.467806 0.00789771
0.503334 0.00814055
0.463869 0.0106714
0.478993 0.00942766
0.480075 0.013461
0.465929 0.0125671
0.472546 0.00745813
0.47871 0.00804805
0.481982 0.0101097
0.479408 0.00990608
0.462731 0.00899545
0.475013 0.0112386
0.458976 0.00700359
0.473416 0.00832488
0.474257 0.00931087
0.497051 0.00807449
0.502093 0.00903941
0.488628 0.0103904
0.507134 0.00870916
0.506279 0.00977144
0.500962 0.00985903
0.485401 0.0108758
0.472308 0.00813307
0.475478 0.00864162
0.491299 0.00749656
0.489704 0.00997898
0.488146 0.00826177
0.479796 0.00696125
0.458675 0.00613039
0.464168 0.00570473
0.471812 0.00536582
0.470089 0.00687387
0.456561 0.0085133
0.473717 0.00820362
0.473046 0.00827162
0.481777 0.00806862
0.475358 0.00699959
0.480683 0.00800341
0.486353 0.00672382
0 0
0 0
0 0
0 0
0 0
0 0
0 0
0 0
0 0
0 0
0 0
0 0
0 0
0 0
0.0648731 0.0121189
0.530037 0.043877
1.02785 0.0611689
1.20584 0.0432661
1.02038 0.0482456
0.957386 0.0479465
0.865351 0.0430571
0.793064 0.0467048
0.743974 0.0346786
0.669132 0.0339768
0.609949 0.0264686
0.554811 0.0297822
0.521505 0.023673
0.524992 0.0204756
0.511716 0.0186492
0.500124 0.0175566
0.536698 0.0232211
0.573882 0.0237109
0.542342 0.0235758
0.559514 0.0196203
0.544254 0.0189134
0.516114 0.0208407
0.518947 0.0180545
0.531975 0.016747
0.554737 0.0241038
0.526381 0.0168729
0.56072 0.0219333
0.541438 0.0159493
0.512698 0.0201769
0.504231 0.0188536
0.49403 0.0122775
0.501224 0.0115466
0.489319 0.0158413
0.493771 0.014561
0.488867 0.0158001
0.481129 0.0134956
0.481371 0.0115243
0.483695 0.0148022
0.501229 0.0125038
0.468706 0.0111007
0.492056 0.0131879
0.494861 0.00907504
0.503878 0.012114
0.504545 0.0124129
0.529906 0.0107466
0.493248 0.0109216
0.493267 0.0108023
0.466637 0.0077017
0.507364 0.0087909
0.466179 0.0105374
0.482877 0.00985849
0.48308 0.0133113
0.468881 0.0124602
0.474643 0.00748079
0.480452 0.00794701
0.480769 0.00982114
0.477601 0.00971569
0.463267 0.00869018
0.474514 0.0108483
0.457486 0.00691015
0.472892 0.00804405
0.470621 0.00966207
0.493305 0.00861128
0.500778 0.00881178
0.487183 0.0101193
0.506524 0.00841941
0.506682 0.00943075
0.500605 0.00951339
0.487067 0.0106143
0.471445 0.00788821
0.47631 0.00837291
0.490418 0.0072804
0.489305 0.00963058
0.487083 0.00803482
0.479025 0.00675531
0.457673 0.00599274
0.465571 0.00567097
0.470363 0.00536629
0.473074 0.00724785
0.4571 0.00822634
0.473245 0.00792416
0.472267 0.00801284
0.481808 0.00778051
0.474611 0.00678938
0.482301 0.00787937
0.489391 0.00713706
0 0
0 0
0 0
0 0
0 0
0 0
0 0
0 0
0 0
0 0
0 0
0 0
0 0
0 0
0.0662153 0.0117751
0.527814 0.0424203
1.0159 0.0602148
1.20235 0.0419146
1.01818 0.046632
0.958022 0.0462974
0.863272 0.0416226
0.803372 0.0462177
0.754003 0.034903
0.664629 0.0331022
0.603494 0.0263312
0.548124 0.0294964
0.519198 0.0229688
0.520824 0.0201893
0.504844 0.0192306
0.502232 0.0170774
0.542468 0.023126
0.567559 0.0237214
0.537894 0.0231786
0.560679 0.0189783
0.548571 0.0187475
0.517132 0.0201469
0.521676 0.017637
0.530493 0.016235
0.553764 0.0232923
0.528072 0.0163756
0.559858 0.021194
0.537574 0.0158604
0.50648 0.0204168
0.505989 0.0182852
0.494196 0.0118553
0.504667 0.0116505
0.487634 0.0153844
0.492051 0.0141601
0.489732 0.0152789
0.475637 0.0141034
0.476617 0.0120679
0.48362 0.014292
0.49982 0.0121517
0.466483 0.0109382
0.490993 0.0127759
0.498388 0.00942235
0.50192 0.0118535
0.506074 0.0120787
0.531211 0.0104549
0.494368 0.0106021
0.492866 0.0104373
0.467688 0.00750751
0.50678 0.00850715
0.465833 0.0101797
0.486267 0.0100844
0.48636 0.0132502
0.4708 0.0121774
0.47612 0.00736729
0.482776 0.00800563
0.481959 0.00955419
0.478645 0.00943659
0.463749 0.00840383
0.471901 0.0107844
0.456117 0.0068063
0.47237 0.00778358
0.470456 0.00933032
0.490862 0.00865377
0.500352 0.00851821
0.486159 0.00982213
0.503054 0.00881548
0.504574 0.00933822
0.499365 0.00926568
0.489504 0.0105242
0.472181 0.00765042
0.478204 0.00829575
0.489495 0.00708764
0.48804 0.00938118
0.485786 0.00786177
0.480348 0.0066508
0.457492 0.00578882
0.466441 0.00554174
0.46916 0.00531439
0.472082 0.00706556
0.455698 0.00806139
0.474619 0.00776906
0.475348 0.00830805
0.480736 0.00758574
0.475291 0.00658925
0.483322 0.00767355
0.489083 0.00689761
0 0
0 0
0 0
0 0
0 0
0 0
0 0
0 0
0 0
0 0
0 0
0 0
0 0
0 0
0.067468 0.0114491
0.522332 0.041359
1.01344 0.0582581
1.19345 0.0414512
1.01507 0.0451816
0.968661 0.0459603
0.864145 0.0402443
0.804925 0.0447033
0.754022 0.0337396
0.672943 0.0330265
0.604591 0.0254763
0.552093 0.0287791
0.51575 0.0224604
0.508274 0.0230897
0.495071 0.0209262
0.494898 0.0180144
0.54443 0.0224382
0.561108 0.0237918
0.529695 0.0238119
0.563225 0.0185157
0.556727 0.0198174
0.517145 0.0194754
0.51685 0.0176972
0.535838 0.01655
0.55752 0.0228167
0.530408 0.0159955
0.554894 0.0210609
0.534708 0.0155886
0.504453 0.0198365
0.505371 0.0176862
0.493295 0.0114943
0.506299 0.0113759
0.487113 0.0148804
0.491332 0.0137064
0.487561 0.014923
0.472293 0.0140241
0.474284 0.0118891
0.48379 0.0138166
0.497747 0.0119222
0.468667 0.0107894
0.493154 0.0125316
0.499789 0.00921187
0.499978 0.0116163
0.506896 0.011704
0.530196 0.0101556
0.492355 0.0104381
0.491994 0.0101257
0.466673 0.00732557
0.506747 0.00822365
0.467338 0.00995095
0.486828 0.00976393
0.488509 0.0129817
0.472344 0.011869
0.479016 0.00766991
0.482212 0.00775863
0.48465 0.00960741
0.478173 0.00913381
0.462151 0.00827408
0.474792 0.0108056
0.456875 0.0066216
0.471391 0.00758543
0.471019 0.00903631
0.490666 0.00836754
0.500061 0.00823925
0.485837 0.00949999
0.498274 0.00973134
0.502746 0.00920399
0.498606 0.00898789
0.489292 0.0101755
0.473376 0.00748821
0.48038 0.00829968
0.487538 0.00711634
0.487625 0.00907763
0.486369 0.00762132
0.480713 0.00643909
0.456335 0.00571027
0.465665 0.00541111
0.468276 0.00521022
0.472431 0.00683867
0.456594 0.00784239
0.474617 0.00751009
0.475183 0.00803277
0.481767 0.00740263
0.475897 0.00639743
0.48601 0.00787437
0.491156 0.00697244
0 0
0 0
0 0
0 0
0 0
0 0
0 0
0 0
0 0
0 0
0 0
0 0
0 0
0 0
0.069477 0.0112546
0.541379 0.0441936
1.01469 0.0563922
1.17766 0.0430186
1.00907 0.0441207
0.967273 0.0444987
0.871036 0.0395316
0.804856 0.0432613
0.750388 0.0328463
0.677693 0.0323008
0.604005 0.0246612
0.556754 0.0282256
0.512149 0.0220228
0.50247 0.0230629
0.489179 0.0210642
0.488441 0.0185543
0.54636 0.0217973
0.555516 0.0236724
0.524276 0.0236525
0.562391 0.0179372
0.556074 0.0191889
0.516109 0.0188747
0.511938 0.0177948
0.537707 0.0161214
0.556639 0.0220977
0.535132 0.0161621
0.556368 0.020433
0.531208 0.0154735
0.500901 0.0195122
0.508421 0.0173767
0.492808 0.0111338
0.504678 0.0111237
0.485038 0.0145443
0.488904 0.0134776
0.488935 0.0145048
0.472147 0.0135724
0.474448 0.0115067
0.482489 0.013432
0.499033 0.0116068
0.47148 0.0108016
0.495918 0.0124283
0.5021 0.00920005
0.501168 0.0113023
0.501967 0.0123208
0.527344 0.0102208
0.488731 0.0107119
0.488125 0.0105125
0.466817 0.00709068
0.50604 0.00798869
0.4694 0.00984134
0.489766 0.00988102
0.490972 0.0127944
0.470763 0.011591
0.477765 0.00752388
0.483898 0.00768935
0.486366 0.00944953
0.477059 0.00890685
0.461828 0.00801348
0.475722 0.0104969
0.460209 0.00719833
0.474076 0.00780137
0.469338 0.00889984
0.488902 0.00828136
0.501825 0.00816026
0.487664 0.00936769
0.496366 0.00960269
0.499842 0.00935424
0.496968 0.00884598
0.486558 0.0102078
0.474772 0.00737563
0.479925 0.0080444
0.48861 0.00696702
0.48779 0.00878631
0.486259 0.00737626
0.481031 0.00623924
0.455923 0.00554089
0.465906 0.00524193
0.468427 0.00504434
0.4732 0.00666119
0.458088 0.00773028
0.473897 0.00730235
0.472624 0.00817094
0.482514 0.00720144
0.478474 0.00668981
0.486691 0.00764978
0.492901 0.00696229
0 0
0 0
0 0
0 0
0 0
0 0
0 0
0 0
0 0
0 0
0 0
0 0
0 0
0 0
0.0717658 0.0111332
0.53688 0.0430409
1.02024 0.054903
1.18707 0.0426914
1.0154 0.043194
0.958123 0.0440388
0.865728 0.0386509
0.803868 0.0419206
0.745465 0.0321866
0.674889 0.0314129
0.599335 0.0243286
0.556403 0.0273458
0.511929 0.0213356
0.502779 0.0223442
0.49027 0.0204342
0.486504 0.0180753
0.54597 0.0211196
0.549156 0.0237715
0.520325 0.023241
0.562977 0.0173862
0.552596 0.0189018
0.513581 0.0184533
0.512391 0.0172444
0.537156 0.0156271
0.555871 0.0214205
0.534587 0.0156662
0.553278 0.0200266
0.528274 0.0152657
0.497476 0.0192007
0.512543 0.0173155
0.490068 0.0111178
0.50559 0.0108133
0.488693 0.0145418
0.490974 0.0132144
0.494103 0.0149438
0.468425 0.013649
0.473399 0.0111949
0.481752 0.0130325
0.498815 0.0112461
0.470302 0.0105281
0.497274 0.0121136
0.503491 0.00901715
0.501428 0.0109521
0.499099 0.0122648
0.52452 0.0102841
0.484996 0.0110089
0.487875 0.0101869
0.468824 0.00714741
0.502954 0.00831375
0.471312 0.00971782
0.490552 0.00960347
0.492544 0.0124908
0.472289 0.0113288
0.476424 0.00740741
0.484479 0.00747098
0.488805 0.00946369
0.477834 0.00866211
0.460291 0.00790916
0.473835 0.010337
0.460224 0.0069734
0.475947 0.00777884
0.468914 0.00863183
0.49095 0.00827195
0.501918 0.00790577
0.486748 0.00911963
0.494968 0.00940376
0.498013 0.00923889
0.498257 0.00866293
0.487429 0.00992584
0.473977 0.00718786
0.480358 0.00780468
0.488553 0.00674953
0.48733 0.0085238
0.486346 0.00714626
0.482048 0.00612662
0.454696 0.00550194
0.46457 0.00524556
0.470565 0.00532057
0.474709 0.00662165
0.459546 0.00762506
0.473555 0.00708214
0.47247 0.00791706
0.480339 0.00729749
0.479328 0.00653511
0.48573 0.00747083
0.494105 0.00684812
0 0
0 0
0 0
0 0
0 0
0 0
0 0
0 0
0 0
0 0
0 0
0 0
0 0
0 0
0.071557 0.0107978
0.53059 0.0421938
1.02394 0.0533638
1.19942 0.0431472
1.01338 0.0419324
0.951919 0.043139
0.861726 0.0376863
0.796501 0.0412926
0.734472 0.0330355
0.673902 0.0304765
0.604316 0.0240958
0.558108 0.0265702
0.507838 0.0210778
0.498805 0.0220177
0.493432 0.0200581
0.483448 0.017784
0.541514 0.0209443
0.546682 0.0231795
0.518571 0.0226028
0.564853 0.0169604
0.554955 0.0184758
0.513109 0.0179002
0.512753 0.0167257
0.534697 0.0153457
0.553029 0.020959
0.530683 0.0156703
0.549368 0.0197978
0.526334 0.0149258
0.49673 0.0186334
0.511957 0.0168007
0.490502 0.0107893
0.512518 0.0125095
0.493542 0.0148876
0.49072 0.0128164
0.491118 0.0147861
0.470734 0.0134293
0.473385 0.0108556
0.480435 0.0127039
0.495941 0.0112667
0.470236 0.0102092
0.497378 0.011747
0.504342 0.00878394
0.497994 0.0111456
0.495155 0.0125112
0.522157 0.0102403
0.484385 0.0106923
0.489019 0.00994224
0.470797 0.00719787
0.506342 0.00872508
0.469643 0.00956568
0.488568 0.00951532
0.493328 0.0121369
0.475891 0.0115441
0.476924 0.00719981
0.485166 0.00727608
0.48887 0.00917714
0.478877 0.00846224
0.458944 0.00778337
0.471638 0.0102546
0.455646 0.008127
0.478555 0.00796813
0.469777 0.00841335
0.49286 0.00823881
0.502817 0.00771718
0.486666 0.00884365
0.494859 0.00911944
0.498184 0.0089605
0.499356 0.0084698
0.48674 0.00964893
0.473811 0.00697196
0.479573 0.00760763
0.487289 0.00666227
0.487726 0.00827471
0.484472 0.00717113
0.482033 0.00594099
0.456403 0.00559374
0.465991 0.00527552
0.471359 0.00521819
0.473884 0.0064722
0.460264 0.00742767
0.474141 0.00689178
0.473893 0.00780409
0.479646 0.00710923
0.477921 0.00648673
0.484819 0.0072998
0.496306 0.00698528
0 0
0 0
0 0
0 0
0 0
0 0
0 0
0 0
0 0
0 0
0 0
0 0
0 0
0 0
0.0747948 0.0109549
0.528009 0.0410317
1.03391 0.0527169
1.19296 0.0423583
1.02015 0.0412422
0.93996 0.0434962
0.847838 0.039053
0.788525 0.040841
0.729197 0.0324822
0.667886 0.0301679
0.607934 0.0236572
0.559342 0.0258174
0.506844 0.0204813
0.499522 0.0213818
0.494432 0.0194931
0.478175 0.0180258
0.537148 0.0207784
0.54403 0.022649
0.530521 0.0248975
0.567478 0.0166633
0.55367 0.017977
0.509927 0.0176543
0.511408 0.0162878
0.528502 0.0160964
0.546997 0.0211927
0.532462 0.01531
0.545884 0.0195198
0.52544 0.0145136
0.498473 0.0181666
0.514162 0.0164507
0.492125 0.0105935
0.512564 0.0121417
0.493911 0.0144543
0.494856 0.0130899
0.492335 0.0144012
0.469631 0.0130795
0.470383 0.0109436
0.480104 0.0123345
0.493468 0.0112034
0.46981 0.00991787
0.498368 0.0114431
0.505456 0.00859586
0.494284 0.0114185
0.494356 0.0121687
0.519652 0.0102409
0.484081 0.0103821
0.488867 0.00965098
0.473332 0.00741934
0.507374 0.00852924
0.470142 0.00929733
0.487954 0.00925523
0.491952 0.0118577
0.476033 0.0112055
0.477553 0.00701551
0.485812 0.00709073
0.489115 0.00891047
0.479795 0.00826294
0.460376 0.00768514
0.46931 0.0102138
0.454993 0.00791422
0.478464 0.00773429
0.471365 0.00831428
0.493341 0.00801051
0.502902 0.00749066
0.486341 0.0085895
0.494147 0.00887899
0.498804 0.00871833
0.501852 0.00858065
0.487118 0.00937252
0.474001 0.00676947
0.477619 0.00763058
0.48453 0.00701458
0.486833 0.00807937
0.485173 0.00699431
0.48045 0.00597338
0.455976 0.00544553
0.467622 0.00536663
0.473112 0.00535123
0.473886 0.00628184
0.462821 0.00763678
0.475574 0.00683641
0.474556 0.00760259
0.478157 0.0070543
0.476648 0.00641972
0.485542 0.00712077
0.49725 0.00684337
0 0
0 0
0 0
0 0
0 0
0 0
0 0
0 0
0 0
0 0
0 0
0 0
0 0
0 0
0.0733993 0.0107305
0.520385 0.0405615
1.03472 0.0512169
1.19248 0.0411509
1.01241 0.0407831
0.93586 0.0424463
0.849584 0.0379762
0.783704 0.0399577
0.717141 0.0337175
0.664473 0.0294984
0.60602 0.0230586
0.558108 0.0251092
0.503464 0.020173
0.496281 0.0210151
0.496719 0.0190698
0.482251 0.0179658
0.535378 0.02026
0.542001 0.0220926
0.534186 0.0244543
0.571272 0.0166136
0.555079 0.0175185
0.50538 0.0177258
0.510139 0.0158717
0.524435 0.0161421
0.539311 0.0219367
0.53234 0.0148731
0.550964 0.0196121
0.529577 0.0146767
0.497137 0.0176966
0.513852 0.0159836
0.491176 0.0103333
0.508841 0.0123524
0.495088 0.0140891
0.493952 0.0127471
0.490964 0.0140549
0.474064 0.0134362
0.472169 0.0107757
0.481086 0.0120211
0.491759 0.0110129
0.470552 0.00966221
0.498593 0.0111184
0.505518 0.00835049
0.49445 0.0110934
0.492566 0.0119521
0.518133 0.0100604
0.481152 0.0104906
0.488682 0.00937702
0.474651 0.00732362
0.505612 0.00846555
0.468176 0.00923723
0.488874 0.00903646
0.490945 0.0115616
0.477789 0.011022
0.476247 0.00693558
0.48604 0.00689178
0.488683 0.00866633
0.481664 0.00823555
0.460873 0.00748159
0.470943 0.0100516
0.455978 0.00774924
0.478448 0.00751333
0.471958 0.00809791
0.491769 0.00793434
0.501865 0.00734802
0.484985 0.00845052
0.49366 0.00863863
0.499628 0.00850814
0.50329 0.00845512
0.489926 0.00951598
0.473989 0.00657607
0.477099 0.0074303
0.48164 0.00738548
0.483917 0.00835809
0.485833 0.00682555
0.480869 0.00581739
0.456838 0.00535778
0.469465 0.00552059
0.474812 0.00546167
0.472967 0.00616915
0.463547 0.00745298
0.476367 0.00668683
0.475017 0.0073994
0.477641 0.00687161
0.476341 0.00624361
0.484784 0.00695747
0.498117 0.00670251
0 0
0 0
0 0
0 0
0 0
0 0
0 0
0 0
0 0
0 0
0 0
0 0
0 0
0 0
0.0731624 0.010435
0.511292 0.0404411
1.02017 0.0518187
1.18682 0.0403946
1.02127 0.0406007
0.925012 0.042631
0.853216 0.0370946
0.783414 0.0388488
0.709047 0.0337382
0.659329 0.0291242
0.600677 0.0230288
0.55601 0.0244992
0.50459 0.019644
0.499935 0.0207466
0.494866 0.0186299
0.483227 0.0174932
0.534196 0.0197317
0.538022 0.0218343
0.531044 0.0239759
0.571006 0.0161543
0.559338 0.0175421
0.508303 0.0174728
0.504731 0.0163264
0.524259 0.0156946
0.538701 0.0213358
0.537472 0.0153197
0.54823 0.019257
0.524901 0.0149952
0.494952 0.0173393
0.516924 0.0158321
0.489934 0.0101205
0.509169 0.0120136
0.498128 0.0140219
0.494644 0.0124117
0.490313 0.0136795
0.473487 0.0130753
0.471597 0.0104916
0.484785 0.0122431
0.492868 0.0107626
0.472868 0.00966745
0.49929 0.0108314
0.505429 0.008119
0.492446 0.0109648
0.490461 0.0118039
0.516476 0.00991631
0.479906 0.0102729
0.487823 0.00915577
0.471908 0.00761652
0.504938 0.0082572
0.46818 0.00898064
0.486428 0.00911069
0.491601 0.0112591
0.477888 0.0107163
0.476245 0.00674292
0.488904 0.00727116
0.487459 0.00851155
0.481202 0.0080197
0.462068 0.00736868
0.472759 0.00993504
0.45646 0.00754895
0.478256 0.00730709
0.471096 0.00791872
0.490311 0.00784685
0.502981 0.00722817
0.485229 0.00821931
0.492061 0.00854536
0.499939 0.00827748
0.503769 0.00823383
0.490561 0.00927287
0.473 0.0064674
0.477711 0.0072491
0.480705 0.00723932
0.481873 0.00837224
0.4861 0.00664118
0.482523 0.00588621
0.457615 0.00526493
0.470955 0.00556479
0.477052 0.0057507
0.473898 0.00606763
0.463547 0.00724595
0.47613 0.00650526
0.473492 0.00734939
0.477967 0.00668848
0.476841 0.00609016
0.483889 0.00682152
0.497251 0.00657202
0 0
0 0
0 0
0 0
0 0
0 0
0 0
0 0
0 0
0 0
0 0
0 0
0 0
0 0
0.0711851 0.0103386
0.505146 0.0398125
1.01075 0.0512684
1.17401 0.0412855
1.01952 0.039541
0.928131 0.0415927
0.856653 0.0362509
0.779948 0.0379531
0.703722 0.033244
0.660204 0.0283502
0.592551 0.0237968
0.549715 0.0246324
0.50786 0.0193834
0.497248 0.0203591
0.499923 0.0188002
0.486099 0.0172545
0.530064 0.0196261
0.533887 0.0216322
0.533659 0.0234701
0.564708 0.0169008
0.561694 0.0172255
0.510659 0.0171586
0.504985 0.0158871
0.525981 0.0153646
0.539964 0.0207965
0.534054 0.0152821
0.542945 0.0194482
0.525746 0.0146137
0.492314 0.0170702
0.519012 0.0155412
0.490101 0.00984838
0.510264 0.0117387
0.500458 0.0138352
0.496574 0.0122254
0.490983 0.0133262
0.470774 0.0130004
0.473282 0.0103425
0.485309 0.0119234
0.496218 0.0109808
0.473796 0.00945064
0.501042 0.0106794
0.504532 0.00794907
0.489557 0.0110426
0.489631 0.011514
0.515255 0.00972329
0.479539 0.0100018
0.48421 0.00959476
0.469957 0.0076565
0.503205 0.00821385
0.469007 0.00877593
0.486896 0.00887651
0.490056 0.0110603
0.47733 0.0104411
0.477068 0.00661076
0.491078 0.00739274
0.488562 0.00835259
0.47851 0.00824243
0.462247 0.00717169
0.472554 0.00966863
0.456793 0.00735226
0.476585 0.00729801
0.47349 0.00805827
0.492409 0.00791046
0.502244 0.0070703
0.48619 0.00805317
0.491331 0.00834559
0.499038 0.00810266
0.504345 0.00803139
0.488454 0.00925869
0.47346 0.00630898
0.475605 0.00735284
0.48099 0.00704929
0.48329 0.0082651
0.484898 0.00656957
0.483362 0.00578667
0.458745 0.0052426
0.471321 0.00542636
0.478104 0.00569073
0.473512 0.00591593
0.465471 0.00730103
0.477277 0.00642983
0.474144 0.00717959
0.478411 0.0065224
0.477958 0.00602709
0.483621 0.00664245
0.497118 0.00639576
0 0
0 0
0 0
0 0
0 0
0 0
0 0
0 0
0 0
0 0
0 0
0 0
0 0
0 0
0.0693118 0.0102349
0.495139 0.0400025
1.00366 0.0504063
1.17335 0.0402042
1.01577 0.0386782
0.934484 0.0409806
0.857858 0.035317
0.769054 0.0384862
0.706053 0.0324507
0.648421 0.0299528
0.584972 0.0243475
0.552807 0.0241775
0.507481 0.018877
0.496031 0.0198597
0.50657 0.0194451
0.489149 0.0170681
0.526228 0.0194811
0.531778 0.0211655
0.535048 0.0228935
0.566356 0.0165362
0.557833 0.0171995
0.510668 0.016707
0.506303 0.0155236
0.528379 0.0151462
0.536122 0.0206011
0.532151 0.014998
0.542974 0.0189364
0.525462 0.0142319
0.491962 0.0166246
0.521976 0.0154123
0.489896 0.00959134
0.509011 0.0114964
0.500905 0.0134783
0.496811 0.0119059
0.491281 0.0129789
0.471134 0.0126633
0.472372 0.0101102
0.486455 0.0116646
0.496161 0.0106919
0.476633 0.0096182
0.501154 0.010399
0.504334 0.00774234
0.488957 0.0107683
0.488844 0.0112378
0.513782 0.00957823
0.478604 0.00978224
0.483338 0.00938183
0.469077 0.00750542
0.500258 0.00850995
0.468722 0.00854961
0.488376 0.00876541
0.48876 0.0108449
0.475454 0.0103335
0.47769 0.00646602
0.493047 0.00745568
0.486989 0.00827946
0.478012 0.00804059
0.463625 0.00711401
0.472264 0.00941853
0.454649 0.0074648
0.476348 0.0071098
0.475543 0.00810357
0.495416 0.00825398
0.501809 0.00689762
0.486845 0.00786777
0.49207 0.00815866
0.499558 0.00790613
0.502868 0.0079546
0.487343 0.00908138
0.473104 0.00615304
0.476435 0.00720611
0.479335 0.00705537
0.482781 0.00806328
0.483384 0.00656882
0.483048 0.00564292
0.460408 0.00536183
0.470343 0.00537097
0.478217 0.00554211
0.47359 0.00576077
0.467531 0.00739402
0.479804 0.00673871
0.476005 0.00722795
0.478507 0.00635147
0.479817 0.00614844
0.484587 0.00653761
0.496824 0.00623418
0 0
0 0
0 0
0 0
0 0
0 0
0 0
0 0
0 0
0 0
0 0
0 0
0 0
0 0
0.0675345 0.0101256
0.503989 0.0399437
0.998738 0.0493536
1.16771 0.0395675
1.01323 0.0377697
0.930761 0.0400986
0.849013 0.0355017
0.762956 0.0379794
0.708264 0.0316939
0.647124 0.0292129
0.580114 0.0242031
0.553589 0.0235702
0.509214 0.0184723
0.4946 0.019402
0.503315 0.019217
0.491401 0.0167782
0.527251 0.0190084
0.53281 0.0206479
0.537691 0.0224585
0.570039 0.0165173
0.554817 0.017021
0.509067 0.0163552
0.506136 0.0151265
0.52717 0.0148059
0.535546 0.0200809
0.530928 0.0146632
0.543598 0.0184611
0.526574 0.0139103
0.493564 0.0162754
0.523605 0.015103
0.490974 0.00940576
0.507451 0.011307
0.498967 0.0132713
0.495081 0.0117256
0.492784 0.0127328
0.468849 0.0125431
0.472882 0.0098638
0.485774 0.0113853
0.494076 0.0106191
0.47639 0.00937463
0.500083 0.0101873
0.506713 0.00790094
0.489461 0.010504
0.489241 0.0109567
0.515227 0.00944104
0.478745 0.00953242
0.481268 0.00936688
0.467113 0.00756545
0.498716 0.00843028
0.468382 0.00833714
0.488906 0.00855663
0.488803 0.0105669
0.4729 0.0103796
0.479064 0.00644449
0.492409 0.00729173
0.487598 0.00808952
0.477468 0.00785277
0.463152 0.00694728
0.473787 0.00929927
0.45483 0.00727559
0.475229 0.00701511
0.475551 0.00789579
0.496499 0.00811308
0.501664 0.00672229
0.486931 0.00766651
0.494864 0.0084143
0.498778 0.00774182
0.501415 0.00788232
0.488778 0.0089611
0.47408 0.0060722
0.475538 0.00707701
0.478512 0.00692234
0.481577 0.00794583
0.4833 0.00640092
0.482187 0.00556352
0.459382 0.00532155
0.470261 0.00523388
0.477807 0.00541519
0.473804 0.00561702
0.469038 0.00735637
0.480822 0.00664234
0.477388 0.00717361
0.481439 0.0068318
0.4803 0.00600971
0.485706 0.00646504
0.498921 0.00641713
0 0
0 0
0 0
0 0
0 0
0 0
0 0
0 0
0 0
0 0
0 0
0 0
0 0
0 0
0.0684411 0.00991293
0.499622 0.0391831
0.997319 0.0481402
1.17237 0.0388518
1.01759 0.0370767
0.924713 0.0395497
0.840935 0.0355213
0.763656 0.0370363
0.702146 0.0314866
0.642681 0.0288185
0.582089 0.0236785
0.558108 0.0234101
0.506198 0.0182551
0.496216 0.0189842
0.501314 0.0188405
0.488522 0.0166038
0.525657 0.0186
0.532003 0.0201475
0.539555 0.0219743
0.572627 0.0163058
0.55774 0.0168446
0.510793 0.0160372
0.50357 0.0149643
0.52903 0.0145521
0.537346 0.0196593
0.532915 0.0144306
0.543484 0.0179999
0.526878 0.0135659
0.493047 0.0158768
0.520754 0.0149921
0.490688 0.00917494
0.505804 0.0111436
0.497125 0.0130666
0.494739 0.0114374
0.491254 0.0125061
0.470743 0.0123717
0.469272 0.0102563
0.483276 0.0113715
0.49113 0.0107546
0.478734 0.00942871
0.499777 0.00993724
0.508065 0.00781827
0.490967 0.0103487
0.490608 0.0107677
0.514786 0.00921531
0.478435 0.00929914
0.479544 0.00929007
0.468477 0.00749817
0.497356 0.00832851
0.468381 0.00812871
0.488441 0.00835532
0.487333 0.0104045
0.473635 0.0101461
0.480698 0.00648733
0.490364 0.0073907
0.485832 0.0080778
0.477569 0.00765711
0.465105 0.00704281
0.475519 0.00922666
0.453878 0.00715571
0.473145 0.00714257
0.474997 0.00771784
0.497237 0.0079437
0.502094 0.00656798
0.487568 0.0075012
0.496018 0.00828269
0.49751 0.00765136
0.500999 0.00769619
0.489639 0.00877839
0.475398 0.0060619
0.47694 0.00703765
0.477534 0.00681806
0.481054 0.00776439
0.481857 0.00640146
0.481743 0.00544207
0.458714 0.00523025
0.469166 0.00521616
0.477522 0.00528726
0.475403 0.00569948
0.46926 0.00717581
0.482728 0.00674436
0.478394 0.00706454
0.482781 0.0067915
0.48106 0.00590733
0.487297 0.0064961
0.498996 0.00625715
0 0
0 0
0 0
0 0
0 0
0 0
0 0
0 0
0 0
0 0
0 0
0 0
0 0
0 0
0.0699363 0.00978327
0.498791 0.0382362
0.99719 0.0469662
1.17224 0.0379044
1.02408 0.036735
0.92526 0.0385888
0.834834 0.0351749
0.765905 0.0362013
0.696983 0.0311391
0.641828 0.0281282
0.586962 0.0235971
0.554321 0.0231434
0.502571 0.0181667
0.49573 0.0185274
0.502033 0.0183947
0.49045 0.0163103
0.520849 0.0187574
0.5311 0.0196763
0.534524 0.0220068
0.571708 0.015934
0.562701 0.0171488
0.514971 0.016181
0.507424 0.0150875
0.531793 0.0144571
0.541033 0.0195226
0.533994 0.0141189
0.54094 0.0177397
0.52535 0.0133207
0.490934 0.0156295
0.515931 0.0153825
0.487661 0.00943745
0.504913 0.0109074
0.500607 0.0132036
0.492082 0.0114628
0.492486 0.0122617
0.46953 0.0121293
0.467379 0.0101795
0.480272 0.011484
0.489873 0.0105655
0.479312 0.00921647
0.500741 0.00974153
0.506758 0.00773602
0.490522 0.0101058
0.490922 0.0105097
0.516487 0.00914607
0.479983 0.00920024
0.481376 0.00924255
0.467803 0.00734552
0.494989 0.00845509
0.46876 0.00793925
0.488943 0.00816659
0.486089 0.0102248
0.473928 0.00990289
0.481377 0.00636445
0.490376 0.00721045
0.484345 0.00801651
0.475282 0.0078045
0.466989 0.00711855
0.477382 0.00918772
0.454476 0.00700609
0.472494 0.00699798
0.474224 0.00756819
0.495766 0.00788495
0.50155 0.00643026
0.488097 0.00733691
0.496242 0.00808369
0.495596 0.00770055
0.500975 0.00750852
0.490107 0.00857672
0.477884 0.00640351
0.476978 0.00686611
0.477031 0.00667026
0.481588 0.00759337
0.481302 0.00626936
0.480463 0.0054578
0.459708 0.00519617
0.470498 0.0052563
0.478079 0.00518751
0.475834 0.00557677
0.467987 0.00711291
0.483469 0.00662037
0.479228 0.00694122
0.483943 0.00672453
0.481271 0.00576704
0.487959 0.00637132
0.498134 0.00616368
0 0
0 0
0 0
0 0
0 0
0 0
0 0
0 0
0 0
0 0
0 0
0 0
0 0
0 0
0.0701247 0.00955215
0.505299 0.0378757
1.01234 0.0482288
1.17827 0.037478
1.0257 0.0358961
0.916214 0.0387158
0.828561 0.0348924
0.762426 0.0355061
0.69784 0.0304095
0.646075 0.0277772
0.590413 0.0232861
0.552513 0.0226629
0.498376 0.018212
0.494666 0.0181168
0.498399 0.0183122
0.488851 0.0160001
0.520111 0.0183253
0.529783 0.0192518
0.534592 0.021483
0.573785 0.0156894
0.56295 0.0167423
0.512763 0.0159457
0.509925 0.014934
0.536734 0.0149335
0.546868 0.0199108
0.533523 0.0137906
0.537607 0.0176277
0.52001 0.0140333
0.488202 0.0154943
0.513262 0.0152462
0.487731 0.00921301
0.503625 0.0107235
0.499776 0.0129154
0.49223 0.0111908
0.49493 0.0122109
0.470866 0.011914
0.465168 0.0101744
0.478881 0.0112945
0.490538 0.0103348
0.479114 0.00899916
0.500763 0.00950961
0.50621 0.00757125
0.490424 0.00986571
0.489767 0.0103227
0.516056 0.00893846
0.480612 0.00900272
0.480779 0.00904178
0.468484 0.00720211
0.494781 0.00825635
0.468524 0.00775373
0.488718 0.00797524
0.485435 0.0100022
0.475001 0.00972502
0.481937 0.00623754
0.491038 0.00706913
0.484852 0.00784167
0.475496 0.00762161
0.467601 0.00697534
0.47583 0.00909898
0.454804 0.00684698
0.471323 0.00692854
0.474286 0.00738825
0.494953 0.00773894
0.500827 0.00631773
0.488254 0.00716389
0.495817 0.00790236
0.493923 0.00769679
0.500874 0.00733043
0.490886 0.00840784
0.477857 0.0062511
0.476305 0.00673557
0.477557 0.00653213
0.482297 0.00744555
0.48068 0.00615089
0.481277 0.00538812
0.460646 0.00515641
0.473322 0.00584054
0.47947 0.0052473
0.474468 0.00560883
0.468045 0.00694379
0.483439 0.00646281
0.479808 0.00680014
0.484142 0.00656738
0.480701 0.00565789
0.486714 0.00633999
0.49835 0.0060207
0 0
0 0
0 0
0 0
0 0
0 0
0 0
0 0
0 0
0 0
0 0
0 0
0 0
0 0
0.0709078 0.00936205
0.518107 0.0391003
1.02375 0.0484389
1.18443 0.0371094
1.02224 0.0352277
0.914597 0.0378492
0.825145 0.0342477
0.765972 0.034857
0.694146 0.0299259
0.6484 0.0272284
0.591694 0.0227798
0.548349 0.0225151
0.493473 0.0184367
0.495329 0.0177076
0.499464 0.0179174
0.493962 0.0164242
0.515451 0.0184821
0.52616 0.0191419
0.534656 0.0209835
0.57175 0.0154559
0.562814 0.0163535
0.51393 0.0156176
0.507498 0.0147826
0.538918 0.0147451
0.548493 0.0195139
0.530023 0.0139069
0.53648 0.0172537
0.517644 0.0139049
0.488829 0.0151467
0.512393 0.0149163
0.484945 0.00941053
0.50258 0.0105248
0.500245 0.0126235
0.492062 0.0109319
0.496101 0.0119829
0.472063 0.0116969
0.465225 0.00993792
0.48124 0.0112755
0.492324 0.0102476
0.47908 0.00878994
0.498668 0.00951641
0.507974 0.00759789
0.490311 0.00963692
0.48903 0.0101089
0.516256 0.00873285
0.477574 0.00929198
0.478233 0.00918304
0.468797 0.00704144
0.493314 0.00819347
0.469416 0.00762461
0.489846 0.00786916
0.486394 0.0098155
0.476411 0.00960055
0.481454 0.00611111
0.491643 0.00693052
0.48439 0.00767293
0.477794 0.00778311
0.467006 0.0068385
0.474822 0.00894305
0.453755 0.0067677
0.471179 0.00676891
0.472976 0.0073317
0.494732 0.00756214
0.500306 0.00619223
0.488516 0.00700209
0.495955 0.00771978
0.493337 0.0075401
0.49985 0.00723105
0.490352 0.00822927
0.476483 0.00625477
0.475876 0.00659256
0.478943 0.00652577
0.483439 0.00735947
0.481098 0.00602203
0.48104 0.00526804
0.460787 0.00503844
0.474318 0.00578891
0.482093 0.00574355
0.474574 0.00547941
0.469704 0.00697783
0.482593 0.0063676
0.479686 0.00664309
0.482724 0.00656596
0.480036 0.00556517
0.486666 0.00619274
0.498876 0.00590362
0 0
0 0
0 0
0 0
0 0
0 0
0 0
0 0
0 0
0 0
0 0
0 0
0 0
0 0
0.0719501 0.00920712
0.522332 0.0384393
1.03009 0.0477511
1.18626 0.0363111
1.02383 0.0344629
0.92137 0.0375902
0.824099 0.0334853
0.763991 0.0341211
0.694661 0.0292502
0.651293 0.0267629
0.587854 0.0225833
0.54323 0.0225778
0.494091 0.0180281
0.499816 0.0178647
0.499489 0.0175102
0.501264 0.0175994
0.511136 0.0185589
0.52514 0.0187341
0.532193 0.0206507
0.567487 0.0156815
0.56133 0.0160491
0.50973 0.0158173
0.50681 0.0144626
0.539945 0.0144457
0.546446 0.0191775
0.527238 0.0138668
0.533626 0.0170959
0.518267 0.0136028
0.489394 0.014813
0.511564 0.0146004
0.483382 0.00932556
0.502931 0.0102915
0.500378 0.0123373
0.49116 0.0107206
0.495267 0.0117395
0.474953 0.0117824
0.467492 0.00996735
0.482602 0.0111012
0.493938 0.010141
0.479352 0.00859435
0.499675 0.00935327
0.508128 0.00742677
0.490028 0.00942205
0.489678 0.00989989
0.516484 0.00853735
0.476565 0.00913535
0.476632 0.00911271
0.467916 0.00693634
0.493646 0.00801395
0.468576 0.00749744
0.488523 0.00780079
0.486615 0.00959492
0.479945 0.0100117
0.481416 0.00597235
0.490594 0.00685191
0.48251 0.00772529
0.476431 0.00772461
0.467869 0.00673732
0.475453 0.008762
0.453867 0.00661481
0.471019 0.00661696
0.473792 0.00721039
0.494383 0.00739833
0.500893 0.00607927
0.487448 0.00692393
0.494231 0.00773432
0.492088 0.00747145
0.497995 0.00730069
0.491391 0.00810757
0.476987 0.00613287
0.47611 0.00644686
0.47902 0.0063779
0.484322 0.00724497
0.481715 0.00591677
0.480734 0.00515717
0.460226 0.00495513
0.474866 0.00568329
0.482767 0.00565242
0.476039 0.00554716
0.469643 0.00681952
0.482265 0.00623133
0.48008 0.00650377
0.48183 0.00647731
0.47967 0.00545075
0.486434 0.00605632
0.499014 0.00577108
0 0
0 0
0 0
0 0
0 0
0 0
0 0
0 0
0 0
0 0
0 0
0 0
0 0
0 0
0.0703513 0.0091403
0.514762 0.0383232
1.02791 0.0467398
1.18979 0.0356756
1.03438 0.0352757
0.926407 0.0370908
0.823964 0.0327415
0.756589 0.0341563
0.696951 0.0286896
0.656254 0.0266239
0.591661 0.0224
0.546452 0.0223047
0.493991 0.0176277
0.49793 0.017567
0.498543 0.0171466
0.503573 0.0173591
0.512033 0.0181681
0.524165 0.0183431
0.526739 0.0208996
0.567467 0.015333
0.557313 0.0161873
0.506246 0.0158449
0.507883 0.014181
0.537562 0.0143198
0.546494 0.0187514
0.523839 0.013969
0.530863 0.0169379
0.513757 0.0140283
0.488489 0.0145114
0.511252 0.0142792
0.482899 0.00913082
0.503179 0.0100658
0.501935 0.012161
0.491829 0.0105033
0.49795 0.0117814
0.476723 0.0116529
0.469873 0.0100261
0.48235 0.0108574
0.492973 0.00996154
0.480098 0.00843571
0.500658 0.00919691
0.507861 0.00726651
0.490518 0.00922538
0.491819 0.0099087
0.517323 0.00838867
0.475979 0.00895116
0.476512 0.008911
0.469415 0.00694224
0.493527 0.00783673
0.467563 0.00739897
0.486938 0.00778685
0.485824 0.00941432
0.478508 0.0098917
0.481512 0.0058404
0.491518 0.00676159
0.483112 0.00757705
0.475141 0.00765991
0.466736 0.00668212
0.474809 0.00859089
0.453861 0.00646782
0.47244 0.00662067
0.475839 0.00733478
0.494277 0.00723468
0.49896 0.00624388
0.48626 0.0068712
0.492095 0.00785192
0.491924 0.00730722
0.498332 0.00714621
0.492945 0.008075
0.475703 0.00612959
0.476876 0.00634903
0.481018 0.00654157
0.484809 0.00710032
0.48069 0.00587349
0.480388 0.00505418
0.459628 0.00488088
0.472969 0.00586501
0.482122 0.00556352
0.477304 0.00556622
0.470215 0.00669194
0.482067 0.006096
0.48009 0.00635925
0.482278 0.00634886
0.479677 0.00532963
0.485988 0.00593816
0.497714 0.00578756
0 0
0 0
0 0
0 0
0 0
0 0
0 0
0 0
0 0
0 0
0 0
0 0
0 0
0 0
0.0688219 0.00906864
0.511224 0.0376531
1.02125 0.0461959
1.20014 0.0363705
1.03095 0.0346745
0.925142 0.0363061
0.827788 0.0322522
0.761571 0.0337751
0.700781 0.0283204
0.660355 0.0263591
0.590262 0.0219566
0.552178 0.022543
0.493979 0.0172445
0.500676 0.0173983
0.497199 0.0168264
0.497261 0.0180929
0.509893 0.0178987
0.524368 0.0179455
0.522083 0.0209573
0.571675 0.0155666
0.557907 0.0158463
0.502913 0.0158471
0.505748 0.0140325
0.533554 0.0145587
0.542058 0.0188613
0.521197 0.0139131
0.527894 0.0168279
0.513094 0.013739
0.487986 0.0142046
0.51086 0.0139742
0.481148 0.00909852
0.502384 0.00987827
0.502053 0.0118972
0.495178 0.0107955
0.5014 0.0120197
0.478998 0.0116195
0.469451 0.009817
0.482958 0.0106384
0.49461 0.00987869
0.480791 0.00828076
0.501378 0.00902514
0.505872 0.00737559
0.491191 0.00904933
0.493185 0.00978701
0.517881 0.0082249
0.477194 0.00883865
0.476736 0.00872012
0.470221 0.00683797
0.493217 0.00767252
0.468139 0.00726049
0.486919 0.00761759
0.483808 0.009423
0.476235 0.00993434
0.480289 0.0058401
0.491314 0.00661768
0.483602 0.00742815
0.474743 0.00750374
0.466535 0.00653989
0.476733 0.00861688
0.453373 0.00634562
0.473318 0.00653469
0.475818 0.00717535
0.493121 0.00716907
0.498168 0.00615816
0.48626 0.00672183
0.4916 0.00769679
0.491382 0.00716839
0.49861 0.00699624
0.492444 0.00791496
0.477521 0.00626004
0.477602 0.00625227
0.480819 0.00640239
0.483443 0.00707609
0.479755 0.00581967
0.479632 0.00500045
0.459502 0.00477642
0.471677 0.00587828
0.481646 0.00546286
0.47617 0.00555947
0.470837 0.00657531
0.483332 0.00609341
0.480158 0.00622137
0.482019 0.00621613
0.479708 0.00521386
0.486283 0.00581637
0.497177 0.0056866
0 0
0 0
0 0
0 0
0 0
0 0
0 0
0 0
0 0
0 0
0 0
0 0
0 0
0 0
0.0698421 0.00893289
0.509527 0.0368902
1.02702 0.0455726
1.2127 0.0377042
1.02649 0.0342231
0.931258 0.0360451
0.825232 0.031667
0.761819 0.0330574
0.705709 0.0281435
0.660181 0.0257988
0.591824 0.021545
0.548376 0.0223818
0.492067 0.0169833
0.499696 0.0170557
0.496484 0.0164836
0.500357 0.017971
0.507595 0.0176648
0.521637 0.0177702
0.51977 0.0206387
0.575032 0.0155932
0.555987 0.0156249
0.502303 0.0155217
0.502396 0.0141286
0.530955 0.0144791
0.539573 0.0186229
0.51755 0.0140869
0.526432 0.0165332
0.512359 0.0134664
0.486764 0.0139548
0.507262 0.0141323
0.480382 0.00893719
0.505073 0.0100273
0.504824 0.0119625
0.497689 0.010854
0.499322 0.0119422
0.478641 0.0113778
0.471917 0.00991285
0.486846 0.0110999
0.493334 0.00975054
0.48255 0.00828931
0.502459 0.00889758
0.506099 0.00722213
0.490707 0.0088697
0.492262 0.00962214
0.516924 0.00810549
0.47739 0.00865276
0.478633 0.00873842
0.471223 0.00676552
0.492266 0.00756802
0.468345 0.00710892
0.485463 0.00759333
0.48292 0.00926425
0.477237 0.0097733
0.480775 0.005736
0.490512 0.00652525
0.481487 0.00756532
0.475016 0.00734904
0.467341 0.0064503
0.478067 0.00853618
0.454066 0.00624836
0.472976 0.00640457
0.474689 0.00711104
0.493226 0.0070173
0.498435 0.0060329
0.486825 0.00660252
0.490135 0.00767131
0.492315 0.00707635
0.498307 0.00685393
0.490728 0.00793047
0.476404 0.00622555
0.477881 0.00612548
0.480692 0.00626743
0.484293 0.00697637
0.479801 0.00569603
0.477819 0.00521239
0.458532 0.00477219
0.47046 0.00587776
0.482155 0.00537026
0.475573 0.00547313
0.470443 0.00644721
0.483107 0.00596793
0.480211 0.00608923
0.482905 0.00614676
0.480246 0.00513053
0.486325 0.00569278
0.49695 0.00557013
0 0
0 0
0 0
0 0
0 0
0 0
0 0
0 0
0 0
0 0
0 0
0 0
0 0
0 0
0.0716307 0.00892406
0.515708 0.0366358
1.04362 0.0475502
1.22307 0.0383181
1.02437 0.0335757
0.935326 0.035523
0.826976 0.0310553
0.759844 0.0324277
0.70246 0.0277441
0.653427 0.0261305
0.592848 0.0211204
0.542722 0.0226185
0.49072 0.0166828
0.49996 0.0167024
0.495309 0.016182
0.504697 0.0181129
0.509486 0.0173978
0.51902 0.0175917
0.515562 0.0206333
0.577439 0.015453
0.552954 0.0155911
0.505281 0.0154814
0.499866 0.0140589
0.527493 0.0145853
0.539148 0.0182398
0.515039 0.0140155
0.523505 0.0164457
0.50997 0.013396
0.486884 0.0136646
0.507931 0.0138537
0.481168 0.00878556
0.504025 0.00987306
0.503404 0.0117972
0.497702 0.0106279
0.500085 0.0117178
0.480131 0.0112379
0.472028 0.00970695
0.486714 0.0108694
0.493164 0.0095489
0.48652 0.00901733
0.503686 0.00879641
0.507737 0.00725504
0.490707 0.00868491
0.490639 0.00955763
0.515574 0.00804824
0.475618 0.00865196
0.478494 0.00855748
0.471207 0.0066246
0.491456 0.00745355
0.470784 0.00736732
0.485803 0.00744277
0.481433 0.00918981
0.476576 0.00959197
0.482787 0.00595915
0.491597 0.00647898
0.481425 0.00740796
0.473882 0.00728292
0.467158 0.00631852
0.478794 0.00838922
0.454857 0.006168
0.474995 0.0065815
0.473537 0.00705563
0.49248 0.00691057
0.499286 0.00596703
0.486333 0.00648326
0.490232 0.00751211
0.492218 0.00692959
0.496605 0.00691929
0.487855 0.00826922
0.47615 0.00610104
0.479144 0.00612672
0.480959 0.00614255
0.483283 0.00690365
0.479481 0.00558635
0.475813 0.00547624
0.458384 0.00467508
0.47096 0.00577654
0.481801 0.00527007
0.475433 0.0053609
0.470286 0.00631479
0.482293 0.0058989
0.479944 0.00596823
0.482503 0.00603184
0.481562 0.00518974
0.487515 0.00569708
0.496721 0.00545879
0 0
0 0
0 0
0 0
0 0
0 0
0 0
0 0
0 0
0 0
0 0
0 0
0 0
0 0
0.0701688 0.00886086
0.522564 0.0365239
1.04932 0.0469197
1.23338 0.0388984
1.02966 0.0333042
0.939228 0.0350117
0.828384 0.0304534
0.764936 0.0321632
0.693074 0.0287217
0.647957 0.0261636
0.593737 0.0207081
0.542864 0.0221574
0.488635 0.0164721
0.499477 0.0163685
0.492262 0.016136
0.501692 0.0179908
0.51196 0.0172176
0.520551 0.0172991
0.515796 0.0202135
0.5794 0.0152615
0.554068 0.0153127
0.502879 0.0153506
0.496437 0.0141841
0.52556 0.0144153
0.540544 0.0179209
0.515307 0.013732
0.520665 0.0163536
0.507582 0.0133338
0.483638 0.0137658
0.508543 0.0135845
0.481614 0.00861754
0.504311 0.00967571
0.502789 0.0115725
0.495394 0.0106586
0.49961 0.0114883
0.481356 0.0110751
0.471763 0.00951246
0.487658 0.0106885
0.493162 0.00935403
0.486767 0.00883669
0.503213 0.00862961
0.509868 0.00741351
0.491195 0.00852138
0.491575 0.00940829
0.512408 0.00848397
0.473211 0.0088039
0.476838 0.00854143
0.472913 0.00670568
0.494015 0.0077284
0.470319 0.00723159
0.485996 0.00729337
0.48198 0.00901852
0.478021 0.00950438
0.482212 0.00586524
0.492473 0.00640558
0.483453 0.00752921
0.473365 0.00715258
0.465599 0.00637911
0.477584 0.00830483
0.456028 0.00615223
0.474864 0.00644849
0.474063 0.00693125
0.493164 0.00680331
0.500215 0.00591701
0.486449 0.00635198
0.491154 0.00741516
0.49063 0.00696787
0.496054 0.00679999
0.4869 0.00815546
0.476841 0.0060155
0.478172 0.00607836
0.479661 0.00615281
0.48207 0.00686863
0.479778 0.00548022
0.474116 0.00562117
0.456871 0.00481799
0.470236 0.00570383
0.480922 0.0052353
0.477544 0.00565195
0.471226 0.00625538
0.481562 0.00582365
0.479621 0.00585519
0.481962 0.00593296
0.481436 0.00508536
0.487726 0.00558472
0.497075 0.00535887
0 0
0 0
0 0
0 0
0 0
0 0
0 0
0 0
0 0
0 0
0 0
0 0
0 0
0 0
0.0708414 0.00870913
0.526192 0.0359732
1.04797 0.0460006
1.23152 0.038165
1.02788 0.0326856
0.951728 0.0364745
0.835579 0.0306825
0.764748 0.0315205
0.693441 0.0281497
0.64478 0.0258324
0.591954 0.0203706
0.544344 0.0217636
0.49254 0.016599
0.497714 0.0161358
0.488867 0.0161665
0.500814 0.0176524
0.510814 0.0169114
0.520755 0.0169544
0.518965 0.0200563
0.579435 0.0149563
0.553762 0.0150095
0.502262 0.015056
0.493923 0.0141214
0.526381 0.0141504
0.539638 0.0175853
0.512417 0.0137582
0.517971 0.0162469
0.504814 0.0133513
0.484058 0.0134969
0.506938 0.0134072
0.484301 0.00885433
0.505666 0.00957664
0.500508 0.0115637
0.493493 0.0106136
0.497832 0.0113954
0.483712 0.0111015
0.472942 0.00939507
0.486527 0.0105344
0.491655 0.00928754
0.486471 0.00866493
0.50048 0.00887913
0.509115 0.00730341
0.492108 0.00839973
0.493266 0.00937083
0.511936 0.00832741
0.471609 0.00877232
0.474608 0.00865689
0.472777 0.00657295
0.495844 0.0077871
0.472134 0.00731108
0.487139 0.00723647
0.482568 0.00885733
0.480765 0.00970244
0.482558 0.00575814
0.491498 0.00635116
0.482033 0.00751143
0.472331 0.00708384
0.465692 0.00625222
0.478291 0.0081688
0.457051 0.00611363
0.475544 0.00635533
0.475315 0.0069048
0.49218 0.00673814
0.498934 0.00593566
0.486277 0.00622727
0.492937 0.00747819
0.491834 0.00693173
0.496716 0.00669617
0.486063 0.00803518
0.47561 0.00601988
0.477361 0.00601068
0.478579 0.00612412
0.481904 0.00673326
0.478323 0.00556029
0.472801 0.00566052
0.456381 0.00474657
0.470161 0.00559025
0.479993 0.00521228
0.478633 0.00564287
0.472177 0.00620224
0.480481 0.00580663
0.478939 0.00577763
0.481871 0.00581501
0.480856 0.00501664
0.487574 0.00547509
0.496748 0.00526165
