0.0568198
0.0568192
0.0568182
0.0568168
0.056815
0.0568128
0.0568103
0.0568073
0.0568039
0.0568001
0.0567958
0.056791
0.0567857
0.0567785
0.0567713
0.0567628
0.056754
0.0567461
0.0567352
0.0567239
0.0567132
0.0567016
0.0566891
0.0566763
0.0566626
0.056648
0.0566344
0.0566195
0.0566028
0.0565865
0.0565707
0.056553
0.0565345
0.0565155
0.056496
0.056477
0.0564567
0.0564338
0.056411
0.0563893
0.0563674
0.0563434
0.056319
0.0562924
0.0562658
0.0562384
0.0562099
0.0561789
0.0561479
0.0561157
0.0560824
0.0560469
0.0560114
0.0559748
0.0559359
0.055896
0.0558541
0.0558101
0.0557651
0.0557179
0.0556691
0.0556182
0.0555645
0.0555086
0.0554505
0.0553904
0.0553275
0.055263
0.0551956
0.0551254
0.0550519
0.054976
0.0548985
0.0548171
0.054734
0.0546485
0.0545635
0.0544763
0.0543904
0.0543058
0.0542246
0.0541493
0.0540831
0.0540305
0.053997
0.0539918
0.0540255
0.0541117
0.0542673
0.0545149
0.0548781
0.0553863
0.0560617
0.0569182
0.0579445
0.0590854
0.0602299
0.0612124
0.0618471
0.0619879
0.0615925
0.0607449
0.0596238
0.0584339
0.0573536
0.0565083
0.0559744
0.0557961
0.0560006
0.0566088
0.0576326
0.0590726
0.0608921
0.063006
0.0652655
0.0674736
0.0694257
0.0709631
0.0720073
0.072536
0.0725558
0.0720831
0.071164
0.0699035
0.0684719
0.0670715
0.0658882
0.0650524
0.0646129
0.0645491
0.0647928
0.0652566
0.0658703
0.0666029
0.067461
0.0684749
0.0696668
0.0710188
0.0724681
0.0739137
0.0752476
0.0763876
0.0773016
0.0780066
0.0785496
0.0789763
0.0793041
0.0795202
0.0795802
0.0794231
0.0789897
0.078246
0.0771833
0.0758241
0.0742194
0.0724393
0.0705714
0.0687077
0.0669405
0.0653536
0.0640182
0.0629907
0.0623066
0.0619856
0.0620324
0.0624376
0.0631803
0.064236
0.0655806
0.0672024
0.0691054
0.0713105
0.073841
0.0766976
0.0798339
0.0831479
0.0864937
0.0896877
0.0924447
0.094304
0.0946946
0.0932687
0.0902433
0.0863255
0.0823027
0.0786919
0.0756878
0.0732675
0.071324
0.0697314
0.0683908
0.0672324
0.0662115
0.0653039
0.0644937
0.0637645
0.0631051
0.0625087
0.0619764
0.061521
0.0611692
0.0609564
0.060927
0.0611217
0.0615663
0.0622577
0.0631553
0.064171
0.065181
0.0660526
0.0666718
0.0669768
0.0669629
0.0666736
0.0661794
0.0655656
0.0649124
0.064295
0.0637667
0.0633551
0.0630582
0.0628524
0.0627058
0.0625908
0.0624969
0.0624323
0.062429
0.0625309
0.0627835
0.0632303
0.063904
0.0648213
0.0659736
0.0673224
0.068788
0.0702605
0.0716246
0.0727884
0.0737138
0.074413
0.0749246
0.0752762
0.0754688
0.0754897
0.0753396
0.0750603
0.0747317
0.0744528
0.0743164
0.0743838
0.0746808
0.0752052
0.0759353
0.0768274
0.0777998
0.0787039
0.079305
0.0792933
0.0783938
0.0764992
0.0737576
0.0705133
0.0671616
0.0640132
0.0612472
0.0589287
0.0570518
0.0555765
0.0544551
0.0536442
0.0531125
0.0528408
0.0528166
0.0530426
0.0535248
0.0542761
0.0553075
0.0566345
0.0582643
0.0601961
0.0624132
0.0648807
0.067542
0.0703192
0.0731083
0.0757828
0.0781923
0.0801566
0.0814898
0.0820354
0.0817223
0.0806015
0.0788555
0.0767395
0.074526
0.0724572
0.0707196
0.069446
0.068709
0.0684936
0.0686629
0.0689331
0.0689084
0.068216
0.0666873
0.0644477
0.0618325
0.0592064
0.0568309
0.0548287
0.0532221
0.05197
0.0510182
0.050309
0.0497956
0.0494458
0.0492374
0.0491642
0.0492273
0.049439
0.0498203
0.050396
0.0511936
0.0522405
0.0535522
0.0551264
0.0569277
0.0588774
0.060852
0.0626956
0.0642497
0.065389
0.0660481
0.0662174
0.0659273
0.0652219
0.0641577
0.0628051
0.0612532
0.0596085
0.0579763
0.0564519
0.0551066
0.0539857
0.0531089
0.0524835
0.0521034
0.0519585
0.0520375
0.0523262
0.0528116
0.0534807
0.054316
0.0553012
0.0564166
0.0576456
0.0589772
0.0604103
0.0619467
0.0635791
0.0652738
0.066941
0.06842
0.0695135
0.0700623
0.0700424
0.0695879
0.068944
0.0683538
0.0679743
0.0678304
0.0678424
0.0678751
0.0678068
0.0675835
0.0672381
0.0668635
0.0665591
0.0663905
0.0663602
0.0664136
0.0664576
0.0663881
0.0661225
0.0656188
0.0648939
0.0640098
0.0630655
0.0621683
0.0614186
0.0608921
0.0606398
0.0606833
0.0610171
0.0616086
0.0624103
0.0633553
0.0643695
0.0653666
0.0662459
0.0668911
0.0671715
0.0669693
0.0662212
0.0649459
0.06325
0.0612944
0.059255
0.0572779
0.0554727
0.0538972
0.05258
0.0515217
0.0507089
0.0501252
0.0497496
0.0495609
0.0495417
0.0496773
0.0499597
0.0503833
0.0509436
0.0516385
0.0524704
0.0534358
0.0545269
0.0557286
0.0570172
0.0583605
0.0597152
0.0610394
0.0623005
0.0634757
0.0645624
0.0655785
0.0665586
0.0675414
0.0685617
0.0696404
0.0707821
0.0719734
0.0731864
0.0743862
0.0755329
0.0765961
0.0775446
0.0783525
0.0789984
0.0794656
0.079743
0.0798324
0.0797486
0.0795192
0.0791692
0.0787194
0.0781786
0.0775398
0.0767979
0.0759594
0.075056
0.0741447
0.073299
0.0725924
0.0720747
0.0717667
0.0716544
0.0716954
0.0718317
0.0719945
0.0721177
0.0721322
0.0719778
0.0716029
0.0709721
0.0700738
0.0689196
0.0675426
0.0659957
0.0643402
0.0626446
0.0609715
0.0593751
0.0578987
0.0565718
0.0554137
0.0544355
0.0536475
0.0530562
0.0526703
0.0524987
0.0525553
0.0528486
0.0533833
0.0541406
0.0550737
0.0560968
0.05708
0.0578726
0.0583412
0.058413
0.0581087
0.0575269
0.0568121
0.0561069
0.0555245
0.0551363
0.0549852
0.0550948
0.0554813
0.0561678
0.0571823
0.0585627
0.0603446
0.0625518
0.0651646
0.0680829
0.0710959
0.0738809
0.0760569
0.077309
0.0775179
0.0768259
0.0755827
0.0741965
0.0729886
0.0721082
0.0715389
0.0711672
0.0708585
0.0705215
0.0701202
0.06966
0.0691605
0.0686378
0.0681082
0.0675849
0.0670803
0.0666121
0.0661907
0.0658236
0.0655162
0.0652773
0.0651218
0.0650707
0.0651452
0.0653696
0.0657583
0.0663144
0.0670189
0.0678207
0.0686253
0.069295
0.0696685
0.0696003
0.069013
0.0679345
0.0664796
0.0648077
0.0630686
0.06138
0.0598171
0.0584263
0.0572425
0.0562962
0.0556125
0.055205
0.0550744
0.0551978
0.0555242
0.0559831
0.0564903
0.0569739
0.0573924
0.0577344
0.0580183
0.0582573
0.0584366
0.058507
0.0583994
0.0580613
0.0574894
0.0567386
0.0559085
0.0551107
0.0544428
0.0539739
0.053745
0.0537733
0.0540581
0.0545887
0.0553427
0.0562864
0.0573714
0.0585324
0.0596988
0.0607944
0.0617636
0.0625754
0.0632346
0.0637748
0.0642465
0.0647125
0.0652383
0.0658933
0.0667436
0.0678409
0.0691939
0.0707464
0.0723593
0.0738159
0.0748752
0.0753544
0.0752106
0.0745563
0.0736175
0.0726513
0.0718741
0.0714392
0.0714371
0.0719157
0.0729086
0.0744462
0.0765496
0.0792152
0.0823704
0.0858293
0.0892772
0.0923305
0.0946584
0.0960896
0.0966084
0.0962443
0.0950014
0.0928747
0.0899448
0.086421
0.0826146
0.0788573
0.0754254
0.0725032
0.0701645
0.0683913
0.0670877
0.0661069
0.0652881
0.0644909
0.0636402
0.0627339
0.0618335
0.061039
0.0604561
0.0601778
0.0602727
0.0607917
0.0617623
0.0631996
0.0651015
0.0674426
0.0701635
0.0731524
0.0762272
0.0791267
0.0815417
0.0831951
0.0839318
0.0837268
0.0826356
0.0807492
0.0782333
0.0753716
0.0725183
0.0700024
0.0680382
0.0667088
0.0660029
0.0658416
0.0661071
0.0666555
0.0673322
0.0679795
0.0684651
0.0687006
0.0686606
0.0683866
0.0679807
0.067583
0.0673388
0.0673508
0.0676455
0.0681339
0.0686153
0.0688273
0.0685449
0.0676851
0.0663447
0.0647446
0.0631261
0.0616776
0.0605007
0.0596331
0.0590686
0.0587835
0.0587465
0.0589292
0.0593046
0.0598458
0.0605211
0.0612883
0.062097
0.0628873
0.0635944
0.0641591
0.0645369
0.0647043
0.0646625
0.0644379
0.0640768
0.0636347
0.0631688
0.0627299
0.0623529
0.0620588
0.0618546
0.0617384
0.061705
0.0617496
0.0618709
0.0620663
0.0623365
0.0626731
0.0630575
0.0634637
0.0638612
0.0642194
0.0645185
0.0647614
0.0649646
0.0651647
0.0653991
0.065701
0.0660946
0.0665904
0.0672031
0.0679511
0.068853
0.0699034
0.0710399
0.0721021
0.0728357
0.0729422
0.0721926
0.070532
0.0681209
0.0652692
0.0623256
0.059575
0.0571955
0.0552703
0.0538112
0.052792
0.0521718
0.0519078
0.0519647
0.0523143
0.0529334
0.0538025
0.054898
0.0561858
0.0576206
0.0591418
0.0606844
0.06219
0.0636207
0.0649644
0.0662293
0.0674304
0.0685619
0.0695868
0.0704391
0.0710376
0.0713123
0.0712424
0.0708647
0.0702684
0.0695709
0.0688704
0.0682126
0.0675739
0.0668843
0.0660554
0.0650361
0.0638389
0.0625387
0.0612433
0.0600545
0.0590402
0.0582248
0.0575939
0.0571084
0.0567164
0.0563653
0.0560133
0.0556365
0.0552258
0.0547918
0.0543525
0.0539358
0.0535692
0.0532821
0.0530932
0.0530238
0.0530867
0.05329
0.053638
0.0541275
0.0547499
0.0554898
0.0563248
0.0572305
0.0581907
0.0591982
0.0602642
0.0614127
0.0626673
0.0640279
0.0654596
0.0668996
0.0682866
0.0696103
0.0709184
0.072289
0.0737632
0.0752886
0.0767251
0.0779167
0.0787923
0.0794138
0.0799477
0.0805428
0.0812059
0.081762
0.0819382
0.0815281
0.0805065
0.0790015
0.0771927
0.0752111
0.073126
0.0709799
0.0688219
0.0667179
0.0647385
0.0629417
0.0613642
0.060014
0.0588795
0.0579341
0.0571443
0.0564804
0.0559147
0.0554246
0.054995
0.0546162
0.0542848
0.0539993
0.0537606
0.0535729
0.0534386
0.0533636
0.0533515
0.0534069
0.053537
0.0537468
0.0540429
0.0544349
0.0549334
0.0555527
0.0563065
0.0572109
0.0582773
0.059508
0.060898
0.0624212
0.0640408
0.0657022
0.0673353
0.0688472
0.070101
0.0709117
0.0710899
0.0705259
0.0692805
0.0675815
0.0657424
0.0640417
0.0626595
0.0616719
0.0610715
0.0607987
0.0607706
0.0608887
0.0610508
0.0611643
0.0611585
0.060991
0.060659
0.0601927
0.0596484
0.0590919
0.0585881
0.0581895
0.0579336
0.057844
0.0579314
0.0581927
0.0586122
0.0591577
0.0597798
0.060411
0.060974
0.061392
0.0616002
0.0615712
0.0613124
0.0608689
0.0603055
0.059688
0.0590736
0.058505
0.0580083
0.0575959
0.0572661
0.0570162
0.0568324
0.0567028
0.0566113
0.0565402
0.0564787
0.0564147
0.0563442
0.0562694
0.056198
0.0561475
0.056137
0.0561879
0.0563218
0.056564
0.0569406
0.0574831
0.0582291
0.0592144
0.0604618
0.061946
0.0635569
0.0650582
0.0661048
0.0663517
0.0656107
0.0639704
0.0617432
0.0593085
0.056972
0.0549039
0.0531691
0.0517619
0.0506469
0.04978
0.0491239
0.048645
0.0483185
0.0481271
0.0480562
0.0480964
0.0482427
0.0484886
0.0488316
0.0492692
0.0497982
0.0504176
0.0511219
0.0519067
0.0527646
0.0536852
0.0546557
0.0556565
0.0566654
0.0576504
0.0585781
0.0594049
0.0600972
0.0606214
0.060964
0.0611266
0.0611354
0.0610316
0.0608707
0.0607111
0.0606089
0.0606119
0.0607602
0.050292
0.0507678
0.0513839
0.0521267
0.0529621
0.0538438
0.0547098
0.0554872
0.0561013
0.0564891
0.0566131
0.0564663
0.0560803
0.0555134
0.0548399
0.0541409
0.0534905
0.0529549
0.0525902
0.0524403
0.052541
0.052915
0.0535703
0.0544914
0.0556418
0.0569613
0.0583691
0.0597767
0.0611
0.0622713
0.0632358
0.0639364
0.0643033
0.064243
0.0636741
0.0625664
0.0609978
0.059144
0.0572372
0.0554923
0.0540673
0.0530466
0.0524548
0.0522675
0.0524364
0.0528988
0.053591
0.0544531
0.055434
0.0564951
0.0576053
0.0587311
0.0598353
0.0608643
0.0617504
0.0624274
0.0628409
0.0629672
0.0628281
0.0624938
0.062074
0.0617074
0.0615495
0.0617599
0.0624822
0.0637941
0.0656102
0.0675589
0.0689542
0.0690326
0.0674331
0.064473
0.0609114
0.0574686
0.0545516
0.0522739
0.0505823
0.049365
0.0485109
0.0479324
0.0475577
0.0473292
0.0471912
0.0470836
0.046948
0.0467293
0.0463903
0.0459199
0.0453402
0.0447014
0.0440666
0.0435026
0.0430669
0.0427994
0.042724
0.0428442
0.0431486
0.0436103
0.044187
0.0448236
0.0454547
0.046004
0.046391
0.0465442
0.0464104
0.0459706
0.045248
0.044305
0.0432284
0.0421074
0.0410189
0.0400196
0.0391415
0.0383997
0.0377923
0.037311
0.0369451
0.0366818
0.0365113
0.036426
0.0364218
0.0364967
0.0366556
0.0369042
0.0372552
0.0377222
0.0383251
0.0390849
0.0400219
0.0411582
0.0425045
0.0440645
0.0458249
0.0477569
0.0498215
0.0519858
0.0542366
0.0565852
0.0590577
0.0616655
0.064368
0.0670655
0.0696268
0.0719452
0.0739627
0.0756356
0.0768578
0.0774233
0.0770937
0.0757379
0.0734323
0.0704397
0.0670996
0.0637037
0.0604554
0.0574623
0.0547685
0.0523785
0.050279
0.04845
0.046868
0.0455112
0.0443607
0.0434007
0.042616
0.0419976
0.0415365
0.0412255
0.0410593
0.0410333
0.0411473
0.0413984
0.0417889
0.0423187
0.0429938
0.0438192
0.0448049
0.0459624
0.0473043
0.0488503
0.0506206
0.0526355
0.0549105
0.057439
0.0601723
0.0629764
0.065603
0.067687
0.068828
0.0687614
0.0674949
0.0653089
0.0626171
0.059797
0.057107
0.0546777
0.0525561
0.0507382
0.0492036
0.0479187
0.0468538
0.0459796
0.045265
0.044684
0.0442083
0.0438123
0.0434715
0.0431638
0.0428723
0.0425846
0.0422935
0.0419977
0.0417022
0.0414143
0.0411466
0.0409094
0.0407164
0.0405741
0.0404908
0.0404692
0.0405114
0.0406152
0.0407788
0.0409991
0.0412755
0.0416101
0.0420071
0.0424707
0.0430077
0.0436203
0.044305
0.0450501
0.045835
0.0466285
0.0473912
0.0480812
0.0486679
0.0491331
0.0494811
0.0497365
0.0499375
0.050124
0.0503293
0.0505691
0.050834
0.051098
0.0513146
0.051438
0.0514276
0.0512631
0.0509491
0.0505126
0.0499932
0.0494304
0.0488616
0.0483139
0.0478094
0.0473648
0.0469971
0.0467241
0.0465643
0.0465388
0.0466628
0.0469481
0.0473968
0.047995
0.0487207
0.0495385
0.0504112
0.0513048
0.0521976
0.0530786
0.0539441
0.0547775
0.0555371
0.0561555
0.0565571
0.0566943
0.0565805
0.056297
0.0559592
0.0556791
0.055523
0.0555017
0.0555695
0.0556517
0.0556687
0.055559
0.0552977
0.0548974
0.0544065
0.0539058
0.0534961
0.053295
0.0534145
0.0539502
0.0549486
0.0563804
0.058104
0.0598556
0.0612695
0.0619736
0.0617173
0.0604812
0.0584801
0.0560722
0.0536222
0.0514043
0.0495707
0.048174
0.0471993
0.0465968
0.0463072
0.0462733
0.0464506
0.0468007
0.0472937
0.0479053
0.0486038
0.0493459
0.0500777
0.0507447
0.0513095
0.0517671
0.0521582
0.0525525
0.0530361
0.0536772
0.0545087
0.055512
0.0566196
0.0577254
0.0587026
0.0594249
0.059785
0.0597099
0.059171
0.0581875
0.0568307
0.0552119
0.0534646
0.0517186
0.0500769
0.0486123
0.047363
0.0463379
0.0455314
0.0449236
0.0444905
0.0442045
0.0440408
0.0439699
0.0439664
0.044003
0.0440518
0.0440877
0.0440894
0.0440439
0.0439406
0.0437829
0.0435788
0.0433427
0.0430902
0.0428374
0.042597
0.0423773
0.0421812
0.042014
0.0418758
0.0417683
0.0416927
0.0416506
0.0416455
0.0416799
0.0417569
0.0418776
0.0420452
0.0422627
0.0425316
0.0428549
0.0432316
0.043662
0.0441457
0.0446782
0.045255
0.0458715
0.0465215
0.0472031
0.0479148
0.0486591
0.0494446
0.0502779
0.0511617
0.0520854
0.0530155
0.0538947
0.0546404
0.0551578
0.0553698
0.0552382
0.0547754
0.0540418
0.0531237
0.0521117
0.0510862
0.0501086
0.0492159
0.0484284
0.0477497
0.047173
0.0466851
0.046275
0.0459334
0.0456555
0.0454495
0.0453202
0.0452772
0.0453251
0.0454627
0.0456796
0.0459538
0.0462575
0.046554
0.0468083
0.0469831
0.0470501
0.0469904
0.0467981
0.0464829
0.0460676
0.0455848
0.0450709
0.0445659
0.0441046
0.0437176
0.0434305
0.0432653
0.0432345
0.0433515
0.0436297
0.0440759
0.0446956
0.0454889
0.0464381
0.0475042
0.0486128
0.049657
0.0505001
0.0510126
0.0511134
0.0507995
0.0501465
0.0492872
0.0483637
0.0474987
0.0467759
0.0462436
0.0459189
0.0458008
0.0458782
0.0461275
0.0465241
0.0470359
0.0476307
0.0482725
0.0489329
0.0495884
0.0502228
0.0508313
0.0514123
0.0519681
0.0524963
0.0529933
0.0534467
0.0538475
0.0541832
0.0544514
0.0546578
0.0548183
0.0549593
0.0551132
0.055317
0.0556029
0.0559969
0.0565099
0.0571358
0.0578461
0.0585853
0.0592712
0.0598075
0.0601
0.0600854
0.0597488
0.0591259
0.0582927
0.0573355
0.0563296
0.0553256
0.0543417
0.0533736
0.052402
0.0514048
0.0503631
0.0492796
0.0481674
0.0470532
0.0459741
0.0449606
0.0440389
0.0432266
0.042533
0.04196
0.0415047
0.0411636
0.0409347
0.0408203
0.0408266
0.0409685
0.0412638
0.0417341
0.0424046
0.0432958
0.0444235
0.0457958
0.0474116
0.0492537
0.0512961
0.0535074
0.0558625
0.0583575
0.0610253
0.0639336
0.0671444
0.0705962
0.0739289
0.0763832
0.0770376
0.0754251
0.0719568
0.0676411
0.0634255
0.0598389
0.0570308
0.0549438
0.0534465
0.0524031
0.0516943
0.0512212
0.0509071
0.0506946
0.0505405
0.0504171
0.0503068
0.0502
0.0500893
0.0499707
0.0498367
0.0496802
0.0494956
0.0492752
0.04902
0.0487281
0.048406
0.0480616
0.0477072
0.0473541
0.0470168
0.0467074
0.0464369
0.0462186
0.0460625
0.0459788
0.0459793
0.0460726
0.0462695
0.0465776
0.0470007
0.0475363
0.0481746
0.048895
0.0496696
0.0504571
0.0512042
0.0518492
0.052323
0.0525543
0.052483
0.0520699
0.0513052
0.0502208
0.0488834
0.0473906
0.0458508
0.0443688
0.0430321
0.0419004
0.0410128
0.0403861
0.0400267
0.0399308
0.0400893
0.0404953
0.0411329
0.0419826
0.0430173
0.0441994
0.0454848
0.0468201
0.0481549
0.0494412
0.0506374
0.0517059
0.0526071
0.0532974
0.0537319
0.0538795
0.0537349
0.0533234
0.0526978
0.0519278
0.0510813
0.0502138
0.049369
0.0485786
0.0478607
0.0472326
0.0467006
0.0462711
0.0459488
0.0457332
0.0456224
0.0456145
0.0457024
0.0458825
0.0461453
0.0464862
0.0468946
0.0473645
0.0478925
0.048468
0.0490863
0.04974
0.050423
0.0511243
0.0518303
0.0525281
0.0532006
0.0538287
0.0543987
0.0548961
0.055306
0.0556193
0.0558185
0.0558809
0.0557811
0.0554969
0.0550107
0.054321
0.053444
0.0524123
0.0512707
0.0500666
0.0488446
0.0476453
0.0465013
0.0454374
0.0444773
0.0436385
0.0429383
0.0423934
0.0420183
0.0418238
0.0418117
0.0419783
0.0423043
0.042751
0.0432598
0.0437556
0.044155
0.0443918
0.0444307
0.0442801
0.043996
0.043653
0.0433371
0.0431117
0.043008
0.0430176
0.0430969
0.0431742
0.0431696
0.043022
0.0427001
0.0422189
0.0416298
0.0410054
0.0404212
0.0399381
0.0395978
0.0394249
0.0394223
0.0395823
0.0398851
0.0403047
0.0408087
0.0413693
0.041959
0.0425634
0.0431812
0.0438268
0.0445295
0.0453276
0.0462655
0.0473808
0.0487021
0.0502377
0.0519618
0.0538037
0.0556311
0.057256
0.058463
0.0590885
0.059092
0.0585852
0.0577899
0.0569598
0.0563021
0.055949
0.0559596
0.0563356
0.0570408
0.0580121
0.0591733
0.0604378
0.0617267
0.0629697
0.0641128
0.0651131
0.0659341
0.0665437
0.0669192
0.0670632
0.0670139
0.0668374
0.0666106
0.0663976
0.0662287
0.0661061
0.0660099
0.0659113
0.0657818
0.0655915
0.0652986
0.0648405
0.0641485
0.0631624
0.0618655
0.0602985
0.0585458
0.0567125
0.0548926
0.0531551
0.0515377
0.0500538
0.048704
0.047484
0.0463855
0.0453997
0.0445224
0.0437478
0.043075
0.0425033
0.0420329
0.0416662
0.0414086
0.0412655
0.0412405
0.041339
0.0415613
0.0419059
0.0423666
0.0429296
0.0435709
0.0442586
0.0449519
0.0456043
0.046166
0.0465915
0.0468462
0.0469042
0.0467645
0.0464425
0.0459702
0.0453878
0.0447429
0.0440749
0.0434171
0.042795
0.0422235
0.0417091
0.0412521
0.0408513
0.0405064
0.0402166
0.0399822
0.0398055
0.0396951
0.0396582
0.0397047
0.0398442
0.0400886
0.0404477
0.0409301
0.0415413
0.042286
0.0431602
0.0441527
0.0452413
0.0463947
0.0475652
0.0486927
0.0497109
0.0505454
0.0511354
0.051435
0.0514289
0.0511363
0.0506077
0.049919
0.0491568
0.0484044
0.0477446
0.0472383
0.0469355
0.0468723
0.0470648
0.0475183
0.0482184
0.0491257
0.050176
0.0512706
0.0522844
0.0530792
0.0535324
0.0535614
0.053153
0.0523641
0.0513088
0.0501211
0.048932
0.0478458
0.0469342
0.046235
0.045765
0.0455205
0.0454862
0.0456327
0.0459163
0.04628
0.0466554
0.0469693
0.0471569
0.0471772
0.047022
0.0467175
0.0463211
0.0458995
0.0455216
0.0452461
0.0451163
0.045161
0.0453958
0.0458308
0.0464653
0.0472953
0.0483076
0.0494827
0.0507877
0.0521745
0.0535844
0.0549406
0.0561586
0.0571499
0.0578386
0.0581698
0.0581245
0.0577191
0.0570053
0.0560561
0.054955
0.053783
0.0526071
0.0514783
0.0504335
0.0494922
0.0486648
0.0479516
0.047352
0.0468587
0.0464671
0.0461711
0.0459663
0.0458508
0.0458212
0.0458756
0.0460179
0.0462506
0.0465806
0.0470213
0.0475883
0.048302
0.0491743
0.0502086
0.0513835
0.0526439
0.0538967
0.0550155
0.0558633
0.0563221
0.056319
0.0558473
0.0549598
0.0537559
0.052362
0.0509114
0.0495214
0.0482888
0.0472771
0.0465226
0.0460343
0.0458046
0.045805
0.0459971
0.0463305
0.0467494
0.0471969
0.0476217
0.0479916
0.0482917
0.0485257
0.0487159
0.0488883
0.0490666
0.0492652
0.0494854
0.0497177
0.0499413
0.0501324
0.0502684
0.0503317
0.0503139
0.0502177
0.0500537
0.0498408
0.0496013
0.0493597
0.0491395
0.0489639
0.0488512
0.0488184
0.0488761
0.0490341
0.0492944
0.049655
0.0501047
0.0506318
0.0512193
0.0518506
0.0525138
0.0532005
0.0539115
0.05465
0.0554191
0.0562179
0.0570335
0.0578365
0.058584
0.0592236
0.0596999
0.0599799
0.060056
0.0599552
0.0597365
0.0594695
0.0592186
0.0590308
0.0589289
0.0589073
0.0589441
0.0589965
0.0590185
0.058965
0.0588097
0.0585478
0.0581932
0.0577703
0.0572953
0.0567626
0.0561412
0.0553821
0.0545094
0.053433
0.0521964
0.0508773
0.049576
0.0483873
0.0473867
0.0466272
0.0461383
0.0459351
0.0460251
0.0464108
0.0470876
0.0480484
0.0492675
0.0506984
0.0522611
0.0538305
0.055257
0.056377
0.0570599
0.0572475
0.0569658
0.056316
0.0554302
0.0544358
0.0534312
0.0524818
0.051619
0.0508543
0.0501861
0.0496036
0.0490957
0.0486479
0.0482468
0.0478794
0.04753
0.0471873
0.0468383
0.0464707
0.046075
0.0456429
0.045174
0.0446727
0.0441492
0.0436178
0.0430998
0.0426174
0.0421966
0.0418598
0.0416289
0.0415198
0.0415452
0.0417138
0.0420232
0.0424645
0.0430223
0.0436701
0.0443724
0.0450883
0.0457775
0.0463991
0.0469295
0.0473593
0.0477024
0.0479894
0.0482647
0.0485733
0.0489521
0.0494205
0.0499755
0.050591
0.0512296
0.0518494
0.0524192
0.0529325
0.0534136
0.0539083
0.0544846
0.0552057
0.0561232
0.0572652
0.0586201
0.0601375
0.0617229
0.0632383
0.0645181
0.0653933
0.0657358
0.0654919
0.0647104
0.063528
0.0621259
0.0606817
0.0593351
0.0581732
0.0572331
0.0565125
0.0559854
0.0556049
0.0553159
0.0550566
0.0547659
0.0543915
0.0538919
0.0532476
0.0524641
0.0515689
0.050607
0.0496284
0.0486835
0.0478106
0.0470405
0.0463915
0.0458698
0.0454792
0.0452166
0.0450774
0.0450539
0.0451367
0.045312
0.0455587
0.0458497
0.0461435
0.0463928
0.046546
0.0465516
0.0463728
0.0459912
0.0454096
0.044657
0.0437797
0.042831
0.0418635
0.0409232
0.0400477
0.0392618
0.0385806
0.038016
0.0375702
0.0372447
0.0370384
0.0369532
0.0369895
0.0371483
0.0374343
0.0378524
0.0384098
0.0391119
0.0399658
0.0409746
0.0421366
0.0434419
0.044867
0.0463671
0.0478805
0.0493194
0.0505857
0.0515784
0.0522213
0.0524811
0.0523752
0.0519735
0.0513705
0.050674
0.0499779
0.0493556
0.0488566
0.0485096
0.0483243
0.0483009
0.0484309
0.0487003
0.0490957
0.0496019
0.0502045
0.0508912
0.051648
0.0524666
0.0533351
0.054245
0.0551805
0.0561259
0.0570648
0.0579744
0.0588336
0.0596208
0.0603143
0.0608967
0.0613531
0.0616712
0.0618349
0.0618306
0.0616433
0.0612595
0.0606764
0.0599021
0.0589606
0.0578897
0.056733
0.0555354
0.0543369
0.0531681
0.0520474
0.0509872
0.0499927
0.0490652
0.0482027
0.0474094
0.0466889
0.0460467
0.0454903
0.0450279
0.0446674
0.0444128
0.0442685
0.0442365
0.0443154
0.0444999
0.0447807
0.0451444
0.0455708
0.0460369
0.0465112
0.0469603
0.0473504
0.0476558
0.0478595
0.0479624
0.0479775
0.0479279
0.0478433
0.0477464
0.0476561
0.047576
0.0475007
0.0474152
0.0473029
0.0471534
0.0469617
0.0467363
0.0464966
0.0462699
0.0460888
0.0459859
0.0459895
0.0461278
0.0464191
0.0468775
0.047508
0.0483034
0.049242
0.0502787
0.0513454
0.0523537
0.0532013
0.0537872
0.0540342
0.0539028
0.0534041
0.0525926
0.0515559
0.050398
0.0492142
0.0480886
0.0470809
0.0462314
0.0455639
0.0450861
0.0447953
0.0446819
0.0447328
0.0449276
0.0452465
0.0456681
0.0461683
0.0467227
0.0473061
0.0478926
0.0484531
0.0489591
0.0493839
0.0497064
0.0499162
0.0500169
0.0500361
0.0500257
0.050061
0.0502412
0.0506781
0.0514859
0.0527541
0.0545117
0.0566918
0.0591119
0.0615138
0.0636602
0.0653953
0.0665931
0.0670394
0.0664395
0.0646285
0.0617866
0.0583931
0.0549708
0.0518794
0.0492817
0.0471982
0.0455836
0.0443731
0.0435003
0.0429113
0.0425574
0.0424019
0.0424121
0.0425663
0.0428413
0.0432214
0.0436914
0.0442403
0.0448594
0.0455404
0.0462744
0.0470538
0.047871
0.0487203
0.0495953
0.0504927
0.0514122
0.0523514
0.0533096
0.0542818
0.0552596
0.0562267
0.0571621
0.0580474
0.0588632
0.0596058
0.0602878
0.0609433
0.0616256
0.062402
0.063337
0.0644681
0.065779
0.0671696
0.0684486
0.0693484
0.0695847
0.0689479
0.0673797
0.0649924
0.0620366
0.0588091
0.0555802
0.0525512
0.0498466
0.0475334
0.0456403
0.0441816
0.0431627
0.0425958
0.04249
0.0428481
0.0436503
0.0448182
0.0461938
0.0475254
0.0485173
0.0489304
0.0486922
0.0479301
0.046904
0.0458876
0.0450847
0.0446031
0.0444756
0.0446868
0.0451991
0.0459617
0.0469232
0.0480313
0.0492348
0.0504844
0.0517397
0.0529746
0.0541735
0.0553399
0.0564882
0.0576391
0.058818
0.0600481
0.0613354
0.0626679
0.0640017
0.0652587
0.0663393
0.0671375
0.0675595
0.0675349
0.0670209
0.0660154
0.0645766
0.0628233
0.0609321
0.0590937
0.0574842
0.0562383
0.0554328
0.0550751
0.0550926
0.0553269
0.0555558
0.0555425
0.0551115
0.05422
0.0529618
0.0515127
0.050059
0.0487359
0.047615
0.0467135
0.0460151
0.0454876
0.0450911
0.0447914
0.0445606
0.0443721
0.0442124
0.0440666
0.0439304
0.0438002
0.0436767
0.0435626
0.0434635
0.0433846
0.0433321
0.0433109
0.0433255
0.0433753
0.0434573
0.043568
0.043698
0.0438346
0.0439646
0.0440729
0.0441464
0.044173
0.0441491
0.0440751
0.0439603
0.04382
0.0436714
0.0435357
0.0434312
0.0433708
0.0433623
0.0434031
0.0434804
0.0435703
0.0436424
0.0436658
0.0436126
0.0434674
0.0432306
0.0429191
0.0425617
0.0421942
0.0418562
0.0415811
0.041392
0.0413099
0.0413393
0.0414798
0.0417224
0.0420511
0.0424396
0.0428581
0.0432728
0.0436506
0.0439656
0.0442057
0.044373
0.0444878
0.0445836
0.0447045
0.0448962
0.0452058
0.0456728
0.046334
0.0472164
0.0483387
0.0497104
0.0513321
0.0531901
0.0552513
0.0574656
0.059763
0.0620564
0.064244
0.0662159
0.0678574
0.069057
0.0697133
0.069761
0.0692011
0.0681108
0.0666403
0.0649699
0.0632747
0.0616968
0.0603314
0.0592354
0.058426
0.0578946
0.0576115
0.0575335
0.0576134
0.05781
0.0580971
0.0584663
0.0589217
0.0594763
0.0601341
0.060886
0.061696
0.0625015
0.0632194
0.0637625
0.0640694
0.0641202
0.0639396
0.0635762
0.0630809
0.0624794
0.0617644
0.0609029
0.0598508
0.0585805
0.057094
0.0554378
0.0536916
0.0519547
0.0503198
0.0488626
0.0476291
0.0466374
0.0458851
0.0453498
0.0450037
0.0448126
0.0447405
0.0447517
0.0448168
0.0449147
0.0450352
0.0451817
0.0453703
0.0456316
0.0460033
0.0465281
0.0472442
0.0481768
0.0493283
0.050666
0.0521142
0.0535636
0.0548805
0.0559414
0.0566643
0.057021
0.0570315
0.0567478
0.0562336
0.0555607
0.0548059
0.0540494
0.053372
0.0528488
0.0525401
0.0524939
0.0527379
0.05328
0.0541047
0.055164
0.0563655
0.057578
0.058632
0.0593532
0.0596025
0.0593255
0.0585677
0.0574654
0.0562002
0.0549482
0.0538488
0.0529928
0.0524227
0.0521499
0.0521596
0.0524263
0.052914
0.0535834
0.054395
0.0553117
0.056295
0.057308
0.0583139
0.0592757
0.0601535
0.0609076
0.0614967
0.0618803
0.062018
0.0618838
0.061466
0.0607713
0.0598307
0.058693
0.0574179
0.0560656
0.0546955
0.0533551
0.0520854
0.0509111
0.0498495
0.0489084
0.0480863
0.0473764
0.0467689
0.0462501
0.0458121
0.0454452
0.0451481
0.0449217
0.04477
0.0447
0.0447178
0.0448303
0.0450427
0.045366
0.0458106
0.0463902
0.0471194
0.0480094
0.0490597
0.0502591
0.0515775
0.0529678
0.0543643
0.0556966
0.0568956
0.0579037
0.0586774
0.0591967
0.059451
0.0594509
0.0592158
0.0587692
0.0581456
0.0573762
0.0564927
0.055526
0.0545052
0.0534601
0.052421
0.0514209
0.0504939
0.0496688
0.0489725
0.0484231
0.0480313
0.047799
0.0477217
0.0477908
0.0479957
0.0483244
0.0487688
0.0493211
0.0499743
0.0507228
0.0515598
0.0524691
0.0534312
0.0544178
0.0553937
0.0563282
0.0571908
0.0579713
0.0586664
0.059276
0.0597884
0.0601617
0.060312
0.0601301
0.0595307
0.0584964
0.0571195
0.0555702
0.0540448
0.0527101
0.0516741
0.0509806
0.0506209
0.0505582
0.0507368
0.0510946
0.0515778
0.0521407
0.0527529
0.053394
0.0540561
0.0547359
0.0554269
0.0561217
0.0567973
0.0574177
0.0579281
0.0582581
0.0583278
0.0580683
0.0574349
0.0564283
0.0550994
0.0535375
0.0518489
0.0501389
0.0484901
0.0469614
0.0455887
0.0443856
0.0433595
0.0425099
0.0418362
0.0413374
0.0410172
0.0408785
0.0409214
0.0411399
0.0415211
0.04204
0.0426628
0.0433482
0.0440593
0.0447738
0.045496
0.046266
0.0471545
0.0482512
0.0496431
0.0513827
0.0534548
0.0557427
0.0580191
0.059979
0.061331
0.0618981
0.0616818
0.0608407
0.0596109
0.0582282
0.056877
0.0556721
0.0546596
0.053842
0.0531925
0.0526686
0.0522349
0.0518609
0.0515267
0.0512239
0.0509539
0.0507222
0.0505406
0.0504262
0.0503966
0.0504721
0.0506738
0.0510205
0.0515216
0.0521796
0.0529844
0.0539089
0.0549113
0.0559408
0.0569397
0.0578606
0.0586753
0.0593765
0.059971
0.0604665
0.0608514
0.0610839
0.0611063
0.0608705
0.0603705
0.0596661
0.0588651
0.0580995
0.0574834
0.0570945
0.0569591
0.0570604
0.0573409
0.0577202
0.0581095
0.0584169
0.0585652
0.058496
0.0581823
0.0576369
0.0569134
0.0561079
0.0553322
0.0546937
0.0542754
0.054125
0.054248
0.0546199
0.055191
0.0558995
0.0566857
0.0574957
0.0582872
0.0590289
0.0597032
0.0603005
0.0608256
0.0612839
0.0616667
0.0619303
0.0619854
0.0617225
0.0610684
0.0600483
0.0588254
0.0576844
0.0569835
0.0570816
0.0582453
0.0604745
0.0632372
0.0653485
0.0654398
0.0629806
0.0587443
0.0540752
0.0499577
0.0467548
0.0444314
0.0428074
0.041699
0.0409629
0.0405017
0.0402536
0.0401805
0.0402605
0.0404826
0.0408387
0.0413222
0.0419291
0.0426483
0.0434737
0.0443928
0.0453948
0.0464687
0.0476099
0.0488176
0.0500977
0.0514616
0.0529291
0.0545172
0.0562456
0.0581224
0.0601436
0.0622843
0.0644856
0.0666544
0.0686601
0.0703415
0.0715222
0.0720444
0.0718025
0.0707694
0.0690082
0.0666636
0.0639332
0.0610268
0.0581431
0.0554405
0.0530362
0.0510062
0.0493881
0.0481995
0.047436
0.0470829
0.0471131
0.0474864
0.0481564
0.0490628
0.0501415
0.0513258
0.0525631
0.0538194
0.0550887
0.0563757
0.0576719
0.0589168
0.0599684
0.060609
0.0606069
0.0598235
0.0582893
0.056204
0.0538467
0.0514801
0.0492923
0.0473843
0.0457884
0.044493
0.0434667
0.0426667
0.0420539
0.0415932
0.0412588
0.0410345
0.0409145
0.0409003
0.0410026
0.0412371
0.0416233
0.0421816
0.0429297
0.0438779
0.0450245
0.0463451
0.0477897
0.049279
0.0507047
0.0519422
0.0528736
0.0534111
0.0535172
0.0532142
0.0525776
0.0517117
0.0507276
0.0497275
0.0487946
0.0479927
0.0473717
0.046968
0.0468133
0.0469267
0.0473157
0.047973
0.048868
0.0499484
0.0511392
0.0523489
0.0534829
0.0544616
0.0552361
0.0557933
0.0561456
0.0563281
0.0563686
0.0562879
0.0560916
0.0557791
0.0553453
0.0547974
0.0541497
0.0534305
0.0526746
0.051922
0.0512065
0.0505542
0.0499821
0.0494983
0.0491001
0.0487792
0.0485212
0.0483079
0.0481195
0.0479407
0.0477564
0.0475611
0.0473544
0.0471471
0.0469573
0.046811
0.0467367
0.0467641
0.046922
0.0472291
0.0476929
0.048306
0.0490383
0.0498402
0.048549
0.0492662
0.0497975
0.0500785
0.0500788
0.0498099
0.0493209
0.0486888
0.0480023
0.0473444
0.0467913
0.046406
0.0462411
0.0463416
0.0467538
0.0475207
0.0486886
0.0503009
0.0523964
0.0549904
0.0580435
0.0614039
0.0647426
0.0675356
0.0691996
0.0693758
0.0681493
0.0660083
0.0635579
0.0612688
0.0593854
0.0579767
0.0570026
0.0563704
0.0559576
0.0556296
0.0552603
0.0547596
0.0541047
0.0533483
0.0525861
0.0519097
0.0513661
0.0509394
0.0505641
0.0501595
0.049665
0.0490619
0.0483786
0.0476747
0.0470268
0.0465083
0.0461825
0.0460995
0.0463008
0.0468224
0.0476993
0.0489564
0.0505922
0.052554
0.0547152
0.0568716
0.0587885
0.0602889
0.0613324
0.062025
0.0625418
0.0630254
0.0635213
0.0639793
0.0642971
0.0643878
0.0642173
0.0638124
0.0632347
0.0625552
0.061821
0.0610514
0.0602385
0.0593564
0.0583776
0.0572797
0.0560615
0.0547382
0.0533477
0.051939
0.0505685
0.0492907
0.048151
0.0471885
0.0464343
0.0459138
0.0456551
0.0456847
0.0460379
0.0467544
0.0478773
0.0494516
0.0515108
0.0540647
0.0570866
0.06048
0.0640752
0.0676224
0.0708119
0.0733399
0.0749622
0.0755435
0.075062
0.0735757
0.0711997
0.0681004
0.0645036
0.0606876
0.0569471
0.0535377
0.0506419
0.0483663
0.0467599
0.045844
0.0456345
0.0461487
0.0474007
0.0493582
0.0518717
0.0545813
0.0569008
0.0581821
0.0580562
0.0566703
0.0545799
0.0524064
0.0505792
0.0492866
0.0485484
0.0483009
0.0484444
0.0488713
0.0494723
0.0501433
0.0507894
0.0513333
0.051722
0.0519359
0.0519774
0.051875
0.051664
0.0513815
0.0510565
0.0507041
0.050329
0.049924
0.0494751
0.0489695
0.0483924
0.0477401
0.0470112
0.0462177
0.0453748
0.0445071
0.0436437
0.042813
0.042051
0.0413912
0.0408733
0.04054
0.0404395
0.0406227
0.0411387
0.0420178
0.0432461
0.0447296
0.0462566
0.0475124
0.0481672
0.0480164
0.0470908
0.0456333
0.0439677
0.0423611
0.0409714
0.0398455
0.0389642
0.0382764
0.037722
0.0372518
0.0368272
0.0364245
0.0360334
0.0356522
0.0352884
0.0349513
0.0346539
0.0344077
0.0342233
0.0341096
0.0340762
0.034129
0.0342745
0.0345185
0.0348683
0.0353291
0.0359067
0.0366069
0.0374357
0.0383961
0.03949
0.040716
0.0420708
0.0435447
0.045123
0.0467898
0.0485243
0.0503073
0.0521222
0.0539577
0.0558099
0.0576717
0.0595354
0.0613691
0.0631166
0.0646927
0.065995
0.0669314
0.0674478
0.0675423
0.0672608
0.0666718
0.065837
0.0647929
0.0635497
0.0621037
0.0604644
0.0586675
0.05678
0.0548949
0.0531101
0.0515101
0.0501657
0.0491262
0.0484232
0.0480786
0.0481062
0.0485125
0.0492921
0.0504205
0.0518395
0.053447
0.0550929
0.0566076
0.0578417
0.0587176
0.0592524
0.0595366
0.0596811
0.0597601
0.0597866
0.0597119
0.0594604
0.0589628
0.0581978
0.0572059
0.0560786
0.0549288
0.053868
0.0529766
0.0523057
0.0518773
0.0516886
0.0517232
0.0519537
0.0523402
0.0528372
0.0533799
0.0538815
0.0542387
0.0543393
0.0540968
0.0534797
0.0525247
0.0513307
0.0500261
0.0487322
0.0475437
0.0465148
0.045671
0.045011
0.0445252
0.0441937
0.0439948
0.0439107
0.0439248
0.0440262
0.0442092
0.0444718
0.0448157
0.0452467
0.0457697
0.0463831
0.0470759
0.0478242
0.0485873
0.0493175
0.0499649
0.0504959
0.0508994
0.0511874
0.0513935
0.0515455
0.0516625
0.0517444
0.0517765
0.0517397
0.0516212
0.0514217
0.0511569
0.0508539
0.0505423
0.0502407
0.0499555
0.0496756
0.0493777
0.0490302
0.0486077
0.048094
0.0474891
0.0468082
0.0460831
0.0453467
0.0446352
0.0439797
0.0434034
0.042917
0.0425253
0.0422245
0.0420021
0.041846
0.0417437
0.0416876
0.0416754
0.041708
0.0417854
0.0419034
0.0420496
0.0422056
0.0423482
0.0424599
0.0425408
0.0426094
0.0427099
0.042902
0.0432506
0.0438149
0.0446456
0.0457744
0.0472181
0.0489706
0.0510093
0.0532889
0.0557566
0.0583437
0.0609818
0.0635882
0.066061
0.0682711
0.0700769
0.0713678
0.0721219
0.072416
0.0723607
0.0719743
0.0711005
0.0694829
0.0669879
0.0637783
0.0602634
0.0568879
0.0539538
0.051581
0.0497671
0.0484528
0.0475697
0.0470513
0.0468304
0.0468247
0.046914
0.0469537
0.046798
0.0463459
0.0455849
0.0446006
0.0435443
0.0425851
0.041867
0.0414858
0.0414858
0.0418674
0.0425919
0.0435866
0.044747
0.0459443
0.047046
0.0479314
0.048518
0.0487692
0.0486955
0.0483365
0.0477428
0.0469695
0.0460589
0.0450512
0.0439794
0.042874
0.0417652
0.0406805
0.039647
0.0386875
0.0378212
0.0370626
0.0364228
0.0359104
0.0355266
0.0352749
0.0351549
0.0351684
0.035316
0.0356032
0.0360342
0.0366234
0.0373844
0.0383407
0.0395186
0.0409475
0.0426558
0.0446617
0.0469562
0.0494879
0.0521404
0.0547304
0.0570414
0.0588885
0.0601939
0.0610087
0.0614677
0.0617007
0.0617689
0.0616398
0.0612335
0.0604776
0.0593675
0.0579818
0.056459
0.0549542
0.0536033
0.0525046
0.0517111
0.0512444
0.051097
0.0512449
0.0516463
0.0522507
0.0529942
0.0538068
0.0546152
0.0553468
0.0559408
0.0563523
0.0565597
0.0565681
0.0564113
0.0561366
0.0557988
0.0554503
0.0551308
0.0548674
0.0546707
0.0545389
0.0544576
0.0544036
0.0543451
0.0542412
0.0540531
0.0537409
0.0532766
0.0526478
0.0518626
0.0509465
0.0499434
0.048904
0.0478855
0.0469421
0.0461184
0.045448
0.0449534
0.0446464
0.0445289
0.0445929
0.0448263
0.0452057
0.0456991
0.0462722
0.0468786
0.0474732
0.0480086
0.0484445
0.0487525
0.048916
0.0489363
0.0488254
0.0486028
0.04829
0.047907
0.0474726
0.0470017
0.0465121
0.0460222
0.0455507
0.0451149
0.044728
0.044397
0.0441178
0.0438749
0.0436449
0.0434
0.0431109
0.0427532
0.0423139
0.0417951
0.0412114
0.0405923
0.0399735
0.039393
0.038886
0.038484
0.0382066
0.0380719
0.0380856
0.0382534
0.0385716
0.0390349
0.039636
0.0403646
0.0412062
0.0421434
0.0431536
0.044216
0.0453005
0.0463818
0.0474367
0.0484457
0.0493936
0.0502664
0.0510491
0.0517195
0.05225
0.0526072
0.0527594
0.0526823
0.0523652
0.0518181
0.051067
0.0501539
0.0491302
0.0480526
0.0469746
0.0459413
0.044993
0.0441552
0.0434509
0.0428899
0.0424779
0.0422155
0.0420981
0.0421215
0.0422787
0.0425603
0.0429552
0.0434546
0.0440448
0.0447127
0.0454454
0.0462306
0.0470605
0.0479309
0.0488449
0.0498051
0.0508123
0.0518522
0.0528883
0.0538556
0.0546652
0.0552203
0.0554453
0.0553086
0.0548394
0.0541129
0.0532402
0.0523378
0.0515062
0.0508208
0.0503227
0.0500286
0.049923
0.0499717
0.050118
0.0502967
0.0504361
0.0504789
0.0503909
0.050166
0.0498267
0.0494095
0.0489555
0.0484994
0.0480627
0.0476596
0.0472984
0.0469891
0.0467429
0.0465775
0.0465091
0.0465498
0.0467039
0.0469638
0.0473085
0.0477098
0.048127
0.0485284
0.0488851
0.0491851
0.0494291
0.0496335
0.049827
0.0500415
0.0503086
0.0506509
0.0510824
0.0516091
0.0522272
0.0529301
0.0537092
0.0545586
0.0554778
0.0564737
0.0575503
0.0587045
0.0599123
0.0611206
0.0622353
0.0631345
0.0636904
0.0638062
0.0634504
0.0626705
0.0615766
0.0603157
0.0590313
0.0578475
0.0568554
0.0561132
0.0556512
0.0554729
0.0555665
0.0559131
0.0565029
0.0573435
0.0584604
0.0598709
0.0615371
0.0633072
0.0649094
0.0660229
0.0664032
0.0659605
0.064741
0.0628501
0.0604217
0.057637
0.0547163
0.0518774
0.0492878
0.0470438
0.0451811
0.0436967
0.0425691
0.0417713
0.0412796
0.041069
0.0411161
0.0413911
0.0418589
0.042476
0.0431883
0.0439322
0.0446453
0.0452688
0.0457576
0.0460869
0.0462543
0.0462789
0.0461947
0.0460431
0.0458637
0.0456875
0.0455342
0.0454069
0.0452925
0.0451674
0.0450031
0.0447812
0.044494
0.0441538
0.0437904
0.0434469
0.0431686
0.0429977
0.0429688
0.0431066
0.0434284
0.0439412
0.0446458
0.0455384
0.0466065
0.0478321
0.0491853
0.0506219
0.0520849
0.0535003
0.054789
0.0558761
0.0567051
0.0572473
0.0574993
0.0574725
0.057174
0.0565988
0.0557286
0.0545503
0.0530781
0.0513651
0.0495017
0.0475978
0.0457603
0.0440742
0.0426006
0.0413687
0.0403888
0.0396555
0.0391504
0.0388517
0.0387344
0.0387706
0.0389344
0.0392012
0.0395472
0.0399525
0.0404006
0.0408796
0.0413819
0.0419
0.0424315
0.0429729
0.0435236
0.0440866
0.0446754
0.0453173
0.0460522
0.046929
0.0480031
0.049318
0.0508949
0.0527242
0.0547545
0.0568906
0.0589939
0.0609003
0.0624383
0.0634625
0.0638897
0.0637147
0.0630152
0.061925
0.0605923
0.059146
0.0576815
0.0562619
0.0549366
0.0537556
0.052779
0.0520737
0.0516964
0.0516753
0.0519796
0.0524901
0.052996
0.053244
0.053032
0.0523126
0.0512213
0.0500169
0.04897
0.0482835
0.0480573
0.0482924
0.0489087
0.0497599
0.0506638
0.0514374
0.0519482
0.0521465
0.0520784
0.0518417
0.0515503
0.0512926
0.0511198
0.0510448
0.0510579
0.0511378
0.0512637
0.0514192
0.0515927
0.0517803
0.0519751
0.0521746
0.0523714
0.0525554
0.0527124
0.0528271
0.0528859
0.0528752
0.0527861
0.0526131
0.052357
0.052015
0.0515884
0.0510776
0.0504883
0.0498286
0.049108
0.0483411
0.0475465
0.0467435
0.0459511
0.0451862
0.0444663
0.0438026
0.0432063
0.0426839
0.0422422
0.0418836
0.0416109
0.0414251
0.0413259
0.041315
0.0413915
0.0415528
0.0417945
0.0421087
0.0424861
0.0429147
0.0433776
0.0438568
0.0443347
0.0447936
0.0452186
0.0456016
0.045936
0.0462245
0.0464755
0.0467031
0.0469236
0.0471567
0.0474223
0.0477458
0.0481551
0.0486816
0.0493548
0.0501861
0.0511466
0.0521327
0.0529619
0.0534111
0.0533009
0.0525917
0.0514064
0.0499765
0.0485343
0.0472482
0.0461993
0.0454011
0.0448275
0.0444399
0.0442014
0.0440833
0.0440688
0.0441471
0.0443104
0.0445524
0.0448644
0.0452325
0.0456395
0.0460672
0.0464919
0.0468885
0.047236
0.0475164
0.0477166
0.0478298
0.0478563
0.0478047
0.0476871
0.0475204
0.0473307
0.0471404
0.0469754
0.0468595
0.0468159
0.0468634
0.0470188
0.0472882
0.0476728
0.0481646
0.0487415
0.0493714
0.0500101
0.0506075
0.0511099
0.0514742
0.0516697
0.0516862
0.0515379
0.0512593
0.050903
0.050529
0.0501993
0.0499714
0.0498881
0.0499816
0.0502636
0.0507237
0.0513247
0.0520029
0.0526671
0.0532115
0.0535391
0.053581
0.053312
0.0527605
0.0519934
0.0511011
0.0501755
0.049297
0.0485296
0.0479153
0.0474792
0.0472252
0.0471362
0.0471693
0.0472561
0.047305
0.0472199
0.0469268
0.0463944
0.0456444
0.0447475
0.0437916
0.0428676
0.0420402
0.0413502
0.040815
0.0404299
0.0401815
0.0400532
0.0400262
0.0400859
0.0402232
0.0404286
0.0407022
0.0410441
0.0414555
0.0419355
0.0424802
0.0430757
0.0437029
0.0443297
0.0449139
0.0454071
0.0457582
0.0459243
0.0458821
0.0456319
0.0451999
0.0446325
0.0439884
0.0433244
0.0426929
0.0421298
0.0416614
0.0413007
0.0410503
0.0415952
0.0415845
0.0416629
0.0418191
0.042043
0.0423265
0.0426608
0.0430407
0.0434577
0.0439064
0.0443772
0.0448622
0.0453494
0.0458322
0.0463078
0.0467812
0.0472717
0.0478089
0.0484343
0.0491864
0.0500806
0.0510881
0.0521073
0.0529634
0.05345
0.0534133
0.0528369
0.051855
0.0506937
0.0495742
0.0486367
0.0479279
0.0474185
0.0470509
0.046773
0.0465627
0.0464368
0.0464398
0.0466205
0.0470235
0.0476765
0.0485775
0.0497039
0.0510028
0.0523952
0.0537792
0.0550311
0.0560207
0.056635
0.0568052
0.056522
0.0558445
0.0548799
0.053754
0.0525878
0.0514729
0.0504743
0.0496295
0.0489541
0.048454
0.0481247
0.0479608
0.0479479
0.0480714
0.0483151
0.0486626
0.0491008
0.049619
0.0502055
0.0508376
0.0514776
0.0520648
0.0525276
0.0527953
0.0528134
0.0525713
0.0521098
0.0515159
0.0509122
0.0504302
0.0501934
0.0502981
0.0508004
0.051712
0.0530012
0.0545866
0.0563596
0.0581917
0.0599613
0.0615623
0.0629045
0.0638903
0.064415
0.06438
0.0637395
0.0625308
0.0608686
0.0589078
0.0568076
0.0546964
0.0526694
0.050788
0.0490893
0.0475961
0.0463118
0.0452395
0.0443756
0.0437166
0.0432621
0.0430157
0.0429853
0.0431856
0.04363
0.0443327
0.0452918
0.0464821
0.0478313
0.049212
0.0504463
0.0513405
0.0517495
0.0516326
0.0510639
0.0502018
0.04922
0.0482582
0.0474014
0.0466859
0.0461128
0.0456663
0.0453241
0.0450653
0.0448738
0.044737
0.0446489
0.0446063
0.0446087
0.044655
0.0447475
0.0448851
0.0450661
0.0452871
0.0455451
0.0458312
0.046138
0.046457
0.0467817
0.0471044
0.0474203
0.0477237
0.04801
0.0482762
0.0485193
0.0487388
0.0489385
0.0491268
0.049314
0.0495146
0.0497408
0.0500037
0.0503105
0.0506645
0.0510574
0.0514791
0.0519129
0.0523377
0.0527333
0.0530768
0.0533418
0.0534988
0.053512
0.053342
0.0529549
0.0523307
0.0514718
0.0504054
0.0491825
0.0478634
0.0465052
0.0451558
0.0438484
0.0426042
0.0414366
0.0403548
0.0393648
0.038474
0.0376903
0.0370209
0.0364719
0.036049
0.0357553
0.0355916
0.0355572
0.0356476
0.0358524
0.0361627
0.036561
0.0370306
0.0375499
0.038101
0.0386639
0.0392272
0.0397814
0.0403255
0.0408608
0.0413938
0.0419333
0.0424885
0.0430726
0.0436966
0.0443758
0.0451232
0.0459512
0.0468697
0.0478823
0.0489827
0.0501548
0.0513722
0.0525955
0.0537813
0.0548856
0.055868
0.0566971
0.057347
0.057802
0.0580532
0.0580971
0.0579374
0.0575922
0.0570992
0.056519
0.0559338
0.0554298
0.0550913
0.0549864
0.0551655
0.0556569
0.0564721
0.0576036
0.0590228
0.0606546
0.0623671
0.0639561
0.0651721
0.0657878
0.0656845
0.0649016
0.063612
0.0620458
0.0604163
0.0588776
0.0575193
0.0563822
0.0554712
0.0547606
0.0542031
0.0537324
0.0532804
0.0527917
0.0522488
0.0516738
0.0511245
0.0506707
0.0503788
0.0502954
0.0504376
0.050794
0.051328
0.0519777
0.0526624
0.0532874
0.0537528
0.0539656
0.0538606
0.0534102
0.0526356
0.051598
0.0503837
0.0490892
0.0478032
0.0465982
0.045525
0.0446205
0.0439038
0.0433823
0.0430564
0.042917
0.0429518
0.0431382
0.0434524
0.0438606
0.0443244
0.0448014
0.0452488
0.0456305
0.0459202
0.0461087
0.0462025
0.0462252
0.0462124
0.0462062
0.0462477
0.0463653
0.0465709
0.046853
0.0471754
0.0474776
0.0476914
0.0477503
0.0476168
0.0472879
0.0468051
0.0462379
0.0456664
0.04517
0.0448077
0.0446218
0.0446323
0.0448441
0.0452507
0.0458323
0.0465658
0.0474221
0.0483685
0.0493759
0.050418
0.0514756
0.0525367
0.0535959
0.0546425
0.0556641
0.0566336
0.0575104
0.058236
0.0587447
0.0589722
0.0588715
0.0584228
0.0576386
0.0565649
0.0552693
0.0538329
0.0523369
0.0508529
0.0494406
0.0481439
0.0469926
0.0460031
0.0451799
0.0445208
0.0440147
0.0436435
0.0433844
0.0432102
0.0430957
0.0430195
0.0429684
0.0429389
0.0429427
0.0430011
0.0431413
0.0433937
0.0437868
0.0443402
0.0450661
0.0459634
0.0470156
0.0481979
0.0494709
0.0507891
0.052104
0.053371
0.0545529
0.0556231
0.0565574
0.0573298
0.0579151
0.0582795
0.0584068
0.0583045
0.0580146
0.0576063
0.0571623
0.0567567
0.0564414
0.0562437
0.0561706
0.0562115
0.0563453
0.0565473
0.0567879
0.0570389
0.0572631
0.0574184
0.0574554
0.0573179
0.05695
0.056307
0.0553709
0.0541589
0.0527239
0.0511488
0.0495249
0.0479408
0.0464658
0.0451461
0.0440078
0.0430583
0.042293
0.0416967
0.0412534
0.0409464
0.040759
0.0406784
0.0406957
0.0408083
0.0410143
0.0413086
0.0416816
0.0421162
0.0425774
0.0430188
0.0433804
0.0436067
0.0436524
0.0435007
0.0431612
0.0426715
0.0420881
0.0414685
0.0408645
0.0403169
0.0398507
0.0394829
0.0392198
0.0390626
0.0390065
0.0390462
0.03918
0.0394014
0.0397084
0.0400984
0.0405716
0.0411299
0.041772
0.0424985
0.0433109
0.0442083
0.0451856
0.046233
0.0473371
0.0484797
0.0496298
0.0507575
0.0518264
0.0527955
0.0536242
0.0542721
0.0547037
0.0548891
0.0548072
0.0544555
0.0538436
0.0530007
0.0519712
0.050809
0.0495731
0.0483165
0.0470884
0.0459243
0.0448453
0.0438685
0.042999
0.0422387
0.0415881
0.0410471
0.0406178
0.0403029
0.0401072
0.0400345
0.0400875
0.0402608
0.040546
0.04092
0.0413495
0.0417926
0.0421959
0.0425115
0.0427012
0.0427464
0.0426555
0.0424584
0.0422079
0.0419685
0.0418107
0.0418118
0.0420515
0.0426106
0.0435574
0.0449346
0.0467163
0.0487702
0.0508332
0.0525537
0.0536265
0.0539384
0.053611
0.0528923
0.0519951
0.0510113
0.0499345
0.0487341
0.0474235
0.0460741
0.0447895
0.0436702
0.0427903
0.0421857
0.0418652
0.0418099
0.041986
0.0423442
0.0428282
0.0433749
0.0439251
0.0444297
0.0448546
0.0451856
0.045434
0.045624
0.0457893
0.0459666
0.0461901
0.0464866
0.0468801
0.047392
0.0480391
0.048836
0.0497926
0.0509086
0.0521692
0.0535346
0.0549389
0.0562884
0.0574804
0.058432
0.0591167
0.0595791
0.0599312
0.0603161
0.0608571
0.0616075
0.0625042
0.0633612
0.0638951
0.0638198
0.062974
0.061398
0.0593135
0.0570169
0.0547735
0.0527574
0.0510499
0.0496644
0.0485753
0.0477374
0.0471026
0.0466275
0.046279
0.0460301
0.0458654
0.0457754
0.045758
0.0458118
0.045938
0.0461373
0.0464064
0.0467406
0.0471342
0.0475762
0.0480549
0.0485577
0.0490718
0.0495886
0.0501032
0.0506086
0.0511002
0.051563
0.0519651
0.052251
0.0523434
0.0521539
0.0516174
0.0507121
0.0494806
0.0480194
0.0464514
0.0448954
0.0434433
0.0421563
0.0410637
0.0401748
0.039486
0.0389892
0.038672
0.0385257
0.0385457
0.0387289
0.0390775
0.0395982
0.0402989
0.0411878
0.0422752
0.0435622
0.0450425
0.04669
0.0484588
0.0502741
0.0520279
0.0535999
0.0548671
0.0557266
0.0561263
0.0560724
0.0556273
0.0548901
0.053974
0.052988
0.0520219
0.0511362
0.0503662
0.0497195
0.0491875
0.0487446
0.0483567
0.0479879
0.0476062
0.0471918
0.0467361
0.046246
0.0457432
0.0452611
0.044836
0.0445073
0.0443081
0.0442647
0.044396
0.0447158
0.045228
0.0459351
0.0468328
0.0479095
0.0491408
0.0504761
0.0518371
0.0531135
0.0541859
0.0549554
0.0553805
0.0554876
0.0553555
0.0550784
0.0547365
0.0543814
0.0540402
0.0537262
0.0534545
0.0532363
0.0530808
0.0529819
0.0529053
0.0527933
0.0525714
0.0521826
0.0516169
0.0509258
0.0502123
0.0495968
0.0491775
0.0490085
0.0490825
0.0493406
0.0496785
0.04997
0.0500938
0.0499567
0.0495218
0.0488064
0.047878
0.046831
0.0457659
0.0447719
0.0439205
0.0432588
0.042816
0.0426046
0.0426189
0.0428408
0.0432339
0.0437455
0.0443084
0.0448439
0.0452743
0.045532
0.0455772
0.0454038
0.045036
0.044524
0.0439248
0.0432955
0.0426793
0.0421029
0.0415765
0.0410979
0.0406578
0.0402422
0.0398394
0.03944
0.0390389
0.0386378
0.0382403
0.0378527
0.0374823
0.0371351
0.0368188
0.0365367
0.0362935
0.0360924
0.0359383
0.0358402
0.0358102
0.0358624
0.0360204
0.0363089
0.0367597
0.0374022
0.0382638
0.0393555
0.0406574
0.0421059
0.0435764
0.0449039
0.045909
0.0464651
0.0465485
0.0462416
0.0456961
0.0450737
0.044503
0.0440686
0.0438135
0.043758
0.0439071
0.0442635
0.0448279
0.0455986
0.0465725
0.0477415
0.0490873
0.0505745
0.0521447
0.0537091
0.0551536
0.0563606
0.0572303
0.0577167
0.0578393
0.0576679
0.0572945
0.0568082
0.0562749
0.0557402
0.0552462
0.0548358
0.0545592
0.0544725
0.0546231
0.055033
0.0556846
0.056511
0.0573896
0.0581635
0.0586798
0.0588399
0.0586301
0.0581234
0.0574408
0.056703
0.0559955
0.0553631
0.0548193
0.054372
0.0540315
0.0538173
0.0537558
0.0538646
0.0541474
0.0545824
0.0551245
0.0557027
0.0562317
0.0566226
0.0568032
0.0567327
0.0564166
0.0559052
0.0552875
0.0546667
0.0541519
0.0538374
0.0537978
0.0540935
0.0547699
0.0558708
0.0574405
0.0595294
0.0621916
0.0654523
0.0692566
0.0733771
0.0773262
0.0803734
0.0817744
0.0811668
0.0788077
0.0754178
0.0717694
0.0683857
0.0654619
0.0629642
0.0607621
0.0587468
0.0568897
0.0552432
0.0539096
0.0529846
0.0525323
0.05256
0.0530083
0.0537565
0.0546223
0.0553798
0.0557867
0.0556379
0.0548153
0.0533287
0.0513179
0.0490045
0.0466248
0.0443748
0.0423789
0.0406951
0.039332
0.038269
0.0374697
0.0368954
0.0365087
0.0362757
0.0361659
0.0361516
0.0362111
0.0363205
0.0364616
0.0366168
0.0367727
0.0369166
0.0370409
0.0371428
0.0372214
0.0372808
0.0373292
0.0373756
0.0374312
0.0375047
0.0376071
0.037746
0.0379295
0.038161
0.0384431
0.0387747
0.0391535
0.0395742
0.0400351
0.0405311
0.0410592
0.0416212
0.0422172
0.0428557
0.0435431
0.0442813
0.0450638
0.0458607
0.0466263
0.0472881
0.0477621
0.0479706
0.047866
0.0474473
0.0467625
0.045892
0.0449282
0.0439537
0.0430342
0.0422099
0.0415048
0.0409305
0.0404907
0.0401866
0.0400186
0.0399832
0.040078
0.0402989
0.0406372
0.0410774
0.0415976
0.0421687
0.0427615
0.0433444
0.0438913
0.0443896
0.0448429
0.0452696
0.045707
0.0462064
0.046832
0.0476553
0.0487496
0.0501613
0.0518813
0.0537937
0.0556558
0.0571392
0.0579681
0.0580706
0.0576277
0.0569803
0.0564529
0.0562497
0.0564212
0.0569034
0.0575668
0.0582614
0.0588538
0.0592474
0.0593904
0.0592682
0.0588981
0.0583188
0.05758
0.0567339
0.0558283
0.0548918
0.053936
0.0529544
0.0519363
0.0508754
0.049774
0.0486537
0.0475492
0.0465091
0.0455865
0.0448343
0.0443017
0.0440294
0.0440427
0.0443479
0.0449294
0.0457396
0.0466973
0.0476952
0.048612
0.0493382
0.0498103
0.0500212
0.0500238
0.0499112
0.0497957
0.0497935
0.0499986
0.0504855
0.0512945
0.0524283
0.053842
0.0554471
0.057118
0.0587174
0.0601203
0.0612463
0.0620702
0.0626166
0.0629434
0.0631197
0.0632093
0.0632542
0.0632618
0.0632069
0.063037
0.0627021
0.0621788
0.0614945
0.0612756
0.0605713
0.059889
0.0592529
0.0586667
0.0581223
0.0575986
0.057063
0.0564759
0.0558067
0.0550448
0.0542155
0.0533732
0.052584
0.0519041
0.0513651
0.0509707
0.0506943
0.0504898
0.0502972
0.0500546
0.0497065
0.0492149
0.0485651
0.0477706
0.0468644
0.0458894
0.0448948
0.0439213
0.043001
0.042155
0.041395
0.0407237
0.0401404
0.0396406
0.0392211
0.0388769
0.0386049
0.0384029
0.0382712
0.0382125
0.0382293
0.0383254
0.0385039
0.0387691
0.0391213
0.0395606
0.0400858
0.0406925
0.0413767
0.042144
0.0430064
0.0439949
0.0451617
0.046585
0.0483578
0.0505617
0.0532244
0.0562423
0.059305
0.0618946
0.0634385
0.063595
0.0624447
0.0604199
0.0580487
0.055735
0.0537084
0.0520528
0.0507734
0.0498331
0.0491877
0.0487894
0.0485995
0.0485853
0.0487222
0.0489922
0.0493825
0.0498826
0.0504841
0.051183
0.0519696
0.0528393
0.0537845
0.0548006
0.0558835
0.057028
0.0582279
0.0594653
0.0607037
0.0618687
0.0628458
0.0634841
0.0636269
0.0631615
0.0620671
0.0604309
0.0584344
0.0563001
0.0542456
0.0524495
0.0510375
0.0500826
0.0496055
0.0495737
0.0499047
0.0504751
0.051141
0.0517857
0.052355
0.0528756
0.0534269
0.0540949
0.0549089
0.0558039
0.0566217
0.0571403
0.0571551
0.0565595
0.0553986
0.0538423
0.0521139
0.0504132
0.0488811
0.0475996
0.0466035
0.0458997
0.0454738
0.0452974
0.0453379
0.0455531
0.0459019
0.0463485
0.0468663
0.0474391
0.0480576
0.0487127
0.0493881
0.0500529
0.0506593
0.0511488
0.051461
0.0515542
0.0514213
0.051092
0.0506322
0.0501229
0.0496439
0.0492569
0.0489987
0.0488745
0.0488661
0.0489392
0.049054
0.0491682
0.0492532
0.049289
0.0492694
0.0492005
0.0491008
0.0490029
0.0489485
0.0489868
0.0491711
0.0495462
0.0501424
0.0509661
0.0519909
0.0531592
0.0543936
0.0556028
0.0567122
0.0576746
0.0584751
0.0591197
0.0596273
0.0600121
0.0602812
0.0604266
0.0604215
0.0602204
0.0597658
0.0590074
0.0579267
0.0565461
0.054935
0.0531902
0.0514177
0.049712
0.0481451
0.0467657
0.0456009
0.0446638
0.0439584
0.0434872
0.0432513
0.0432611
0.043533
0.0440927
0.0449742
0.0462071
0.0477988
0.0496972
0.0517492
0.0536799
0.0551291
0.0557862
0.055541
0.0545431
0.0531088
0.0515633
0.0501288
0.0489076
0.0479127
0.0471174
0.0464882
0.0459985
0.0456345
0.0453902
0.0452625
0.045246
0.0453298
0.0454916
0.0457084
0.0459489
0.0461874
0.0464019
0.0465793
0.0467159
0.0468172
0.0469029
0.0469937
0.0471188
0.0473058
0.0475789
0.0479532
0.0484305
0.048998
0.0496209
0.0502503
0.0508271
0.0512894
0.0515896
0.0517038
0.0516386
0.0514323
0.051139
0.0508226
0.0505404
0.05034
0.0502566
0.0503113
0.050517
0.0508772
0.0513941
0.0520642
0.0528781
0.0538261
0.0548867
0.0560255
0.0571904
0.0583125
0.0593125
0.0601122
0.0606572
0.0609318
0.0609667
0.0608288
0.060604
0.0603796
0.0602258
0.0601961
0.0603253
0.0606341
0.0611369
0.06185
0.0627784
0.0639053
0.0651802
0.0665026
0.067729
0.0687026
0.0692907
0.0694147
0.0690584
0.068252
0.0670541
0.0655373
0.0637771
0.0618453
0.0598013
0.0576964
0.0555704
0.053457
0.0513865
0.049385
0.0474784
0.0456883
0.0440307
0.0425167
0.0411506
0.0399316
0.0388522
0.0379067
0.0370847
0.036382
0.0357912
0.0353111
0.0349449
0.0346987
0.034582
0.0346048
0.0347811
0.0351246
0.0356496
0.0363674
0.037286
0.0384117
0.0397456
0.0412843
0.0430107
0.0448924
0.0468608
0.048796
0.0505212
0.051823
0.0525195
0.0525434
0.0519743
0.0510158
0.0499027
0.0488293
0.0479116
0.0471967
0.0466817
0.0463356
0.0461268
0.046023
0.0460037
0.0460538
0.0461636
0.0463199
0.046507
0.0467086
0.0469119
0.0471154
0.0473333
0.0475997
0.0479624
0.048479
0.0492037
0.0501743
0.0514109
0.0528907
0.0545427
0.0562356
0.0577825
0.0589728
0.0596312
0.0596747
0.0591463
0.0581824
0.0569629
0.0556549
0.0543832
0.0532225
0.0522128
0.0513638
0.0506749
0.0501329
0.0497199
0.0494198
0.0492149
0.0490872
0.0490203
0.0489987
0.0490077
0.0490299
0.0490429
0.0490135
0.0489044
0.0486713
0.0482807
0.0477171
0.046999
0.0461695
0.0452949
0.0444455
0.0436872
0.0430808
0.042677
0.0425219
0.0426581
0.0431292
0.0439768
0.0452404
0.0469434
0.0490755
0.0515547
0.0541946
0.0566991
0.0587137
0.0599586
0.0603602
0.0600695
0.0593637
0.0585029
0.0576415
0.056828
0.0560503
0.0552894
0.054559
0.0539001
0.0533745
0.0530398
0.0529309
0.053051
0.0533745
0.0538493
0.0544101
0.0549895
0.0555222
0.05595
0.0562338
0.056353
0.0563052
0.0561101
0.0558002
0.0554115
0.0549775
0.054523
0.0540607
0.0535975
0.0531374
0.0526791
0.0522244
0.0517744
0.0513277
0.0508799
0.0504234
0.0499487
0.049446
0.0489081
0.0483345
0.0477325
0.0471147
0.0464985
0.0459038
0.0453534
0.0448662
0.0444592
0.0441523
0.0439579
0.0438829
0.0439273
0.0440767
0.0442997
0.0445544
0.0447854
0.0449386
0.0449686
0.0448532
0.0445944
0.0442193
0.0437731
0.0433107
0.0428867
0.0425497
0.0423363
0.0422687
0.0423563
0.0425923
0.0429549
0.0434112
0.0439147
0.0444139
0.0448562
0.0451936
0.0453912
0.0454266
0.0452951
0.0450062
0.0445821
0.0440525
0.0434505
0.042809
0.0421603
0.0415295
0.0409358
0.0403946
0.0399165
0.0395084
0.0391723
0.0389086
0.0387169
0.0385918
0.038531
0.0385284
0.0385781
0.038677
0.0388165
0.0389919
0.0391952
0.0394179
0.0396486
0.0398776
0.0400916
0.0402811
0.0404354
0.0405504
0.0406273
0.0406776
0.0407159
0.0407614
0.0408408
0.0409754
0.0411872
0.0414967
0.0419191
0.0424612
0.0431235
0.0438985
0.0447682
0.0457057
0.0466744
0.0476304
0.0485225
0.0493027
0.0499312
0.05038
0.0506376
0.0507119
0.0506263
0.0504141
0.0501132
0.049758
0.0493813
0.0490071
0.0486515
0.0483238
0.048025
0.047755
0.0475065
0.0472747
0.047054
0.0468392
0.0466305
0.0464315
0.0462518
0.0461035
0.0460069
0.0459844
0.0460644
0.0462787
0.0466581
0.0472312
0.0480181
0.0490219
0.050213
0.05152
0.0528177
0.0539297
0.054659
0.0548442
0.054415
0.0534342
0.0520685
0.0505298
0.0490116
0.0476499
0.0465134
0.0456179
0.0449425
0.0444531
0.044108
0.043879
0.0437519
0.0437328
0.04385
0.0441374
0.0446259
0.0453183
0.0461717
0.0470824
0.0478944
0.0484422
0.0486046
0.0483632
0.0478048
0.047086
0.0463704
0.0457891
0.0454227
0.0453063
0.0454475
0.0458421
0.0464796
0.0473549
0.0484684
0.0498175
0.0514037
0.0532159
0.055226
0.0573778
0.0595781
0.0616941
0.0635639
0.0650201
0.0659206
0.0661766
0.0657754
0.0647777
0.0632999
0.0614873
0.0594885
0.0574272
0.0554035
0.0534871
0.0517221
0.0501422
0.0487656
0.0476096
0.0466857
0.0460084
0.045587
0.0454327
0.0455566
0.0459715
0.0466888
0.0477217
0.0490789
0.0507558
0.0527239
0.0549134
0.0571924
0.0593632
0.061176
0.0623679
0.062746
0.0622507
0.0609787
0.0591454
0.0570185
0.0548386
0.0527819
0.0509485
0.0493799
0.048075
0.0470118
0.0461605
0.04549
0.0449768
0.0446033
0.0443603
0.0442435
0.0442557
0.0444068
0.0447114
0.0451845
0.045847
0.0467155
0.0477961
0.0490765
0.0505136
0.0520244
0.0534933
0.0547977
0.0558476
0.0566291
0.0572154
0.0577457
0.0583663
0.0591728
0.0601638
0.0612128
0.0620804
0.0624737
0.0621594
0.0610763
0.0593658
0.0572983
0.0551574
0.0531529
0.051395
0.0499134
0.0486828
0.0476546
0.0467748
0.0459913
0.0452613
0.0445576
0.0438627
0.0431696
0.0424793
0.0418009
0.0411442
0.0405248
0.0399549
0.039446
0.0390089
0.0386555
0.0383948
0.0382357
0.0381886
0.0382608
0.0384637
0.0388058
0.0392953
0.0399373
0.0407329
0.0416752
0.0427424
0.0438972
0.0450859
0.0462301
0.0472443
0.0480394
0.0485449
0.0487214
0.0485734
0.048144
0.0475035
0.0467297
0.0458941
0.0450518
0.0442385
0.043474
0.0427651
0.0421127
0.0415148
0.0409647
0.0404609
0.0400017
0.0395849
0.0392103
0.0388804
0.0385945
0.0383536
0.0381581
0.0380068
0.0379011
0.0378385
0.0378184
0.0378396
0.0379038
0.0380091
0.0381569
0.0383501
0.038591
0.0388822
0.0392315
0.0396434
0.0401235
0.0406798
0.041319
0.0420472
0.0428668
0.0437775
0.0447741
0.04584
0.0469561
0.0480947
0.0492243
0.0503186
0.0513572
0.0523241
0.0532119
0.0540082
0.0546978
0.0552572
0.0556632
0.0558934
0.055935
0.055788
0.0554635
0.0549806
0.0543583
0.0536188
0.0527801
0.0518622
0.0508894
0.0498957
0.0489244
0.048031
0.0472755
0.0467246
0.0464371
0.0464641
0.0468275
0.0475073
0.0484212
0.0494196
0.0503032
0.0508837
0.0510555
0.0508474
0.050411
0.0499475
0.0496354
0.049574
0.0497758
0.0501756
0.050656
0.0510766
0.051317
0.0513086
0.0510583
0.0506376
0.0501598
0.0497438
0.0494888
0.0494603
0.0496929
0.050195
0.0509507
0.0519197
0.0530332
0.054189
0.0552575
0.0561036
0.0566244
0.0567879
0.0566524
0.0563475
0.0560351
0.0558686
0.0559636
0.0563798
0.0571378
0.0582078
0.0595291
0.0610081
0.0625375
0.0640035
0.0653073
0.0663836
0.0672126
0.0678144
0.0682337
0.068511
0.068665
0.0686871
0.0685471
0.068227
0.06772
0.0670497
0.0662492
0.0653557
0.0643996
0.0634105
0.0624186
0.0614568
0.0605548
0.0597387
0.0590302
0.0584413
0.0579745
0.0576274
0.0573939
0.0572608
0.0572098
0.0572127
0.0572332
0.057228
0.0571605
0.0570038
0.0567581
0.0564502
0.0561294
0.0558497
0.0556487
0.0555321
0.0554628
0.0553622
0.0551371
0.0547033
0.0540174
0.0530828
0.0519458
0.0506692
0.0493274
0.0479854
0.0466969
0.0455014
0.0444217
0.043467
0.0426311
0.0419037
0.0412677
0.040708
0.04021
0.039766
0.0393719
0.0390326
0.0387535
0.0385442
0.0384127
0.0383706
0.0384239
0.0385786
0.0388334
0.0391838
0.0396182
0.04012
0.0406642
0.0412241
0.0417703
0.0422741
0.0427106
0.0430631
0.0433242
0.0434974
0.0435981
0.0436496
0.0436766
0.0437079
0.0437703
0.0438895
0.044084
0.0443708
0.0447657
0.0452846
0.0459435
0.0467616
0.0477615
0.0489679
0.0504049
0.0520831
0.0539841
0.0560288
0.0580454
0.0597621
0.0608575
0.0610834
0.0604007
0.0590186
0.0573037
0.0556289
0.0542703
0.0533855
0.053041
0.0532479
0.0539843
0.0552208
0.0569069
0.0589714
0.0613117
0.0637896
0.0662385
0.0684832
0.0703752
0.0718152
0.0727576
0.0731947
0.0731398
0.0726129
0.0716548
0.0703357
0.0687609
0.0670613
0.06537
0.0637988
0.062423
0.0612806
0.0603777
0.0596894
0.059176
0.0587784
0.0584249
0.0580404
0.0575563
0.0569234
0.0561242
0.0551762
0.0541289
0.0530572
0.0520473
0.0511823
0.0505354
0.0501588
0.0500822
0.0503063
0.0507951
0.0514773
0.0522491
0.0529865
0.0535676
0.0539005
0.0539412
0.0537003
0.0532296
0.0525989
0.0518773
0.051114
0.0503344
0.0495409
0.0487245
0.0478741
0.0469804
0.0460494
