1.2
1.20001
1.20002
1.20003
1.20005
1.20007
1.20009
1.20012
1.20016
1.2002
1.20024
1.20028
1.20033
1.20039
1.20045
1.20051
1.20058
1.20066
1.20073
1.20082
1.20091
1.201
1.2011
1.20121
1.20132
1.20143
1.20155
1.20168
1.20182
1.20196
1.2021
1.20226
1.20242
1.20258
1.20276
1.20294
1.20313
1.20333
1.20353
1.20375
1.20397
1.2042
1.20445
1.2047
1.20496
1.20523
1.20552
1.20581
1.20612
1.20644
1.20677
1.20712
1.20748
1.20786
1.20825
1.20866
1.20909
1.20954
1.21
1.21049
1.211
1.21153
1.21208
1.21266
1.21327
1.2139
1.21457
1.21527
1.216
1.21677
1.21757
1.21842
1.21931
1.22024
1.22122
1.22225
1.22333
1.22447
1.22566
1.22691
1.22821
1.22956
1.23097
1.23241
1.23388
1.23537
1.23683
1.23824
1.23954
1.24066
1.24152
1.24201
1.24204
1.24153
1.24048
1.239
1.23742
1.23627
1.23616
1.23762
1.24086
1.24565
1.25143
1.25753
1.26339
1.2686
1.27294
1.27631
1.27863
1.27984
1.27988
1.27872
1.27641
1.27316
1.2694
1.26571
1.26274
1.261
1.26075
1.26203
1.26481
1.26904
1.27463
1.2813
1.28853
1.29568
1.30216
1.30755
1.31168
1.31465
1.31668
1.31809
1.31914
1.31992
1.3204
1.32045
1.31996
1.31891
1.31748
1.31595
1.31468
1.31392
1.31378
1.31417
1.31492
1.31584
1.31683
1.31791
1.31922
1.32096
1.32334
1.3265
1.3305
1.3353
1.34078
1.34675
1.35298
1.35922
1.36522
1.37075
1.37561
1.37967
1.38284
1.38507
1.38636
1.38676
1.38634
1.38516
1.3833
1.38077
1.37752
1.37345
1.36838
1.36221
1.35498
1.3469
1.33831
1.32968
1.32179
1.31608
1.31451
1.31852
1.32766
1.33965
1.35177
1.36222
1.37038
1.3764
1.38076
1.38395
1.38637
1.3883
1.3899
1.39127
1.39248
1.39357
1.39458
1.39556
1.3965
1.39737
1.39809
1.39854
1.39856
1.398
1.39675
1.39477
1.39216
1.38916
1.38614
1.38353
1.3817
1.38087
1.38106
1.38211
1.38381
1.38588
1.38806
1.39011
1.39187
1.39326
1.39428
1.39503
1.39564
1.39622
1.39683
1.39745
1.398
1.39833
1.39831
1.39777
1.39659
1.39471
1.39211
1.38888
1.38526
1.38156
1.37815
1.37533
1.37322
1.37176
1.37079
1.37019
1.36994
1.3701
1.3707
1.37163
1.37266
1.37347
1.37376
1.37333
1.37208
1.37002
1.36721
1.36376
1.35985
1.35592
1.35269
1.35116
1.35233
1.35667
1.36379
1.3726
1.38178
1.39029
1.39756
1.40342
1.40795
1.41136
1.41384
1.41559
1.41672
1.41733
1.41746
1.4171
1.41624
1.41482
1.41277
1.41002
1.40652
1.40221
1.39708
1.39119
1.38464
1.3776
1.37032
1.36313
1.35646
1.35082
1.3468
1.34494
1.34551
1.34842
1.35313
1.35884
1.36467
1.36988
1.37385
1.37617
1.3766
1.37514
1.37218
1.36862
1.36579
1.36502
1.36703
1.37151
1.37736
1.38334
1.38857
1.39263
1.3955
1.39735
1.39842
1.39893
1.39905
1.39892
1.3986
1.39813
1.39751
1.39668
1.39557
1.3941
1.39214
1.38957
1.38631
1.3823
1.37759
1.37237
1.36697
1.36187
1.35755
1.35441
1.35266
1.35232
1.3533
1.35543
1.35858
1.36254
1.36706
1.37186
1.37661
1.38105
1.38498
1.38829
1.39093
1.39293
1.39431
1.39513
1.39544
1.39529
1.3947
1.39373
1.39241
1.39077
1.38887
1.38671
1.38433
1.38168
1.37873
1.37543
1.37181
1.36812
1.36483
1.3626
1.36199
1.36317
1.36572
1.36883
1.37164
1.37361
1.37461
1.37492
1.37502
1.37537
1.37618
1.3774
1.3787
1.37973
1.38025
1.38023
1.37984
1.37939
1.37923
1.37968
1.38089
1.38286
1.38539
1.38819
1.3909
1.39322
1.39487
1.3957
1.39562
1.39465
1.39285
1.39038
1.38739
1.38411
1.38077
1.37764
1.37509
1.37352
1.37333
1.37479
1.37786
1.38226
1.38748
1.39297
1.39828
1.40307
1.4072
1.41061
1.41334
1.41545
1.41704
1.4182
1.41899
1.41948
1.41973
1.41976
1.4196
1.41923
1.41865
1.41784
1.4168
1.41553
1.41404
1.41238
1.41065
1.40894
1.40738
1.40607
1.40506
1.40434
1.40385
1.40345
1.403
1.40236
1.40143
1.40017
1.3986
1.3968
1.39486
1.39288
1.39097
1.38921
1.38768
1.38643
1.38554
1.38504
1.38495
1.38522
1.38579
1.38657
1.38751
1.3886
1.38987
1.39137
1.39311
1.39501
1.3969
1.39854
1.3997
1.4002
1.39995
1.39899
1.39745
1.3955
1.39336
1.39124
1.38935
1.38788
1.38701
1.38684
1.38745
1.38881
1.39083
1.39337
1.39625
1.3993
1.40231
1.40516
1.40774
1.40996
1.41181
1.41325
1.41429
1.41492
1.41513
1.41487
1.4141
1.41278
1.41087
1.40839
1.40544
1.40226
1.39925
1.39688
1.39562
1.39574
1.39722
1.39974
1.40283
1.40603
1.40898
1.41145
1.41334
1.41458
1.41514
1.41496
1.41393
1.41192
1.40875
1.40427
1.39846
1.39152
1.38402
1.37697
1.37162
1.36906
1.3698
1.37345
1.37885
1.38461
1.3896
1.39328
1.39571
1.39731
1.39856
1.39983
1.40126
1.40284
1.40451
1.40622
1.40791
1.40955
1.4111
1.41251
1.41375
1.41481
1.41567
1.4163
1.41668
1.41673
1.41638
1.41553
1.41412
1.41211
1.40952
1.40647
1.40324
1.40025
1.39802
1.39707
1.39768
1.39983
1.40315
1.40715
1.41135
1.41537
1.41903
1.42218
1.42478
1.42674
1.42802
1.42858
1.42841
1.42759
1.42626
1.42466
1.42305
1.42166
1.42065
1.42001
1.41969
1.41958
1.41972
1.42025
1.42139
1.42335
1.42617
1.42971
1.43364
1.43762
1.44133
1.44453
1.4471
1.449
1.45022
1.4508
1.45079
1.45029
1.44944
1.44841
1.44744
1.44674
1.44651
1.44684
1.44772
1.44903
1.45061
1.45224
1.45371
1.45478
1.45521
1.4548
1.45348
1.45135
1.44883
1.4466
1.44548
1.44613
1.44879
1.45313
1.45844
1.46389
1.46877
1.47261
1.47512
1.47616
1.47566
1.47349
1.46952
1.46368
1.45608
1.4472
1.43794
1.42953
1.42304
1.41904
1.41754
1.41837
1.4215
1.42699
1.43468
1.444
1.45401
1.46367
1.47212
1.47881
1.48354
1.48642
1.48781
1.48822
1.48824
1.48837
1.48892
1.48993
1.49122
1.49247
1.49335
1.49353
1.49279
1.49097
1.48794
1.48362
1.47797
1.471
1.46281
1.45365
1.44401
1.43467
1.4266
1.42071
1.41755
1.41721
1.41952
1.42422
1.43087
1.43862
1.44634
1.45295
1.45777
1.46052
1.46127
1.46031
1.45803
1.4549
1.45141
1.44809
1.44536
1.44352
1.44267
1.44267
1.44319
1.44374
1.44381
1.44301
1.44119
1.43859
1.43584
1.43383
1.43339
1.43489
1.43806
1.4422
1.44648
1.45028
1.45326
1.45532
1.45649
1.45689
1.45662
1.45578
1.45443
1.45266
1.45053
1.44815
1.44566
1.44321
1.44101
1.43922
1.43799
1.4374
1.43743
1.43802
1.43902
1.44026
1.44156
1.44276
1.44375
1.44448
1.44493
1.44512
1.44508
1.44482
1.44435
1.44367
1.44277
1.44166
1.4404
1.43904
1.4377
1.43645
1.43537
1.43446
1.43364
1.43281
1.43183
1.43056
1.42894
1.42691
1.42441
1.42136
1.41766
1.41327
1.40833
1.4033
1.39898
1.3964
1.39641
1.39931
1.40467
1.41151
1.4187
1.4253
1.43077
1.43486
1.43761
1.43914
1.43963
1.43925
1.43813
1.43635
1.43399
1.43108
1.42767
1.42383
1.41967
1.41535
1.41105
1.40694
1.40311
1.39958
1.39627
1.39311
1.39004
1.38717
1.38468
1.38284
1.38189
1.38192
1.38284
1.38437
1.38611
1.38773
1.38906
1.39017
1.39132
1.39283
1.39494
1.39764
1.40072
1.40384
1.40666
1.40895
1.41063
1.41176
1.41248
1.41298
1.41344
1.414
1.41477
1.41577
1.417
1.4184
1.41988
1.42136
1.42276
1.42402
1.42509
1.42591
1.42648
1.42676
1.42677
1.42652
1.42606
1.42545
1.42475
1.42402
1.42326
1.42242
1.4214
1.42009
1.41845
1.41656
1.41461
1.41279
1.41116
1.40953
1.40758
1.40512
1.40225
1.39939
1.3971
1.39567
1.39488
1.39416
1.39291
1.391
1.38897
1.38775
1.38814
1.39029
1.39381
1.39808
1.40267
1.40738
1.41212
1.41679
1.42123
1.42525
1.42867
1.43142
1.43347
1.4349
1.43581
1.43632
1.43654
1.43658
1.43651
1.43638
1.43624
1.43609
1.43593
1.43577
1.4356
1.4354
1.43516
1.43487
1.43452
1.43408
1.43355
1.43289
1.43209
1.43109
1.42985
1.42832
1.42642
1.42411
1.42133
1.41807
1.41438
1.41033
1.40604
1.40168
1.39749
1.39386
1.39137
1.39065
1.39216
1.39577
1.40079
1.4062
1.41107
1.4148
1.41717
1.41821
1.41816
1.41729
1.41596
1.41448
1.41317
1.41227
1.41194
1.41218
1.41291
1.41395
1.41508
1.41611
1.41685
1.4172
1.41706
1.4164
1.41522
1.41357
1.41151
1.40919
1.40681
1.4046
1.40283
1.40169
1.40129
1.40161
1.40252
1.40381
1.40526
1.40669
1.40797
1.40902
1.40982
1.41036
1.41068
1.41082
1.41081
1.41073
1.41061
1.4105
1.41045
1.41047
1.41056
1.41068
1.41079
1.41083
1.41074
1.41043
1.40982
1.40884
1.40735
1.40523
1.4023
1.39843
1.39363
1.38814
1.38268
1.37834
1.37636
1.37747
1.3815
1.38744
1.39403
1.40024
1.40552
1.40969
1.41283
1.41512
1.41673
1.41783
1.41855
1.41898
1.41918
1.4192
1.41908
1.41882
1.41845
1.41795
1.41733
1.41659
1.41572
1.41471
1.41358
1.41232
1.41094
1.40948
1.40796
1.40645
1.40501
1.40375
1.40277
1.40221
1.40215
1.40266
1.40373
1.40532
1.40727
1.40944
1.41164
1.4137
1.41547
1.41684
1.20064
1.20089
1.2007
1.20012
1.19923
1.19815
1.19708
1.19622
1.19583
1.1961
1.19717
1.19908
1.20175
1.20499
1.20858
1.21227
1.21585
1.2191
1.22187
1.22401
1.22541
1.22599
1.22571
1.22457
1.22266
1.22012
1.21717
1.21405
1.21099
1.20819
1.20577
1.20389
1.20276
1.20269
1.204
1.20688
1.21115
1.2163
1.22162
1.22641
1.23017
1.23266
1.23383
1.23377
1.23265
1.2307
1.22811
1.22508
1.22174
1.21821
1.21455
1.21083
1.20715
1.20365
1.20052
1.19799
1.19625
1.19539
1.19537
1.19598
1.19688
1.19764
1.19774
1.19662
1.19374
1.18873
1.1817
1.17369
1.16693
1.16414
1.16684
1.17418
1.18363
1.19265
1.19979
1.2047
1.20762
1.20901
1.20928
1.20876
1.20769
1.20625
1.20462
1.20295
1.20145
1.20029
1.19958
1.19939
1.19963
1.20017
1.20079
1.20128
1.20145
1.20116
1.20033
1.19895
1.19702
1.19463
1.19188
1.18893
1.18597
1.18322
1.18093
1.17934
1.17862
1.17886
1.18001
1.18188
1.18421
1.18672
1.18917
1.19141
1.19334
1.19495
1.19626
1.19731
1.19817
1.19889
1.19951
1.20007
1.2006
1.20109
1.20156
1.20198
1.20233
1.20254
1.20257
1.20235
1.20178
1.2008
1.19933
1.19735
1.19487
1.19195
1.18868
1.18515
1.18136
1.17724
1.17261
1.16738
1.16157
1.15545
1.14938
1.1437
1.13855
1.13397
1.13025
1.12803
1.12816
1.1312
1.13701
1.1448
1.15348
1.16208
1.17
1.17692
1.18278
1.18764
1.1916
1.19478
1.19731
1.19928
1.20078
1.2019
1.20268
1.20317
1.2034
1.20341
1.20322
1.20282
1.20223
1.20146
1.20048
1.19929
1.19787
1.19618
1.19418
1.19182
1.18902
1.1857
1.18174
1.17703
1.17144
1.1649
1.15747
1.14944
1.14153
1.13489
1.13085
1.1304
1.13366
1.13973
1.14727
1.15498
1.16204
1.16804
1.17291
1.1767
1.17957
1.18164
1.18306
1.18395
1.18441
1.18453
1.18443
1.18417
1.18383
1.18349
1.18321
1.18301
1.18294
1.18297
1.18312
1.18334
1.1836
1.18387
1.18411
1.18429
1.18439
1.18439
1.1843
1.18412
1.18385
1.18351
1.18309
1.18258
1.18197
1.18123
1.18033
1.17926
1.178
1.17658
1.17504
1.17348
1.17201
1.17074
1.1698
1.16922
1.169
1.16906
1.16927
1.16948
1.16957
1.16948
1.16922
1.16887
1.16858
1.16851
1.16881
1.16955
1.17073
1.17228
1.17408
1.17601
1.17798
1.17989
1.1817
1.18339
1.1849
1.1862
1.18724
1.18797
1.18833
1.18827
1.1878
1.18693
1.18573
1.1843
1.18274
1.18116
1.1796
1.17809
1.17661
1.17517
1.17388
1.17296
1.17265
1.17314
1.17442
1.17624
1.1782
1.17993
1.18117
1.18189
1.18222
1.18242
1.18278
1.18352
1.18475
1.18646
1.18852
1.19067
1.19261
1.19395
1.1943
1.19332
1.19079
1.18672
1.18148
1.17586
1.17103
1.16825
1.16846
1.17181
1.17767
1.18486
1.19218
1.19871
1.20397
1.20784
1.2104
1.21186
1.21246
1.21239
1.21182
1.21087
1.2096
1.20808
1.2064
1.20466
1.20301
1.20164
1.20065
1.20007
1.19976
1.19947
1.19888
1.19772
1.19584
1.19324
1.1901
1.18672
1.1835
1.18084
1.17908
1.17849
1.17918
1.18113
1.18413
1.18787
1.19194
1.19594
1.19956
1.20259
1.20494
1.20661
1.20764
1.20811
1.20812
1.20776
1.20711
1.20627
1.20532
1.20433
1.20339
1.20257
1.20194
1.20155
1.20141
1.20152
1.20185
1.20235
1.20296
1.20364
1.20434
1.20504
1.20573
1.20639
1.20703
1.20766
1.20825
1.20883
1.20937
1.20987
1.21033
1.21073
1.21107
1.21134
1.21152
1.21162
1.21163
1.21153
1.21133
1.21103
1.21064
1.21016
1.2096
1.20897
1.20825
1.20742
1.20644
1.20526
1.20385
1.2022
1.2004
1.1986
1.19705
1.19607
1.19591
1.19672
1.19849
1.20104
1.2041
1.20738
1.21062
1.21366
1.21638
1.21874
1.22074
1.22244
1.22389
1.22514
1.22623
1.22718
1.22799
1.22862
1.22904
1.22922
1.22916
1.22888
1.22843
1.22789
1.22736
1.22696
1.22679
1.22695
1.2275
1.22847
1.22982
1.23151
1.23343
1.23548
1.23754
1.23951
1.24131
1.24285
1.2441
1.24501
1.24553
1.24565
1.24531
1.24448
1.24315
1.24133
1.23912
1.23671
1.23443
1.23271
1.23198
1.23254
1.23444
1.23744
1.24113
1.24502
1.24873
1.25198
1.25463
1.25663
1.25801
1.25882
1.25913
1.25902
1.25858
1.25792
1.25713
1.25631
1.25551
1.25478
1.25412
1.25352
1.25296
1.25244
1.25196
1.25155
1.25123
1.25106
1.25103
1.25115
1.25135
1.25156
1.25166
1.25154
1.25108
1.25019
1.24881
1.24692
1.24461
1.24202
1.2394
1.23707
1.23532
1.23438
1.23433
1.23507
1.23634
1.23788
1.23943
1.24084
1.24205
1.24312
1.24411
1.24515
1.24631
1.24763
1.24909
1.25061
1.25212
1.25351
1.25473
1.25573
1.2565
1.25706
1.25742
1.25762
1.25768
1.25761
1.25739
1.25698
1.25634
1.25539
1.25405
1.25224
1.24991
1.24699
1.24347
1.23937
1.23476
1.22969
1.22421
1.2183
1.21178
1.20432
1.19555
1.18545
1.17496
1.16647
1.16324
1.16725
1.17744
1.19045
1.20293
1.21304
1.2203
1.22502
1.22774
1.22898
1.22919
1.22871
1.22781
1.22667
1.22543
1.22417
1.22292
1.22172
1.22056
1.21946
1.21842
1.21748
1.21664
1.21593
1.21535
1.21491
1.2146
1.21439
1.21425
1.21416
1.21407
1.21395
1.21377
1.2135
1.21311
1.21256
1.21182
1.21087
1.20965
1.20814
1.20631
1.20414
1.20166
1.1989
1.19593
1.19285
1.18981
1.18698
1.18457
1.1828
1.18187
1.18193
1.18303
1.1851
1.18796
1.19132
1.19486
1.19827
1.20129
1.20376
1.20558
1.20672
1.20719
1.207
1.2062
1.20481
1.20288
1.20043
1.19754
1.1943
1.19081
1.18722
1.18367
1.18026
1.1771
1.17428
1.17189
1.17005
1.1689
1.16854
1.16901
1.17022
1.17203
1.17423
1.17661
1.17899
1.18127
1.18337
1.18524
1.18686
1.18822
1.18932
1.19015
1.19073
1.19106
1.19115
1.19103
1.1907
1.19018
1.1895
1.18866
1.18768
1.18657
1.18533
1.18398
1.18251
1.18094
1.17929
1.17757
1.17582
1.17407
1.17237
1.17076
1.16926
1.1679
1.16671
1.16572
1.16499
1.16461
1.16464
1.16516
1.16619
1.16769
1.16957
1.17172
1.17399
1.17626
1.17843
1.18043
1.18218
1.18365
1.1848
1.18558
1.18598
1.18593
1.18543
1.18443
1.18296
1.18106
1.17883
1.17644
1.17413
1.17216
1.17077
1.17008
1.17008
1.1706
1.17137
1.17213
1.17263
1.17278
1.17257
1.17217
1.17179
1.17171
1.17217
1.17328
1.17502
1.17724
1.17971
1.1822
1.18451
1.18651
1.18813
1.18936
1.19025
1.19084
1.19124
1.19154
1.19184
1.19222
1.19273
1.19338
1.19413
1.19486
1.19545
1.19572
1.19554
1.19476
1.19332
1.19122
1.18865
1.18596
1.18373
1.18267
1.18336
1.186
1.19027
1.19547
1.20075
1.20543
1.20908
1.21151
1.21273
1.21286
1.21209
1.21067
1.20885
1.20687
1.20492
1.20315
1.20167
1.20056
1.19991
1.19978
1.20015
1.20092
1.20184
1.20266
1.20316
1.20322
1.20283
1.20206
1.20102
1.19981
1.19852
1.1973
1.19634
1.1959
1.19622
1.1974
1.19935
1.20182
1.20448
1.20705
1.2093
1.21115
1.21258
1.2136
1.21427
1.21464
1.21474
1.21462
1.21429
1.21378
1.2131
1.21225
1.21123
1.21002
1.20862
1.20699
1.20513
1.20301
1.20062
1.19798
1.1951
1.19204
1.18887
1.18571
1.18269
1.17995
1.17763
1.17584
1.17465
1.17409
1.17409
1.17457
1.1754
1.17645
1.17758
1.17871
1.17975
1.18069
1.18152
1.18223
1.18286
1.18341
1.18391
1.18436
1.18475
1.18507
1.1853
1.18541
1.18537
1.18514
1.18468
1.18396
1.18295
1.18161
1.17995
1.17796
1.17569
1.17321
1.17065
1.16817
1.16596
1.16425
1.16324
1.16306
1.1638
1.16539
1.16771
1.17051
1.17353
1.17652
1.17924
1.18148
1.18311
1.18403
1.18415
1.18347
1.182
1.17984
1.17717
1.17426
1.1715
1.16932
1.16812
1.16821
1.16964
1.17227
1.17573
1.1796
1.18345
1.18697
1.18994
1.19224
1.19385
1.19478
1.19509
1.19487
1.19424
1.19339
1.19252
1.19188
1.19166
1.19203
1.19302
1.19456
1.19646
1.19853
1.20053
1.20229
1.20367
1.20459
1.20499
1.20484
1.20413
1.20287
1.20107
1.19877
1.19604
1.19299
1.18977
1.1866
1.18372
1.18139
1.17985
1.17927
1.17972
1.18117
1.18346
1.18637
1.18964
1.19302
1.19632
1.1994
1.20216
1.20457
1.20661
1.20831
1.20969
1.21078
1.21163
1.21224
1.21266
1.21288
1.21293
1.21281
1.21252
1.21204
1.21134
1.21038
1.2091
1.20741
1.20524
1.20255
1.19936
1.19581
1.19217
1.18881
1.18619
1.1847
1.18459
1.18593
1.18856
1.19219
1.19642
1.20084
1.20508
1.20885
1.21196
1.21431
1.21588
1.21671
1.21689
1.21654
1.21581
1.21489
1.21394
1.21311
1.21253
1.21222
1.21218
1.2123
1.21251
1.2127
1.21281
1.21284
1.21279
1.21274
1.21277
1.21294
1.21332
1.21393
1.21479
1.21585
1.21706
1.21836
1.21968
1.22095
1.2221
1.22307
1.22384
1.22434
1.22458
1.22452
1.22418
1.2236
1.22279
1.22182
1.22074
1.21957
1.21834
1.21702
1.2156
1.21404
1.21232
1.21047
1.20855
1.20668
1.20504
1.20379
1.20305
1.20286
1.20314
1.2037
1.20431
1.20475
1.20486
1.20456
1.20385
1.20282
1.20159
1.20033
1.19919
1.19827
1.19759
1.19711
1.19675
1.19645
1.19623
1.19619
1.19652
1.20071
1.20209
1.20406
1.20639
1.20878
1.21094
1.21264
1.21371
1.21409
1.21372
1.21259
1.21069
1.20801
1.20455
1.20034
1.19547
1.19016
1.18474
1.17968
1.17549
1.1726
1.17123
1.1713
1.1725
1.17438
1.17653
1.17861
1.18044
1.18193
1.18306
1.18386
1.18437
1.18466
1.18476
1.18474
1.18463
1.18448
1.18434
1.18424
1.18424
1.18436
1.18464
1.18508
1.18569
1.18645
1.18731
1.18823
1.18913
1.18996
1.19065
1.19114
1.19138
1.19132
1.19095
1.19026
1.18927
1.18803
1.18659
1.18507
1.18358
1.18224
1.18117
1.18046
1.18014
1.18015
1.1804
1.18074
1.181
1.18105
1.18082
1.18031
1.17957
1.17874
1.17796
1.17734
1.17691
1.1766
1.17626
1.17566
1.17459
1.17285
1.17032
1.16699
1.16298
1.15858
1.15419
1.15033
1.14756
1.14633
1.14685
1.149
1.15235
1.15631
1.16029
1.16384
1.16669
1.16872
1.16996
1.1705
1.1705
1.17014
1.16962
1.16913
1.16885
1.1689
1.16936
1.17022
1.1714
1.17277
1.17418
1.17548
1.17656
1.17734
1.17778
1.17787
1.1776
1.17701
1.1761
1.1749
1.17342
1.17171
1.16981
1.1678
1.16579
1.16391
1.16233
1.16121
1.16068
1.1608
1.16159
1.16295
1.16475
1.16685
1.16907
1.17129
1.17341
1.17537
1.17712
1.17867
1.18001
1.18116
1.18212
1.18291
1.18353
1.18397
1.18423
1.18428
1.18409
1.18363
1.18286
1.18174
1.18026
1.1784
1.17621
1.17378
1.17126
1.16891
1.16701
1.16587
1.16574
1.16676
1.16888
1.17188
1.17547
1.17932
1.18312
1.18665
1.18979
1.19244
1.19461
1.19631
1.19758
1.19846
1.19902
1.19929
1.19931
1.19913
1.19876
1.19821
1.19752
1.19669
1.19574
1.19471
1.19362
1.19252
1.19147
1.19051
1.18969
1.18905
1.18862
1.18843
1.18851
1.18891
1.18967
1.19084
1.19243
1.19446
1.19684
1.19948
1.20227
1.20506
1.20775
1.21027
1.21256
1.21461
1.21644
1.21805
1.21948
1.22072
1.2218
1.22269
1.22338
1.22386
1.22412
1.22412
1.22387
1.22335
1.22256
1.22152
1.22025
1.21876
1.21712
1.21538
1.21364
1.212
1.21054
1.20937
1.20852
1.208
1.20776
1.20774
1.20783
1.20794
1.20803
1.20808
1.20811
1.20817
1.20833
1.20865
1.20913
1.20978
1.21054
1.21133
1.21205
1.21259
1.21287
1.2128
1.21231
1.21133
1.20983
1.2078
1.20528
1.20238
1.19928
1.19622
1.19354
1.19153
1.19047
1.1905
1.1916
1.19361
1.19627
1.19927
1.20231
1.20515
1.20761
1.20959
1.21103
1.21194
1.21234
1.21227
1.21177
1.21091
1.20976
1.20836
1.2068
1.20513
1.20341
1.20173
1.20016
1.19878
1.19768
1.19693
1.19657
1.1966
1.19696
1.1975
1.198
1.19813
1.19754
1.19583
1.19266
1.18785
1.18156
1.17429
1.16687
1.16005
1.15431
1.14997
1.14767
1.14844
1.15302
1.16097
1.17077
1.18066
1.1894
1.19648
1.20189
1.20587
1.20868
1.21059
1.2118
1.21248
1.21276
1.21274
1.21249
1.21207
1.21152
1.21087
1.21014
1.20935
1.20851
1.20763
1.20672
1.20578
1.20483
1.20386
1.20286
1.20184
1.20077
1.19963
1.19844
1.19718
1.19591
1.19466
1.1935
1.19248
1.1916
1.19083
1.19004
1.18905
1.18761
1.18546
1.18242
1.17847
1.17386
1.16915
1.16521
1.16299
1.16326
1.16632
1.17186
1.17913
1.18718
1.19517
1.20246
1.20873
1.21381
1.21768
1.22035
1.22184
1.22212
1.22117
1.21892
1.21541
1.21079
1.20551
1.20033
1.19624
1.19407
1.19415
1.19611
1.19909
1.20217
1.20466
1.20619
1.20669
1.20621
1.20491
1.20294
1.20047
1.19766
1.19465
1.1916
1.18861
1.18574
1.18304
1.18046
1.17795
1.1754
1.1727
1.16975
1.16648
1.16289
1.15908
1.15527
1.15174
1.14884
1.14686
1.14603
1.14653
1.1484
1.15149
1.15547
1.15981
1.1639
1.16718
1.16921
1.16974
1.16873
1.16639
1.16321
1.15992
1.15734
1.1561
1.15641
1.158
1.16027
1.16261
1.16456
1.16588
1.16653
1.16659
1.16617
1.16543
1.16448
1.16342
1.16233
1.16127
1.16027
1.15935
1.15851
1.15775
1.15705
1.1564
1.15577
1.15514
1.15449
1.1538
1.15306
1.15227
1.15144
1.1506
1.14977
1.14899
1.14832
1.14778
1.14742
1.14725
1.14727
1.14745
1.14774
1.14809
1.14844
1.14873
1.1489
1.14893
1.14882
1.14862
1.1484
1.14825
1.14828
1.14859
1.14924
1.15024
1.15155
1.15308
1.15473
1.15637
1.15792
1.15928
1.1604
1.16128
1.1619
1.16229
1.16251
1.16264
1.16276
1.16299
1.16343
1.16417
1.16525
1.16669
1.16843
1.17036
1.17235
1.17426
1.17594
1.17727
1.17812
1.1784
1.17803
1.17697
1.17518
1.17268
1.16951
1.1658
1.16171
1.15749
1.15339
1.14975
1.14688
1.14514
1.14484
1.14622
1.14932
1.15391
1.15955
1.16565
1.17168
1.1772
1.18191
1.18569
1.18851
1.19041
1.19152
1.19201
1.19203
1.19173
1.19119
1.19045
1.18947
1.18818
1.18654
1.18455
1.18228
1.17991
1.1777
1.17591
1.17474
1.17428
1.17445
1.17505
1.17592
1.17695
1.17818
1.17972
1.18175
1.1844
1.18771
1.19158
1.19579
1.20002
1.20401
1.20751
1.21041
1.21265
1.21426
1.21532
1.21593
1.21622
1.2163
1.21629
1.21629
1.21636
1.21655
1.21683
1.21717
1.21745
1.21754
1.2173
1.21657
1.21524
1.21326
1.21069
1.20772
1.20468
1.20198
1.20001
1.19905
1.1992
1.20039
1.20246
1.20522
1.20843
1.2119
1.21536
1.2186
1.22137
1.22351
1.22484
1.22529
1.22479
1.22337
1.22116
1.21839
1.21545
1.21288
1.21125
1.21103
1.21245
1.2154
1.21946
1.22404
1.22858
1.23262
1.23588
1.23824
1.23969
1.24028
1.24011
1.23928
1.23792
1.23614
1.23402
1.23167
1.22918
1.22662
1.22409
1.22168
1.21948
1.2176
1.21616
1.21527
1.21503
1.21549
1.21663
1.21837
1.2206
1.22313
1.2258
1.22845
1.23095
1.2332
1.23515
1.23677
1.23806
1.23905
1.23977
1.2403
1.24066
1.24093
1.24112
1.24126
1.24135
1.24139
1.24135
1.24121
1.24097
1.24058
1.24003
1.23926
1.23822
1.23684
1.23508
1.23288
1.23025
1.22726
1.22402
1.2207
1.21751
1.21465
1.21228
1.21052
1.20943
1.20904
1.20931
1.21018
1.21157
1.21338
1.21554
1.21795
1.22054
1.22324
1.226
1.22873
1.23136
1.23382
1.23603
1.23792
1.23945
1.24061
1.24139
1.24183
1.24195
1.24179
1.24138
1.24075
1.23991
1.23887
1.23762
1.23617
1.23452
1.23273
1.23084
1.22895
1.22713
1.22545
1.22393
1.22254
1.22127
1.2201
1.21916
1.21871
1.21914
1.22078
1.22376
1.22784
1.23249
1.23709
1.24107
1.2441
1.24604
1.24692
1.24689
1.24615
1.24489
1.24328
1.24148
1.23956
1.23758
1.23553
1.23341
1.23119
1.22889
1.22653
1.2242
1.22205
1.2203
1.2192
1.21898
1.21983
1.22177
1.22467
1.22826
1.23224
1.23627
1.24011
1.24361
1.24668
1.24931
1.25151
1.25332
1.25475
1.25583
1.25655
1.25691
1.25692
1.25658
1.25592
1.25502
1.25397
1.2529
1.25194
1.25114
1.2505
1.24988
1.24904
1.24765
1.24535
1.2419
1.23724
1.23166
1.22581
1.22068
1.21724
1.21613
1.21742
1.22061
1.22492
1.22958
1.23398
1.23779
1.24088
1.24328
1.24512
1.24658
1.2478
1.2489
1.24996
1.25102
1.25208
1.25313
1.25412
1.25501
1.25574
1.25623
1.25642
1.25624
1.25564
1.2546
1.25314
1.2513
1.24922
1.24703
1.24492
1.24301
1.2414
1.2401
1.23904
1.2382
1.23757
1.23728
1.23754
1.23853
1.24031
1.24273
1.24545
1.24806
1.25016
1.25149
1.25196
1.25162
1.25064
1.24929
1.24785
1.24661
1.24585
1.24574
1.24642
1.24785
1.24988
1.25222
1.25453
1.25644
1.25768
1.25811
1.25768
1.25648
1.25467
1.25243
1.24995
1.2474
1.24488
1.24249
1.24026
1.2382
1.23627
1.23443
1.23267
1.23111
1.23005
1.22987
1.23091
1.23316
1.23617
1.23904
1.24059
1.23953
1.23483
1.22621
1.21514
1.20548
1.20216
1.20759
1.2195
1.23318
1.24503
1.25371
1.25943
1.26291
1.26488
1.26588
1.26626
1.26625
1.26597
1.26548
1.26482
1.26399
1.263
1.26185
1.26055
1.25912
1.25758
1.25594
1.25422
1.25244
1.25057
1.24859
1.24643
1.24401
1.24123
1.23801
1.23426
1.22994
1.22508
1.2198
1.21432
1.20901
1.20435
1.20089
1.19914
1.19948
1.20205
1.20668
1.21295
1.22028
1.22802
1.23559
1.24252
1.24848
1.2533
1.25689
1.25924
1.2604
1.26044
1.25945
1.25754
1.25485
1.25156
1.24784
1.24388
1.23981
1.23571
1.23155
1.22724
1.22274
1.21814
1.21386
1.21058
1.20911
1.20999
1.21322
1.21819
1.22401
1.2298
1.23496
1.2392
1.24245
1.2448
1.24639
1.24739
1.24796
1.24824
1.24831
1.24825
1.24806
1.24775
1.24728
1.24659
1.2456
1.24423
1.2424
1.24004
1.23712
1.23367
1.2298
1.22573
1.22176
1.21829
1.21568
1.21424
1.21412
1.21526
1.21744
1.22033
1.2236
1.22692
1.23005
1.23281
1.23507
1.23673
1.23769
1.23789
1.23731
1.23594
1.23386
1.23121
1.22819
1.22509
1.22218
1.21972
1.21786
1.21664
1.216
1.21583
1.21601
1.21648
1.21722
1.21824
1.21958
1.22123
1.22316
1.22529
1.22752
1.22974
1.23184
1.23375
1.23541
1.23682
1.23798
1.23892
1.23971
1.24041
1.24107
1.24177
1.24255
1.24344
1.24445
1.24555
1.2467
1.24781
1.24878
1.24954
1.24996
1.24998
1.24956
1.2487
1.24747
1.246
1.19851
1.19723
1.19649
1.19651
1.19741
1.19916
1.20162
1.20457
1.20772
1.21083
1.21367
1.21606
1.21784
1.2189
1.2191
1.21828
1.21631
1.21299
1.20814
1.20162
1.19343
1.18391
1.174
1.16536
1.15998
1.15926
1.16308
1.16988
1.17758
1.18455
1.18996
1.19361
1.19568
1.19654
1.19663
1.1964
1.19633
1.19673
1.19773
1.19918
1.20075
1.20212
1.2031
1.20375
1.20429
1.205
1.20612
1.20774
1.2098
1.21212
1.21445
1.21657
1.21828
1.21942
1.21986
1.21949
1.21816
1.21576
1.21222
1.20766
1.20239
1.19704
1.19236
1.18896
1.18701
1.18615
1.18575
1.18525
1.18446
1.18354
1.18283
1.18267
1.18319
1.18433
1.18588
1.18759
1.18931
1.19096
1.19258
1.19428
1.19618
1.19839
1.20094
1.20382
1.20695
1.21021
1.21344
1.2165
1.21928
1.22168
1.22363
1.22508
1.22597
1.22622
1.22573
1.22438
1.222
1.21842
1.21345
1.20699
1.19904
1.18976
1.1796
1.16927
1.15967
1.15178
1.14636
1.14387
1.14438
1.14773
1.15357
1.16146
1.17076
1.18064
1.19024
1.19877
1.20572
1.21079
1.21391
1.21504
1.21418
1.21123
1.20611
1.19879
1.18961
1.17958
1.17058
1.16483
1.16379
1.16714
1.17303
1.17929
1.1844
1.18771
1.18917
1.18905
1.18768
1.18545
1.18268
1.17972
1.17687
1.17435
1.17232
1.17085
1.16991
1.1694
1.16918
1.16914
1.16916
1.16919
1.16922
1.16927
1.16939
1.16964
1.17007
1.17071
1.17159
1.17267
1.17394
1.17532
1.17676
1.17816
1.17944
1.18051
1.18125
1.18154
1.18123
1.18014
1.17808
1.1749
1.17056
1.16531
1.15974
1.15485
1.1518
1.15135
1.15348
1.15742
1.16208
1.16652
1.17021
1.17302
1.17503
1.17646
1.17753
1.17842
1.1793
1.18023
1.18128
1.18244
1.18371
1.18505
1.18643
1.18783
1.1892
1.19053
1.1918
1.19299
1.19408
1.19506
1.19591
1.19661
1.19714
1.19748
1.19759
1.19746
1.19706
1.19639
1.19544
1.19421
1.19272
1.191
1.18908
1.18701
1.18481
1.18247
1.17998
1.17731
1.17443
1.1714
1.16835
1.16552
1.16323
1.16176
1.16131
1.1619
1.16338
1.16553
1.16815
1.17114
1.1745
1.1783
1.18257
1.18727
1.19223
1.1972
1.2019
1.2061
1.20959
1.21225
1.21399
1.21477
1.21454
1.21329
1.21099
1.20769
1.20353
1.19878
1.1939
1.18941
1.18581
1.18337
1.18201
1.18141
1.18117
1.18097
1.18076
1.18066
1.18095
1.18191
1.18364
1.18606
1.1889
1.19181
1.19444
1.19654
1.19795
1.19862
1.19855
1.19781
1.19647
1.19465
1.19246
1.1901
1.18779
1.18588
1.18471
1.18459
1.18566
1.18782
1.19077
1.1941
1.19742
1.20044
1.20298
1.205
1.20651
1.20757
1.20826
1.20865
1.20883
1.20883
1.20869
1.20843
1.20806
1.20754
1.20686
1.20598
1.20487
1.20356
1.2021
1.20059
1.19917
1.198
1.19719
1.19676
1.19666
1.19678
1.197
1.19725
1.19751
1.19784
1.19829
1.19893
1.19976
1.20073
1.20175
1.20274
1.20362
1.20437
1.20503
1.20567
1.20642
1.20737
1.20858
1.21007
1.21181
1.2137
1.21566
1.21757
1.21934
1.22091
1.22224
1.22333
1.2242
1.22489
1.22546
1.22594
1.22638
1.22678
1.22714
1.22745
1.22772
1.228
1.22835
1.22886
1.22959
1.23057
1.23176
1.23301
1.23416
1.23499
1.2353
1.23493
1.23374
1.23167
1.2287
1.22487
1.22028
1.21506
1.20935
1.20334
1.1972
1.19119
1.18568
1.18108
1.17776
1.17579
1.17488
1.17462
1.17487
1.17612
1.17934
1.18519
1.19332
1.20245
1.21111
1.21827
1.22357
1.22707
1.22902
1.22971
1.22936
1.22818
1.22643
1.22447
1.22276
1.2218
1.22196
1.22332
1.22561
1.22836
1.23098
1.23299
1.23405
1.23399
1.23279
1.23054
1.22744
1.22379
1.21996
1.21636
1.21337
1.21124
1.2101
1.20989
1.21049
1.21172
1.21343
1.21549
1.2178
1.22026
1.22283
1.22542
1.22799
1.23048
1.23283
1.23502
1.23701
1.2388
1.24037
1.24174
1.2429
1.24388
1.24469
1.24531
1.24576
1.24601
1.24602
1.24574
1.24509
1.24397
1.24226
1.23983
1.23655
1.23239
1.22742
1.22195
1.2165
1.21175
1.20831
1.20645
1.20599
1.20646
1.20735
1.20844
1.20981
1.21177
1.21463
1.21847
1.22311
1.22814
1.23307
1.23747
1.24105
1.24364
1.2452
1.24575
1.24539
1.24423
1.24243
1.24016
1.23764
1.23507
1.23267
1.23063
1.22909
1.22811
1.22767
1.22767
1.22797
1.22837
1.22872
1.22888
1.22877
1.22836
1.22765
1.2267
1.22556
1.22436
1.22321
1.22225
1.2216
1.22138
1.22164
1.22238
1.22353
1.22497
1.22655
1.2281
1.22948
1.23056
1.23123
1.23143
1.23114
1.23035
1.22908
1.22736
1.22526
1.22286
1.22026
1.21758
1.21495
1.21251
1.21037
1.20863
1.20733
1.20645
1.20595
1.20577
1.20584
1.20609
1.20647
1.20694
1.20745
1.20796
1.2084
1.20874
1.20891
1.20892
1.20876
1.20849
1.20818
1.20793
1.20784
1.20801
1.20848
1.20926
1.21032
1.21159
1.21295
1.2143
1.21553
1.21655
1.21731
1.21775
1.21786
1.21762
1.21705
1.21615
1.21494
1.21344
1.21168
1.2097
1.20753
1.20524
1.20289
1.20055
1.19826
1.19606
1.19398
1.19204
1.19026
1.18869
1.18741
1.1865
1.18608
1.18623
1.18699
1.18836
1.19026
1.19259
1.1952
1.19793
1.20065
1.20321
1.20554
1.20755
1.20921
1.21051
1.21144
1.21201
1.21226
1.21219
1.21184
1.21123
1.21039
1.20935
1.20814
1.20679
1.20532
1.20376
1.20212
1.20039
1.19855
1.19655
1.19436
1.19198
1.18949
1.18707
1.18499
1.18356
1.18305
1.18358
1.1851
1.18738
1.19007
1.19281
1.19529
1.19728
1.19863
1.19933
1.19942
1.19902
1.1983
1.1975
1.19683
1.19651
1.19664
1.19726
1.1983
1.19962
1.20109
1.20261
1.20409
1.20552
1.20686
1.2081
1.20922
1.21015
1.21086
1.21129
1.21142
1.21128
1.21091
1.2104
1.20988
1.20945
1.20921
1.2092
1.20941
1.2098
1.21027
1.21072
1.21105
1.21117
1.21104
1.21064
1.20997
1.20906
1.20792
1.20656
1.20497
1.20311
1.20094
1.19842
1.19559
1.19258
1.18966
1.18721
1.18564
1.18531
1.18636
1.18867
1.19189
1.19559
1.19929
1.20262
1.2053
1.20716
1.20813
1.20822
1.20749
1.20599
1.20376
1.20077
1.19688
1.19196
1.18604
1.1795
1.17317
1.1681
1.16516
1.16467
1.16651
1.17033
1.17574
1.18222
1.1891
1.19571
1.20153
1.20628
1.2099
1.21244
1.21402
1.21473
1.21469
1.21397
1.21264
1.21078
1.20847
1.20583
1.203
1.20017
1.1975
1.19518
1.19334
1.19204
1.19129
1.19102
1.19111
1.19142
1.19183
1.19221
1.19252
1.19274
1.19292
1.19314
1.19351
1.19412
1.19501
1.19616
1.19748
1.19885
1.20012
1.20116
1.20187
1.20216
1.20197
1.20128
1.20007
1.19835
1.19611
1.19341
1.19028
1.18685
1.18324
1.17968
1.17637
1.17355
1.17137
1.16992
1.16919
1.16911
1.16966
1.17085
1.17275
1.17545
1.17895
1.18312
1.18772
1.19242
1.19692
1.20095
1.20437
1.20709
1.20911
1.21049
1.21128
1.21159
1.21149
1.21108
1.21044
1.20965
1.20878
1.20788
1.207
1.20617
1.20542
1.20475
1.20417
1.20369
1.2033
1.203
1.20274
1.20243
1.20193
1.20107
1.19965
1.19747
1.19442
1.19045
1.18569
1.18036
1.17488
1.16973
1.16547
1.16257
1.16133
1.1618
1.16376
1.16679
1.17041
1.17423
1.17795
1.18141
1.1845
1.1871
1.18904
1.19014
1.19019
1.18907
1.18686
1.18391
1.18089
1.17867
1.178
1.17914
1.1817
1.18484
1.1876
1.1893
1.18956
1.18836
1.18592
1.18272
1.17935
1.1764
1.17436
1.17339
1.17336
1.17394
1.17473
1.17542
1.17584
1.17594
1.17576
1.17537
1.17485
1.17424
1.17359
1.1729
1.17218
1.17142
1.17063
1.16983
1.16907
1.16836
1.16777
1.16731
1.16701
1.16689
1.16694
1.16717
1.16759
1.16819
1.16896
1.1699
1.17098
1.17217
1.17343
1.17471
1.17597
1.17715
1.17824
1.1792
1.18
1.18065
1.18113
1.18144
1.18159
1.18156
1.18137
1.18101
1.18048
1.1798
1.17896
1.17798
1.17689
1.17572
1.17451
1.17332
1.17218
1.17115
1.17028
1.16959
1.1691
1.16879
1.16865
1.16862
1.16866
1.16871
1.16869
1.16852
1.1681
1.16732
1.16605
1.16421
1.16184
1.15921
1.1569
1.15566
1.15613
1.15854
1.16252
1.16733
1.17216
1.17645
1.17994
1.18262
1.18458
1.18598
1.18697
1.18764
1.18807
1.18827
1.18827
1.18808
1.1877
1.18717
1.18653
1.18582
1.18512
1.18448
1.18398
1.18366
1.18357
1.18372
1.18412
1.18474
1.18556
1.18652
1.18755
1.18859
1.18956
1.19039
1.19102
1.19138
1.19143
1.19113
1.19048
1.18949
1.18822
1.18677
1.18525
1.18383
1.18267
1.18191
1.18167
1.18198
1.18281
1.18404
1.18553
1.18707
1.18848
1.18956
1.19016
1.19019
1.18957
1.18832
1.18653
1.1844
1.18219
1.18023
1.17884
1.17828
1.17863
1.17982
1.18163
1.18379
1.18601
1.18802
1.18964
1.19072
1.1912
1.19105
1.19033
1.18915
1.18774
1.18639
1.18541
1.18508
1.18552
1.18669
1.18837
1.19027
1.19212
1.19369
1.19486
1.1956
1.19593
1.19591
1.19559
1.19505
1.19433
1.19347
1.19248
1.19137
1.19011
1.1887
1.18713
1.18538
1.18347
1.18145
1.17941
1.17745
1.17574
1.17441
1.17363
1.17346
1.17393
1.17497
1.17643
1.17815
1.17993
1.18164
1.18315
1.1844
1.18537
1.18605
1.20031
1.20042
1.20033
1.20008
1.19972
1.19925
1.1987
1.19809
1.19744
1.19675
1.19605
1.19536
1.19471
1.19412
1.1936
1.19313
1.19264
1.19202
1.19112
1.1898
1.18795
1.18561
1.18306
1.18087
1.17974
1.18023
1.18248
1.18609
1.19031
1.1944
1.19785
1.20053
1.20255
1.20415
1.20553
1.20681
1.20793
1.20878
1.20917
1.20893
1.20796
1.20623
1.20377
1.20071
1.19727
1.19375
1.19051
1.18796
1.18648
1.1863
1.18749
1.18987
1.19311
1.19681
1.20059
1.20416
1.20734
1.21001
1.21216
1.21378
1.2149
1.21554
1.21575
1.21558
1.21508
1.21429
1.21323
1.21194
1.21041
1.20872
1.20695
1.2053
1.20399
1.20327
1.20334
1.20427
1.20597
1.20819
1.21054
1.21261
1.214
1.21439
1.21357
1.2115
1.20824
1.20402
1.19917
1.19405
1.18903
1.1844
1.18042
1.17734
1.17549
1.17519
1.17663
1.17973
1.18416
1.18941
1.19499
1.20051
1.20571
1.21041
1.21454
1.21808
1.22104
1.22344
1.22532
1.22671
1.22763
1.22808
1.22802
1.22741
1.22617
1.22423
1.22154
1.21814
1.2142
1.21007
1.2063
1.20354
1.20228
1.20271
1.2046
1.20743
1.21061
1.21367
1.21633
1.21847
1.22013
1.22137
1.22227
1.22293
1.22341
1.22376
1.22399
1.22413
1.22418
1.22413
1.22399
1.22374
1.22339
1.22295
1.22242
1.22184
1.2212
1.22054
1.21987
1.21921
1.21858
1.21798
1.21742
1.21692
1.21647
1.21608
1.21573
1.2154
1.21504
1.21461
1.21407
1.21335
1.21243
1.21131
1.20997
1.20846
1.20682
1.20508
1.20332
1.20159
1.19996
1.19852
1.19737
1.19666
1.19649
1.19695
1.19806
1.19975
1.20187
1.20426
1.20675
1.2092
1.21152
1.21368
1.21565
1.21744
1.21905
1.22046
1.22169
1.22271
1.22351
1.22409
1.22443
1.22454
1.22442
1.22407
1.22352
1.22279
1.22194
1.22099
1.22002
1.21907
1.21819
1.21742
1.21679
1.21629
1.21591
1.21563
1.21543
1.21527
1.21511
1.21492
1.21464
1.21422
1.21363
1.21281
1.21174
1.21042
1.20888
1.20719
1.20544
1.20377
1.20228
1.2011
1.20032
1.2
1.20018
1.20088
1.20213
1.20391
1.20619
1.20886
1.21174
1.2146
1.21716
1.21915
1.22036
1.22063
1.21986
1.21799
1.215
1.21096
1.20603
1.20058
1.19522
1.19076
1.18797
1.18731
1.1887
1.19161
1.19528
1.19903
1.20235
1.20497
1.2068
1.20785
1.20823
1.20811
1.20773
1.20734
1.20714
1.20722
1.20752
1.20787
1.20802
1.20775
1.20689
1.20536
1.20317
1.20042
1.19728
1.19398
1.19081
1.18808
1.18609
1.18505
1.18508
1.18611
1.18796
1.19038
1.19305
1.19571
1.19813
1.20018
1.20175
1.20281
1.20333
1.20334
1.20287
1.20196
1.20067
1.19909
1.1973
1.19542
1.19359
1.19193
1.19056
1.18957
1.18899
1.1888
1.18892
1.18924
1.1896
1.18987
1.18994
1.18973
1.18926
1.18863
1.18802
1.18764
1.18772
1.1884
1.18971
1.19153
1.19365
1.19581
1.19779
1.1994
1.2005
1.20106
1.20105
1.20051
1.19949
1.19806
1.19632
1.19435
1.19223
1.19003
1.18779
1.18553
1.18323
1.18091
1.17856
1.17624
1.17406
1.17218
1.17081
1.17016
1.17039
1.17158
1.17372
1.17668
1.18027
1.18425
1.18838
1.19244
1.19628
1.19978
1.20286
1.20549
1.20767
1.20943
1.2108
1.21186
1.21268
1.21336
1.21398
1.21462
1.21533
1.21611
1.21695
1.21777
1.21848
1.21898
1.21916
1.21896
1.21831
1.2172
1.21566
1.21374
1.21155
1.2092
1.20683
1.20456
1.20249
1.20067
1.19916
1.19802
1.19732
1.19718
1.19765
1.19874
1.20031
1.20217
1.20404
1.20569
1.20693
1.2077
1.20796
1.20776
1.20715
1.20621
1.20502
1.20367
1.20224
1.20087
1.19969
1.19888
1.19862
1.19906
1.20031
1.20233
1.20497
1.20799
1.21113
1.21411
1.21673
1.21887
1.22048
1.22154
1.22209
1.22221
1.22195
1.22138
1.22056
1.21953
1.2183
1.2169
1.2153
1.2135
1.21152
1.20939
1.2072
1.20509
1.20324
1.20182
1.20098
1.20081
1.20127
1.20226
1.20359
1.20509
1.2066
1.20799
1.2092
1.21018
1.21093
1.21146
1.21178
1.21192
1.21189
1.21172
1.21141
1.21095
1.21036
1.20961
1.2087
1.2076
1.2063
1.20478
1.20303
1.20106
1.19888
1.19652
1.19405
1.19153
1.18905
1.18673
1.18465
1.18294
1.18171
1.18103
1.18099
1.18161
1.18286
1.18468
1.18694
1.18949
1.19218
1.19484
1.19736
1.19964
1.20164
1.20333
1.20472
1.20581
1.20663
1.2072
1.20753
1.2076
1.20741
1.20694
1.20619
1.20515
1.20386
1.20235
1.20074
1.19915
1.19775
1.19668
1.19609
1.19604
1.19652
1.19745
1.19867
1.19999
1.20118
1.20201
1.20221
1.20151
1.19963
1.1964
1.19178
1.18613
1.18024
1.17525
1.17224
1.17166
1.17313
1.1758
1.1789
1.18209
1.18543
1.18909
1.19311
1.19731
1.20137
1.20499
1.20793
1.21009
1.21143
1.21204
1.21202
1.21153
1.21074
1.20986
1.20906
1.20851
1.20833
1.20855
1.20914
1.21003
1.2111
1.21225
1.21335
1.21432
1.21509
1.21559
1.21575
1.21552
1.21483
1.21367
1.21203
1.21
1.20775
1.20555
1.20373
1.20253
1.20206
1.20218
1.2025
1.2025
1.20171
1.1999
1.19719
1.19415
1.19173
1.19092
1.19238
1.19609
1.20138
1.20726
1.21288
1.21768
1.22141
1.22409
1.22584
1.22684
1.22729
1.22734
1.22711
1.22669
1.22614
1.22547
1.22469
1.2238
1.22277
1.22159
1.22026
1.21877
1.21714
1.21538
1.21351
1.21156
1.20954
1.20748
1.20537
1.2032
1.20097
1.1987
1.19646
1.19442
1.19282
1.19196
1.19209
1.19333
1.19557
1.19853
1.20185
1.20515
1.20816
1.21071
1.21272
1.21421
1.21521
1.21578
1.21597
1.21582
1.21537
1.21461
1.21355
1.21216
1.21039
1.2082
1.20553
1.20233
1.1986
1.19435
1.18969
1.18481
1.18
1.17561
1.17205
1.16963
1.16853
1.16876
1.17012
1.1723
1.17494
1.17769
1.18028
1.18253
1.18434
1.1857
1.18666
1.18732
1.18781
1.18826
1.18878
1.18946
1.19035
1.19144
1.19266
1.19393
1.19514
1.19616
1.1969
1.19727
1.19719
1.19663
1.19556
1.19395
1.1918
1.18909
1.18587
1.18225
1.17845
1.17477
1.17161
1.16929
1.16795
1.16754
1.16779
1.16838
1.16905
1.16964
1.17007
1.17032
1.17037
1.17019
1.16975
1.16907
1.16825
1.16749
1.16705
1.16716
1.16788
1.16909
1.17044
1.17154
1.17204
1.17174
1.17062
1.16887
1.1668
1.16484
1.16338
1.16275
1.16309
1.16435
1.16633
1.16873
1.17123
1.17354
1.17543
1.17676
1.17744
1.17743
1.17674
1.17542
1.17357
1.17133
1.1689
1.16652
1.16443
1.16284
1.16189
1.1616
1.1619
1.16263
1.16359
1.1646
1.16554
1.16631
1.1669
1.16731
1.16761
1.16783
1.16805
1.1683
1.1686
1.16896
1.16938
1.16985
1.17036
1.17088
1.17142
1.17196
1.17252
1.17307
1.17362
1.17416
1.17464
1.17504
1.17527
1.17527
1.17491
1.1741
1.1727
1.17065
1.16796
1.16479
1.16148
1.15856
1.15662
1.1561
1.15713
1.15946
1.1626
1.166
1.16924
1.17205
1.17431
1.17597
1.17705
1.17755
1.17748
1.17682
1.17559
1.17378
1.17143
1.16859
1.16544
1.1622
1.15924
1.15692
1.15557
1.15536
1.15624
1.15798
1.16028
1.16285
1.16549
1.16805
1.17045
1.17256
1.17423
1.1753
1.1756
1.17503
1.17361
1.17154
1.1692
1.16708
1.16571
1.16546
1.16639
1.16829
1.17076
1.17339
1.17592
1.17819
1.18019
1.18192
1.18336
1.18447
1.18516
1.18535
1.18502
1.18422
1.18306
1.18176
1.18059
1.17985
1.17978
1.18053
1.18213
1.18442
1.18714
1.18998
1.19259
1.19469
1.19605
1.19648
1.19584
1.19398
1.19074
1.1859
1.17919
1.17039
1.15947
1.14697
1.13427
1.12371
1.11789
1.11825
1.12416
1.13327
1.14292
1.15131
1.15781
1.16264
1.16637
1.16951
1.17226
1.17449
1.17589
1.17612
1.17494
1.17226
1.16822
1.16315
1.15759
1.15225
1.14791
1.14526
1.14473
1.14635
1.14969
1.15407
1.15869
1.16292
1.16638
1.1689
1.17049
1.17125
1.17132
1.17085
1.16997
1.16879
1.16742
1.16592
1.16437
1.16283
1.16134
1.15995
1.1587
1.15761
1.15671
1.15599
1.15547
1.1551
1.15488
1.15477
1.15472
1.15472
1.15471
1.15468
1.1546
1.15446
1.15425
1.15395
1.15359
1.15316
1.15267
1.15214
1.15156
1.15093
1.15022
1.1494
1.14843
1.14728
1.14595
1.14449
1.14303
1.14178
1.14102
1.14101
1.14191
1.14376
1.14642
1.14965
1.15315
1.15666
1.16
1.16304
1.16574
1.16807
1.17005
1.1717
1.17301
1.17402
1.17472
1.17514
1.1753
1.17523
1.17501
1.17472
1.17444
1.17429
1.17434
1.17464
1.17519
1.17592
1.17673
1.17744
1.17784
1.17768
1.17669
1.17466
1.17152
1.16759
1.16359
1.16063
1.15969
1.16113
1.1644
1.16834
1.17181
1.17406
1.17488
1.17447
1.17326
1.17176
1.17041
1.16952
1.16929
1.16974
1.17082
1.17242
1.17438
1.17652
1.17872
1.1809
1.18303
1.18517
1.18738
1.18973
1.19224
1.19489
1.19758
1.2002
1.20259
1.20461
1.2061
1.20694
1.20705
1.20638
1.20499
1.20298
1.20061
1.1982
1.19614
1.19479
1.19438
1.19495
1.19633
1.19823
1.20026
1.20205
1.20326
1.20364
1.20303
1.20138
1.19881
1.19557
1.19202
1.1886
1.18572
1.18364
1.18241
1.18196
1.18207
1.18249
1.183
1.18342
1.18372
1.18397
1.18436
1.18507
1.18622
1.18774
1.20131
1.20262
1.20371
1.20451
1.205
1.20522
1.20527
1.20525
1.20531
1.20558
1.20614
1.20693
1.20777
1.20845
1.20879
1.20867
1.20807
1.20707
1.20582
1.20451
1.20335
1.20252
1.20215
1.20231
1.20296
1.20401
1.20532
1.20675
1.20818
1.2095
1.21067
1.21167
1.21249
1.21315
1.21368
1.2141
1.21444
1.21471
1.21493
1.21509
1.2152
1.21525
1.21522
1.21512
1.21492
1.21462
1.21421
1.21371
1.21313
1.21246
1.21172
1.21085
1.20974
1.20823
1.20602
1.20277
1.19811
1.19181
1.18407
1.17575
1.1685
1.1643
1.16446
1.16886
1.17611
1.18439
1.1923
1.1991
1.20455
1.20869
1.21169
1.21376
1.21508
1.21581
1.21606
1.21591
1.21543
1.21464
1.21358
1.21226
1.21068
1.20886
1.20681
1.20453
1.20201
1.19926
1.19624
1.19296
1.18942
1.18569
1.18197
1.17859
1.17602
1.1748
1.17534
1.17779
1.18192
1.18718
1.19288
1.19833
1.20297
1.20641
1.20844
1.209
1.2082
1.2063
1.20371
1.20089
1.19825
1.19597
1.19396
1.1919
1.18946
1.18643
1.18295
1.1795
1.17679
1.17557
1.17623
1.17871
1.18247
1.18679
1.19102
1.19472
1.19765
1.19973
1.20097
1.20144
1.20125
1.20053
1.1994
1.19799
1.19642
1.19476
1.19305
1.19128
1.18948
1.18765
1.18586
1.18425
1.18301
1.18231
1.1823
1.18303
1.18441
1.18624
1.18825
1.19019
1.19184
1.19309
1.19393
1.1944
1.19463
1.19477
1.19494
1.19526
1.1958
1.19658
1.1976
1.19879
1.20008
1.20132
1.20237
1.20305
1.2032
1.2027
1.20151
1.19968
1.19736
1.19479
1.19225
1.18996
1.18805
1.18657
1.18544
1.18459
1.18393
1.18341
1.18303
1.18286
1.18305
1.18379
1.18527
1.18762
1.19079
1.19462
1.19882
1.2031
1.20717
1.21083
1.21398
1.21655
1.21855
1.21998
1.22088
1.22125
1.22107
1.22029
1.21881
1.2165
1.2132
1.20883
1.20345
1.19745
1.19168
1.18732
1.18546
1.18658
1.19023
1.19534
1.20081
1.20583
1.21009
1.21357
1.21639
1.21871
1.22065
1.22227
1.22359
1.22464
1.22542
1.22597
1.22635
1.22663
1.22691
1.22727
1.22778
1.22849
1.22939
1.23048
1.23169
1.23294
1.23415
1.23521
1.23603
1.23656
1.23677
1.23669
1.2364
1.23605
1.23584
1.23595
1.23657
1.23776
1.23953
1.24178
1.24431
1.24695
1.2495
1.25183
1.25382
1.25541
1.25658
1.25729
1.25755
1.25736
1.25671
1.25563
1.25414
1.25232
1.2503
1.24828
1.24649
1.24518
1.24454
1.24463
1.24538
1.24656
1.24793
1.24921
1.25016
1.25065
1.25057
1.24985
1.24846
1.24634
1.24344
1.23977
1.23545
1.23075
1.22611
1.22201
1.21891
1.21705
1.21649
1.21714
1.21882
1.22129
1.22434
1.22776
1.23139
1.23511
1.23882
1.24246
1.24597
1.2493
1.2524
1.25524
1.25778
1.26003
1.26197
1.26364
1.26507
1.2663
1.26736
1.26829
1.26911
1.26984
1.27047
1.27099
1.27137
1.27157
1.27154
1.27123
1.27059
1.26957
1.26811
1.26616
1.26369
1.26067
1.25708
1.25299
1.24852
1.244
1.23996
1.23709
1.23601
1.23703
1.23991
1.24402
1.24857
1.2529
1.25664
1.25966
1.26201
1.2638
1.26518
1.26626
1.26714
1.26786
1.26847
1.26899
1.26949
1.27001
1.2706
1.27129
1.27202
1.27269
1.27314
1.27317
1.27259
1.27123
1.26898
1.26586
1.26203
1.25787
1.25394
1.25094
1.24944
1.24978
1.25184
1.25519
1.25922
1.26341
1.26733
1.27076
1.27362
1.27587
1.27757
1.27876
1.27953
1.27994
1.28004
1.27991
1.27958
1.27911
1.27854
1.27792
1.2773
1.27678
1.2765
1.27659
1.27719
1.27836
1.28009
1.28225
1.28466
1.28711
1.28941
1.29139
1.29291
1.29384
1.29406
1.29344
1.2918
1.28901
1.28492
1.27948
1.27287
1.26558
1.25852
1.25285
1.24954
1.24893
1.25053
1.25339
1.25658
1.25958
1.26223
1.26461
1.26685
1.26895
1.2708
1.27223
1.27304
1.27311
1.27241
1.27102
1.26908
1.2668
1.26439
1.26205
1.25996
1.25824
1.25695
1.2561
1.25563
1.25543
1.25538
1.25538
1.25534
1.25524
1.25505
1.25479
1.25445
1.25404
1.25357
1.25304
1.25247
1.25189
1.25133
1.25085
1.25047
1.2502
1.25004
1.24995
1.2499
1.24983
1.24968
1.2494
1.24893
1.24823
1.24726
1.24597
1.24437
1.24249
1.24042
1.23829
1.23626
1.23451
1.23319
1.23239
1.2321
1.23224
1.23267
1.23322
1.23371
1.23399
1.23393
1.23346
1.23255
1.2312
1.22947
1.22746
1.22529
1.22314
1.22114
1.21944
1.21817
1.21737
1.21708
1.21725
1.21782
1.21871
1.2198
1.22101
1.22224
1.22342
1.22451
1.22546
1.22624
1.22687
1.22732
1.2276
1.22774
1.22773
1.2276
1.22737
1.22703
1.22662
1.22614
1.22561
1.22505
1.22448
1.22393
1.22342
1.22299
1.22268
1.22252
1.22252
1.22267
1.22296
1.22334
1.22376
1.22413
1.22439
1.22446
1.22428
1.22381
1.223
1.22185
1.22037
1.21859
1.21659
1.21445
1.2123
1.21029
1.20855
1.20721
1.20636
1.20603
1.20618
1.20675
1.20764
1.20872
1.20989
1.21105
1.21214
1.2131
1.21394
1.21464
1.21523
1.21574
1.2162
1.21663
1.21707
1.21753
1.218
1.21846
1.21889
1.21922
1.21939
1.21931
1.21888
1.21798
1.21651
1.21436
1.2115
1.20795
1.20391
1.19972
1.19594
1.19322
1.19211
1.19291
1.19547
1.19926
1.20359
1.20782
1.21152
1.21448
1.21668
1.21821
1.21922
1.21988
1.2203
1.22055
1.22061
1.22039
1.21976
1.2186
1.21685
1.2146
1.21216
1.21002
1.20876
1.20879
1.21025
1.21286
1.21612
1.21949
1.22252
1.22496
1.2267
1.22773
1.22809
1.2278
1.22688
1.22533
1.22311
1.22019
1.21655
1.21222
1.20731
1.20207
1.19685
1.19214
1.18846
1.18627
1.18586
1.18731
1.19043
1.19487
1.20016
1.20586
1.21158
1.21704
1.22207
1.22656
1.23047
1.23377
1.23644
1.23849
1.2399
1.24065
1.24072
1.24009
1.2387
1.23651
1.23344
1.22944
1.22445
1.2185
1.21173
1.20449
1.19735
1.19108
1.18655
1.18444
1.185
1.18797
1.19267
1.19823
1.20385
1.20899
1.21333
1.2168
1.21943
1.22134
1.22267
1.22354
1.22405
1.22427
1.22426
1.22402
1.22355
1.22282
1.22177
1.22036
1.21848
1.21607
1.21308
1.20949
1.2054
1.20106
1.1968
1.19303
1.19005
1.18793
1.18641
1.18502
1.18322
1.18061
1.17711
1.17308
1.16927
1.16668
1.16617
1.16804
1.17188
1.17682
1.18191
1.18644
1.19006
1.1927
1.19449
1.19561
1.19629
1.19671
1.19701
1.19732
1.1977
1.19817
1.19875
1.1994
1.20009
1.2008
1.20149
1.20211
1.20265
1.20307
1.20335
1.20347
1.20339
1.20308
1.20252
1.20165
1.20045
1.19888
1.1969
1.19452
1.19177
1.18871
1.18551
1.18236
1.17952
1.17727
1.17583
1.17533
1.17578
1.17703
1.17886
1.18102
1.18328
1.18549
1.18753
1.18937
1.19099
1.19241
1.19367
1.1948
1.19581
1.19673
1.19757
1.19833
1.19903
1.19967
1.20024
1.20076
1.20122
1.20164
1.20201
1.20235
1.20266
1.20294
1.20319
1.20341
1.20359
1.20373
1.20382
1.20383
1.20375
1.20356
1.20322
1.20271
1.20199
1.20105
1.19988
1.19847
1.19685
1.19507
1.19321
1.19134
1.18953
1.18783
1.18628
1.18487
1.18363
1.18259
1.18181
1.18136
1.18132
1.18172
1.18258
1.18387
1.18554
1.18754
1.18982
1.19234
1.19507
1.19796
1.20094
1.2039
1.20669
1.20914
1.21105
1.21222
1.21248
1.21174
1.21001
1.20752
1.20473
1.20228
1.20083
1.20078
1.20207
1.20423
1.20656
1.20843
1.2095
1.20968
1.20919
1.20841
1.20783
1.20787
1.20879
1.21062
1.21313
1.21596
1.21872
1.22107
1.22279
1.22377
1.22397
1.22343
1.22225
1.22062
1.21885
1.21734
1.21654
1.21681
1.21829
1.22081
1.22397
1.22723
1.23006
1.23208
1.23307
1.23294
1.23178
1.22975
1.22711
1.22421
1.22138
1.21892
1.21705
1.21581
1.21513
1.21483
1.21476
1.21483
1.21508
1.21562
1.21654
1.21788
1.2196
1.2216
1.22378
1.22607
1.22839
1.23067
1.23283
1.2348
1.2365
1.23788
1.2389
1.23957
1.23988
1.23985
1.23953
1.23896
1.23821
1.2374
1.23664
1.23608
1.23578
1.23575
1.23591
1.23608
1.23606
1.23569
1.23493
1.23387
1.23276
1.2319
1.23158
1.23197
1.23309
1.23481
1.23692
1.23921
1.24148
1.24357
1.24537
1.24683
1.24794
1.24873
1.24924
1.24956
1.24973
1.24981
1.24985
1.24986
1.24983
1.24976
1.24961
1.24937
1.24899
1.24846
1.24775
1.24687
1.24581
1.24462
1.24333
1.24201
1.24074
1.23961
1.2387
1.23808
1.23782
1.23793
1.2384
1.2392
1.24025
1.24148
1.24279
1.24412
1.24539
1.24654
1.24752
1.2483
1.24882
1.24903
1.24887
1.24824
1.24705
1.24517
1.24251
1.23906
1.235
1.23079
1.22728
1.22556
1.22654
1.23047
1.23674
1.24417
1.25152
1.25786
1.26268
1.26582
1.26725
1.26706
1.26535
1.26224
1.25791
1.25262
1.24675
1.24078
1.23524
1.23057
1.22708
1.22488
1.22399
1.22436
1.22591
1.22856
1.2321
1.23625
1.24062
1.24478
1.24841
1.25128
1.25327
1.25441
1.25476
1.25448
1.25376
1.25283
1.25195
1.25135
1.25121
1.25161
1.25253
1.25381
1.25525
1.25658
1.25754
1.2579
1.25749
1.25621
1.25405
1.25109
1.24754
1.24373
1.24004
1.23687
1.23451
1.23312
1.23266
1.23295
1.23375
1.23482
1.23599
1.23716
1.23834
1.23958
1.24092
1.24241
1.24406
