1.8
1.80001
1.80003
1.80005
1.80007
1.8001
1.80014
1.80019
1.80024
1.80029
1.80036
1.80043
1.8005
1.80058
1.80067
1.80077
1.80087
1.80098
1.8011
1.80123
1.80136
1.8015
1.80165
1.80181
1.80197
1.80215
1.80233
1.80252
1.80272
1.80293
1.80315
1.80338
1.80363
1.80388
1.80414
1.80441
1.8047
1.80499
1.8053
1.80562
1.80596
1.80631
1.80667
1.80705
1.80744
1.80785
1.80828
1.80872
1.80918
1.80966
1.81016
1.81068
1.81123
1.81179
1.81238
1.813
1.81364
1.81431
1.815
1.81573
1.81649
1.81729
1.81812
1.81899
1.8199
1.82085
1.82185
1.8229
1.824
1.82515
1.82636
1.82763
1.82896
1.83036
1.83183
1.83338
1.835
1.8367
1.83849
1.84036
1.84231
1.84434
1.84645
1.84862
1.85083
1.85305
1.85525
1.85736
1.85931
1.86099
1.86228
1.86302
1.86307
1.8623
1.86072
1.8585
1.85614
1.8544
1.85423
1.85643
1.86129
1.86847
1.87714
1.8863
1.89508
1.90289
1.90941
1.91446
1.91794
1.91976
1.91982
1.91808
1.91461
1.90974
1.90409
1.89856
1.89411
1.89151
1.89113
1.89305
1.89721
1.90356
1.91195
1.92195
1.93279
1.94353
1.95324
1.96133
1.96753
1.97197
1.97502
1.97714
1.9787
1.97988
1.9806
1.98068
1.97994
1.97837
1.97621
1.97393
1.97202
1.97088
1.97067
1.97126
1.97238
1.97377
1.97525
1.97687
1.97883
1.98145
1.98501
1.98975
1.99574
2.00294
2.01116
2.02012
2.02947
2.03883
2.04782
2.05612
2.06342
2.06951
2.07426
2.0776
2.07954
2.08014
2.0795
2.07774
2.07494
2.07115
2.06629
2.06017
2.05257
2.04332
2.03247
2.02035
2.00746
1.99452
1.98269
1.97411
1.97177
1.97778
1.9915
2.00947
2.02765
2.04333
2.05558
2.06461
2.07114
2.07592
2.07956
2.08245
2.08485
2.08691
2.08872
2.09035
2.09188
2.09334
2.09475
2.09606
2.09714
2.0978
2.09783
2.097
2.09512
2.09216
2.08824
2.08373
2.0792
2.07529
2.07256
2.07131
2.07158
2.07317
2.07571
2.07882
2.08209
2.08517
2.08781
2.08989
2.09142
2.09255
2.09346
2.09433
2.09524
2.09617
2.09699
2.0975
2.09746
2.09665
2.09489
2.09206
2.08816
2.08332
2.07788
2.07233
2.06722
2.06299
2.05983
2.05764
2.05618
2.05528
2.05491
2.05515
2.05605
2.05745
2.05899
2.06021
2.06064
2.05999
2.05812
2.05503
2.05082
2.04563
2.03978
2.03388
2.02903
2.02674
2.02849
2.035
2.04568
2.0589
2.07267
2.08543
2.09633
2.10512
2.11193
2.11704
2.12077
2.12338
2.12508
2.126
2.12619
2.12565
2.12436
2.12222
2.11915
2.11503
2.10978
2.10331
2.09563
2.08679
2.07696
2.0664
2.05548
2.0447
2.03469
2.02623
2.0202
2.0174
2.01827
2.02263
2.02969
2.03825
2.04701
2.05481
2.06078
2.06426
2.0649
2.06271
2.05827
2.05293
2.04868
2.04754
2.05055
2.05726
2.06604
2.07501
2.08285
2.08894
2.09325
2.09603
2.09763
2.09839
2.09858
2.09838
2.0979
2.0972
2.09626
2.09501
2.09336
2.09114
2.0882
2.08436
2.07946
2.07345
2.06638
2.05855
2.05046
2.0428
2.03632
2.03161
2.02899
2.02849
2.02994
2.03315
2.03787
2.0438
2.05059
2.05779
2.06492
2.07158
2.07747
2.08243
2.0864
2.08939
2.09147
2.0927
2.09316
2.09293
2.09206
2.0906
2.08861
2.08616
2.0833
2.08007
2.07649
2.07253
2.0681
2.06314
2.05772
2.05218
2.04724
2.0439
2.04299
2.04475
2.04858
2.05324
2.05747
2.06042
2.06192
2.06238
2.06253
2.06305
2.06428
2.06609
2.06804
2.06959
2.07038
2.07035
2.06976
2.06908
2.06885
2.06952
2.07134
2.07429
2.07809
2.08228
2.08636
2.08982
2.0923
2.09355
2.09343
2.09197
2.08928
2.08557
2.08109
2.07617
2.07115
2.06646
2.06263
2.06028
2.06
2.06218
2.06679
2.07339
2.08122
2.08946
2.09742
2.10461
2.1108
2.11592
2.12001
2.12318
2.12557
2.12729
2.12848
2.12923
2.1296
2.12965
2.12939
2.12884
2.12797
2.12677
2.12521
2.12329
2.12105
2.11857
2.11597
2.11341
2.11107
2.1091
2.10758
2.10651
2.10577
2.10518
2.1045
2.10354
2.10214
2.10025
2.0979
2.0952
2.09228
2.08932
2.08646
2.08382
2.08151
2.07965
2.07831
2.07757
2.07742
2.07783
2.07868
2.07985
2.08127
2.0829
2.08481
2.08706
2.08967
2.09252
2.09535
2.09781
2.09955
2.10029
2.09992
2.09849
2.09617
2.09325
2.09004
2.08686
2.08403
2.08183
2.08051
2.08027
2.08117
2.08321
2.08624
2.09005
2.09438
2.09894
2.10347
2.10775
2.1116
2.11494
2.11771
2.11988
2.12144
2.12239
2.12269
2.1223
2.12115
2.11917
2.11631
2.11258
2.10815
2.10339
2.09887
2.09532
2.09343
2.09362
2.09583
2.0996
2.10424
2.10904
2.11346
2.11718
2.12001
2.12187
2.12271
2.12244
2.1209
2.11788
2.11312
2.10641
2.09769
2.08728
2.07604
2.06546
2.05743
2.0536
2.05471
2.06017
2.06827
2.07691
2.0844
2.08992
2.09357
2.09596
2.09784
2.09974
2.10189
2.10426
2.10677
2.10932
2.11186
2.11432
2.11665
2.11877
2.12063
2.12222
2.1235
2.12445
2.12502
2.1251
2.12456
2.12329
2.12118
2.11816
2.11427
2.10971
2.10487
2.10038
2.09704
2.0956
2.09652
2.09974
2.10473
2.11073
2.11702
2.12306
2.12854
2.13328
2.13716
2.14011
2.14203
2.14287
2.14261
2.14138
2.13939
2.13699
2.13457
2.13249
2.13097
2.13002
2.12953
2.12938
2.12959
2.13037
2.13208
2.13502
2.13925
2.14456
2.15047
2.15644
2.16199
2.16679
2.17065
2.17349
2.17533
2.17619
2.17619
2.17544
2.17416
2.17262
2.17116
2.17011
2.16977
2.17026
2.17158
2.17355
2.17592
2.17837
2.18057
2.18217
2.18281
2.18221
2.18022
2.17703
2.17324
2.1699
2.16822
2.1692
2.17318
2.17969
2.18766
2.19584
2.20316
2.20891
2.21267
2.21425
2.21349
2.21023
2.20428
2.19552
2.18412
2.17079
2.15691
2.14429
2.13456
2.12856
2.12631
2.12756
2.13225
2.14048
2.15203
2.166
2.18101
2.1955
2.20817
2.21821
2.22532
2.22964
2.23171
2.23233
2.23236
2.23256
2.23338
2.23489
2.23683
2.23871
2.24002
2.24029
2.23919
2.23645
2.23191
2.22543
2.21696
2.2065
2.19421
2.18047
2.16602
2.15201
2.1399
2.13106
2.12632
2.12581
2.12927
2.13633
2.14631
2.15793
2.1695
2.17943
2.18665
2.19078
2.19191
2.19047
2.18705
2.18235
2.17712
2.17213
2.16804
2.16528
2.16401
2.16401
2.16479
2.16561
2.16572
2.16452
2.16179
2.15789
2.15376
2.15075
2.15009
2.15233
2.15709
2.1633
2.16972
2.17542
2.17989
2.18298
2.18474
2.18534
2.18493
2.18366
2.18165
2.17899
2.17579
2.17223
2.16848
2.16482
2.16151
2.15883
2.15699
2.15609
2.15615
2.15703
2.15853
2.16039
2.16234
2.16414
2.16563
2.16672
2.1674
2.16769
2.16762
2.16723
2.16653
2.1655
2.16415
2.16249
2.16059
2.15856
2.15654
2.15468
2.15306
2.15169
2.15047
2.14922
2.14774
2.14584
2.14341
2.14036
2.13661
2.13204
2.12649
2.11991
2.1125
2.10495
2.09847
2.0946
2.09462
2.09897
2.10701
2.11727
2.12805
2.13796
2.14615
2.15229
2.15641
2.1587
2.15944
2.15887
2.15719
2.15453
2.15098
2.14662
2.1415
2.13574
2.12951
2.12303
2.11658
2.11041
2.10467
2.09937
2.09441
2.08966
2.08507
2.08076
2.07702
2.07426
2.07283
2.07288
2.07426
2.07656
2.07917
2.0816
2.08359
2.08525
2.08698
2.08925
2.09241
2.09646
2.10108
2.10576
2.10999
2.11342
2.11594
2.11764
2.11872
2.11947
2.12016
2.121
2.12215
2.12366
2.1255
2.1276
2.12981
2.13204
2.13414
2.13603
2.13763
2.13887
2.13972
2.14014
2.14016
2.13979
2.1391
2.13817
2.13713
2.13602
2.13489
2.13363
2.1321
2.13014
2.12768
2.12484
2.12191
2.11918
2.11673
2.11429
2.11138
2.10768
2.10337
2.09909
2.09566
2.0935
2.09232
2.09124
2.08936
2.0865
2.08345
2.08163
2.08221
2.08544
2.09071
2.09712
2.10401
2.11107
2.11818
2.12519
2.13185
2.13787
2.14301
2.14713
2.15021
2.15235
2.15371
2.15447
2.15481
2.15486
2.15476
2.15457
2.15436
2.15413
2.1539
2.15366
2.1534
2.1531
2.15274
2.15231
2.15178
2.15113
2.15032
2.14934
2.14813
2.14663
2.14478
2.14247
2.13963
2.13616
2.13199
2.12711
2.12157
2.11549
2.10906
2.10252
2.09624
2.09079
2.08705
2.08598
2.08823
2.09365
2.10118
2.1093
2.11661
2.1222
2.12575
2.12732
2.12723
2.12594
2.12393
2.12172
2.11975
2.11841
2.1179
2.11827
2.11936
2.12092
2.12263
2.12416
2.12528
2.12579
2.12559
2.1246
2.12284
2.12035
2.11726
2.11378
2.11021
2.1069
2.10424
2.10253
2.10193
2.10241
2.10378
2.10571
2.10789
2.11004
2.11196
2.11353
2.11473
2.11554
2.11602
2.11622
2.11622
2.11609
2.11591
2.11575
2.11568
2.11571
2.11584
2.11602
2.11619
2.11625
2.1161
2.11564
2.11474
2.11326
2.11103
2.10784
2.10344
2.09765
2.09044
2.08221
2.07402
2.06752
2.06455
2.06621
2.07225
2.08116
2.09105
2.10036
2.10828
2.11453
2.11925
2.12268
2.1251
2.12675
2.12783
2.12847
2.12877
2.1288
2.12862
2.12824
2.12767
2.12692
2.126
2.12488
2.12357
2.12207
2.12037
2.11848
2.11642
2.11422
2.11194
2.10967
2.10751
2.10562
2.10416
2.10331
2.10322
2.10398
2.1056
2.10797
2.11091
2.11416
2.11746
2.12055
2.12321
2.12525
1.80095
1.80133
1.80105
1.80019
1.79885
1.79723
1.79562
1.79434
1.79374
1.79415
1.79576
1.79862
1.80262
1.80748
1.81287
1.81841
1.82377
1.82865
1.8328
1.83601
1.83812
1.83899
1.83857
1.83686
1.83398
1.83017
1.82575
1.82107
1.81649
1.81228
1.80866
1.80584
1.80414
1.80403
1.80601
1.81032
1.81672
1.82445
1.83242
1.83961
1.84526
1.849
1.85074
1.85065
1.84898
1.84605
1.84217
1.83762
1.83261
1.82731
1.82182
1.81625
1.81072
1.80547
1.80078
1.79699
1.79438
1.79309
1.79305
1.79397
1.79533
1.79647
1.79661
1.79493
1.79062
1.7831
1.77254
1.76053
1.7504
1.74621
1.75025
1.76128
1.77545
1.78898
1.79969
1.80705
1.81143
1.81351
1.81392
1.81314
1.81153
1.80938
1.80692
1.80443
1.80218
1.80043
1.79937
1.79908
1.79945
1.80026
1.80119
1.80192
1.80217
1.80174
1.8005
1.79842
1.79553
1.79195
1.78783
1.7834
1.77896
1.77483
1.7714
1.76901
1.76793
1.76829
1.77001
1.77282
1.77631
1.78008
1.78376
1.78711
1.79001
1.79242
1.79439
1.79597
1.79726
1.79833
1.79927
1.80011
1.80089
1.80164
1.80234
1.80297
1.80349
1.80381
1.80386
1.80352
1.80267
1.8012
1.799
1.79603
1.79231
1.78793
1.78303
1.77773
1.77204
1.76585
1.75892
1.75107
1.74236
1.73317
1.72408
1.71556
1.70782
1.70096
1.69538
1.69205
1.69224
1.6968
1.70552
1.7172
1.73022
1.74313
1.75499
1.76538
1.77417
1.78146
1.7874
1.79217
1.79596
1.79892
1.80118
1.80284
1.80401
1.80475
1.80511
1.80512
1.80482
1.80423
1.80335
1.80219
1.80072
1.79894
1.79681
1.79427
1.79128
1.78773
1.78353
1.77855
1.77261
1.76554
1.75716
1.74736
1.7362
1.72416
1.7123
1.70233
1.69627
1.69561
1.70048
1.7096
1.7209
1.73248
1.74306
1.75207
1.75936
1.76505
1.76935
1.77246
1.77459
1.77592
1.77661
1.7768
1.77664
1.77625
1.77575
1.77524
1.77481
1.77452
1.7744
1.77446
1.77468
1.77501
1.77541
1.77581
1.77617
1.77643
1.77658
1.77658
1.77645
1.77618
1.77578
1.77527
1.77463
1.77387
1.77295
1.77184
1.7705
1.76889
1.76701
1.76487
1.76257
1.76022
1.75801
1.75611
1.75469
1.75383
1.7535
1.75359
1.7539
1.75422
1.75435
1.75422
1.75382
1.7533
1.75287
1.75277
1.75321
1.75432
1.75609
1.75842
1.76112
1.76402
1.76696
1.76983
1.77256
1.77508
1.77735
1.7793
1.78087
1.78195
1.78249
1.78241
1.7817
1.7804
1.7786
1.77644
1.77411
1.77173
1.7694
1.76714
1.76491
1.76275
1.76082
1.75943
1.75897
1.75971
1.76163
1.76436
1.7673
1.76989
1.77176
1.77283
1.77333
1.77364
1.77417
1.77528
1.77713
1.7797
1.78278
1.78601
1.78891
1.79092
1.79144
1.78998
1.78618
1.78008
1.77221
1.76378
1.75654
1.75238
1.75268
1.75772
1.7665
1.77729
1.78827
1.79807
1.80596
1.81175
1.8156
1.8178
1.81869
1.81859
1.81774
1.8163
1.8144
1.81212
1.8096
1.80698
1.80452
1.80246
1.80098
1.8001
1.79964
1.7992
1.79832
1.79658
1.79376
1.78986
1.78514
1.78008
1.77525
1.77126
1.76862
1.76773
1.76877
1.77169
1.7762
1.7818
1.7879
1.79391
1.79934
1.80389
1.80742
1.80992
1.81146
1.81217
1.81218
1.81164
1.81067
1.80941
1.80797
1.80649
1.80508
1.80386
1.80291
1.80232
1.80211
1.80228
1.80277
1.80352
1.80444
1.80546
1.80651
1.80756
1.80859
1.80959
1.81055
1.81148
1.81238
1.81324
1.81405
1.81481
1.81549
1.81609
1.8166
1.817
1.81728
1.81743
1.81744
1.81729
1.81699
1.81655
1.81596
1.81524
1.8144
1.81345
1.81237
1.81113
1.80966
1.80789
1.80577
1.8033
1.8006
1.7979
1.79558
1.7941
1.79386
1.79508
1.79774
1.80156
1.80615
1.81107
1.81594
1.82049
1.82457
1.8281
1.83112
1.83366
1.83583
1.8377
1.83934
1.84078
1.84198
1.84293
1.84355
1.84383
1.84374
1.84331
1.84264
1.84183
1.84104
1.84044
1.84019
1.84043
1.84125
1.8427
1.84473
1.84726
1.85014
1.85322
1.85631
1.85927
1.86196
1.86428
1.86615
1.86751
1.8683
1.86847
1.86796
1.86672
1.86473
1.862
1.85868
1.85507
1.85165
1.84907
1.84797
1.84882
1.85166
1.85616
1.86169
1.86753
1.87309
1.87796
1.88194
1.88495
1.88702
1.88823
1.88869
1.88852
1.88787
1.88688
1.8857
1.88446
1.88327
1.88217
1.88118
1.88028
1.87945
1.87866
1.87794
1.87732
1.87685
1.87659
1.87655
1.87672
1.87703
1.87734
1.8775
1.87732
1.87663
1.87529
1.87321
1.87039
1.86692
1.86303
1.85911
1.8556
1.85297
1.85157
1.8515
1.8526
1.85451
1.85681
1.85914
1.86125
1.86308
1.86467
1.86617
1.86773
1.86947
1.87145
1.87363
1.87591
1.87817
1.88027
1.8821
1.8836
1.88476
1.88559
1.88613
1.88644
1.88653
1.88642
1.88608
1.88548
1.88451
1.88308
1.88107
1.87837
1.87486
1.87048
1.8652
1.85906
1.85214
1.84453
1.83632
1.82745
1.81767
1.80647
1.79333
1.77818
1.76244
1.7497
1.74486
1.75087
1.76616
1.78567
1.8044
1.81956
1.83045
1.83753
1.8416
1.84346
1.84378
1.84306
1.84171
1.84001
1.83815
1.83625
1.83438
1.83257
1.83084
1.82918
1.82764
1.82622
1.82496
1.82389
1.82303
1.82237
1.8219
1.82158
1.82138
1.82124
1.82111
1.82093
1.82066
1.82025
1.81966
1.81884
1.81774
1.8163
1.81447
1.8122
1.80946
1.80622
1.8025
1.79836
1.7939
1.78928
1.78471
1.78047
1.77686
1.7742
1.77281
1.7729
1.77454
1.77765
1.78194
1.78698
1.79229
1.79741
1.80194
1.80564
1.80837
1.81008
1.81078
1.8105
1.8093
1.80722
1.80431
1.80065
1.79631
1.79144
1.78622
1.78084
1.7755
1.77039
1.76565
1.76142
1.75783
1.75508
1.75335
1.75281
1.75351
1.75534
1.75805
1.76135
1.76491
1.76849
1.77191
1.77506
1.77786
1.78029
1.78233
1.78398
1.78523
1.78609
1.78659
1.78673
1.78654
1.78605
1.78528
1.78425
1.78299
1.78152
1.77985
1.778
1.77596
1.77377
1.77141
1.76893
1.76635
1.76372
1.76111
1.75856
1.75614
1.75389
1.75185
1.75006
1.74858
1.74749
1.74691
1.74696
1.74775
1.74929
1.75153
1.75436
1.75757
1.76098
1.76439
1.76765
1.77064
1.77327
1.77547
1.7772
1.77838
1.77896
1.7789
1.77814
1.77665
1.77444
1.77159
1.76824
1.76466
1.7612
1.75825
1.75616
1.75512
1.75512
1.7559
1.75706
1.75819
1.75895
1.75917
1.75886
1.75825
1.75768
1.75757
1.75825
1.75991
1.76253
1.76586
1.76957
1.77331
1.77677
1.77976
1.78219
1.78404
1.78537
1.78626
1.78686
1.78731
1.78775
1.78832
1.78909
1.79007
1.79119
1.79229
1.79317
1.79359
1.79331
1.79214
1.78997
1.78683
1.78297
1.77893
1.77559
1.774
1.77503
1.779
1.78541
1.7932
1.80113
1.80815
1.81362
1.81727
1.81909
1.81928
1.81814
1.81601
1.81328
1.81031
1.80739
1.80473
1.8025
1.80084
1.79986
1.79966
1.80023
1.80137
1.80276
1.804
1.80474
1.80483
1.80424
1.80309
1.80153
1.79971
1.79778
1.79594
1.79451
1.79386
1.79433
1.7961
1.79902
1.80273
1.80672
1.81057
1.81396
1.81673
1.81887
1.82041
1.82141
1.82196
1.82211
1.82192
1.82143
1.82067
1.81965
1.81838
1.81684
1.81503
1.81293
1.81049
1.80769
1.80451
1.80093
1.79697
1.79265
1.78806
1.78331
1.77857
1.77403
1.76992
1.76644
1.76376
1.76198
1.76113
1.76114
1.76186
1.76311
1.76467
1.76637
1.76806
1.76963
1.77104
1.77227
1.77335
1.77429
1.77512
1.77587
1.77654
1.77712
1.7776
1.77795
1.77811
1.77805
1.77771
1.77702
1.77594
1.77442
1.77242
1.76992
1.76694
1.76354
1.75982
1.75598
1.75225
1.74895
1.74638
1.74485
1.74459
1.7457
1.74809
1.75156
1.75576
1.7603
1.76478
1.76886
1.77222
1.77467
1.77604
1.77623
1.77521
1.77301
1.76977
1.76576
1.7614
1.75725
1.75398
1.75219
1.75231
1.75446
1.7584
1.7636
1.7694
1.77518
1.78046
1.78491
1.78837
1.79078
1.79217
1.79264
1.7923
1.79136
1.79008
1.78878
1.78781
1.7875
1.78805
1.78953
1.79183
1.79469
1.79779
1.80079
1.80343
1.80551
1.80688
1.80748
1.80725
1.80619
1.8043
1.8016
1.79815
1.79406
1.78948
1.78466
1.7799
1.77558
1.77209
1.76977
1.7689
1.76959
1.77176
1.77519
1.77955
1.78445
1.78953
1.79448
1.7991
1.80324
1.80685
1.80992
1.81246
1.81453
1.81618
1.81744
1.81837
1.81899
1.81932
1.8194
1.81922
1.81878
1.81806
1.81701
1.81558
1.81365
1.81111
1.80786
1.80382
1.79904
1.79372
1.78825
1.78322
1.77929
1.77705
1.77689
1.7789
1.78285
1.78829
1.79463
1.80126
1.80762
1.81327
1.81794
1.82146
1.82382
1.82506
1.82533
1.82481
1.82372
1.82233
1.8209
1.81967
1.81879
1.81834
1.81826
1.81846
1.81876
1.81905
1.81922
1.81925
1.81919
1.81912
1.81915
1.81941
1.81998
1.8209
1.82218
1.82377
1.82559
1.82754
1.82952
1.83142
1.83314
1.83461
1.83575
1.83652
1.83686
1.83678
1.83628
1.83539
1.83419
1.83274
1.83111
1.82936
1.8275
1.82553
1.8234
1.82105
1.81848
1.8157
1.81282
1.81003
1.80756
1.80568
1.80457
1.80429
1.80471
1.80555
1.80647
1.80713
1.8073
1.80684
1.80578
1.80422
1.80238
1.8005
1.79878
1.7974
1.79638
1.79567
1.79513
1.79468
1.79434
1.79428
1.79478
1.80106
1.80314
1.80608
1.80958
1.81317
1.81641
1.81896
1.82057
1.82113
1.82058
1.81889
1.81604
1.81202
1.80683
1.80051
1.79321
1.78524
1.77712
1.76952
1.76324
1.7589
1.75685
1.75696
1.75875
1.76157
1.76479
1.76792
1.77066
1.7729
1.77459
1.77579
1.77656
1.77699
1.77714
1.77711
1.77694
1.77672
1.77651
1.77637
1.77636
1.77654
1.77695
1.77762
1.77854
1.77967
1.78096
1.78234
1.7837
1.78494
1.78598
1.78671
1.78706
1.78698
1.78642
1.78539
1.78391
1.78204
1.77989
1.77761
1.77537
1.77336
1.77176
1.7707
1.77021
1.77023
1.7706
1.77111
1.7715
1.77158
1.77124
1.77046
1.76936
1.76812
1.76695
1.76601
1.76536
1.7649
1.76438
1.7635
1.76189
1.75927
1.75547
1.75048
1.74448
1.73787
1.73128
1.7255
1.72134
1.7195
1.72028
1.7235
1.72852
1.73446
1.74044
1.74577
1.75004
1.75308
1.75493
1.75574
1.75575
1.75521
1.75443
1.7537
1.75327
1.75335
1.75404
1.75533
1.7571
1.75916
1.76127
1.76322
1.76484
1.76602
1.76667
1.7668
1.76641
1.76551
1.76415
1.76234
1.76013
1.75756
1.75472
1.7517
1.74868
1.74586
1.74349
1.74181
1.74101
1.7412
1.74238
1.74442
1.74713
1.75027
1.75361
1.75694
1.76012
1.76305
1.76569
1.76801
1.77002
1.77174
1.77318
1.77437
1.77529
1.77596
1.77634
1.77642
1.77613
1.77544
1.77429
1.77261
1.77039
1.7676
1.76432
1.76067
1.7569
1.75336
1.75051
1.7488
1.74862
1.75014
1.75332
1.75782
1.76321
1.76897
1.77467
1.77998
1.78468
1.78867
1.79192
1.79447
1.79637
1.7977
1.79853
1.79893
1.79897
1.79869
1.79813
1.79732
1.79628
1.79504
1.79361
1.79206
1.79043
1.78879
1.78721
1.78577
1.78454
1.78358
1.78293
1.78265
1.78277
1.78336
1.7845
1.78625
1.78865
1.79168
1.79526
1.79923
1.8034
1.80759
1.81163
1.8154
1.81883
1.82192
1.82466
1.82708
1.82922
1.83109
1.83269
1.83403
1.83507
1.8358
1.83617
1.83618
1.8358
1.83502
1.83385
1.83229
1.83037
1.82814
1.82568
1.82308
1.82046
1.81799
1.81581
1.81405
1.81277
1.812
1.81165
1.81161
1.81174
1.81192
1.81205
1.81212
1.81216
1.81226
1.8125
1.81297
1.8137
1.81468
1.81581
1.81699
1.81807
1.81889
1.81931
1.8192
1.81846
1.81699
1.81474
1.8117
1.80792
1.80357
1.79891
1.79434
1.79031
1.7873
1.78571
1.78575
1.7874
1.79042
1.79441
1.79891
1.80347
1.80772
1.81141
1.81438
1.81655
1.81792
1.81851
1.8184
1.81765
1.81637
1.81463
1.81254
1.8102
1.80769
1.80512
1.8026
1.80024
1.79817
1.79652
1.79539
1.79485
1.7949
1.79544
1.79626
1.797
1.7972
1.79631
1.79375
1.78899
1.78178
1.77234
1.76144
1.7503
1.74007
1.73146
1.72495
1.7215
1.72266
1.72952
1.74145
1.75615
1.77098
1.78409
1.79472
1.80284
1.8088
1.81302
1.81588
1.8177
1.81872
1.81915
1.81912
1.81874
1.81811
1.81728
1.81631
1.81521
1.81403
1.81277
1.81145
1.81008
1.80867
1.80724
1.80578
1.80429
1.80276
1.80115
1.79945
1.79765
1.79577
1.79386
1.79199
1.79025
1.78872
1.7874
1.78624
1.78506
1.78358
1.78141
1.77819
1.77363
1.76771
1.76079
1.75373
1.74782
1.74449
1.7449
1.74948
1.75779
1.76869
1.78077
1.79275
1.8037
1.8131
1.82072
1.82653
1.83053
1.83276
1.83318
1.83175
1.82839
1.82311
1.81618
1.80826
1.8005
1.79436
1.7911
1.79122
1.79416
1.79863
1.80325
1.80698
1.80929
1.81003
1.80932
1.80736
1.80441
1.8007
1.79649
1.79198
1.7874
1.78291
1.77862
1.77456
1.77069
1.76692
1.7631
1.75905
1.75463
1.74973
1.74434
1.73862
1.7329
1.72761
1.72326
1.72028
1.71905
1.7198
1.7226
1.72724
1.73321
1.73971
1.74585
1.75077
1.75381
1.75461
1.75309
1.74958
1.74481
1.73988
1.73601
1.73415
1.73462
1.73699
1.74041
1.74392
1.74684
1.74882
1.7498
1.74988
1.74926
1.74814
1.74672
1.74513
1.7435
1.74191
1.7404
1.73902
1.73776
1.73662
1.73558
1.7346
1.73365
1.73271
1.73173
1.7307
1.72959
1.7284
1.72716
1.72589
1.72465
1.72349
1.72248
1.72168
1.72114
1.72088
1.72091
1.72117
1.72161
1.72214
1.72266
1.72309
1.72334
1.72339
1.72324
1.72294
1.7226
1.72237
1.72242
1.72288
1.72386
1.72536
1.72732
1.72962
1.73209
1.73456
1.73687
1.73891
1.74061
1.74191
1.74284
1.74344
1.74377
1.74396
1.74414
1.74448
1.74514
1.74625
1.74788
1.75004
1.75264
1.75554
1.75853
1.76139
1.76392
1.7659
1.76718
1.7676
1.76705
1.76545
1.76277
1.75902
1.75427
1.7487
1.74257
1.73623
1.73009
1.72462
1.72032
1.71771
1.71727
1.71934
1.72398
1.73087
1.73932
1.74848
1.75752
1.7658
1.77287
1.77854
1.78276
1.78561
1.78729
1.78801
1.78804
1.78759
1.78679
1.78568
1.7842
1.78227
1.77981
1.77682
1.77342
1.76987
1.76655
1.76386
1.76212
1.76143
1.76167
1.76257
1.76387
1.76543
1.76727
1.76958
1.77262
1.7766
1.78157
1.78737
1.79368
1.80004
1.80601
1.81127
1.81561
1.81897
1.82139
1.82298
1.8239
1.82433
1.82445
1.82444
1.82443
1.82454
1.82482
1.82525
1.82575
1.82617
1.82631
1.82595
1.82486
1.82287
1.8199
1.81604
1.81158
1.80702
1.80297
1.80001
1.79858
1.7988
1.80059
1.8037
1.80782
1.81265
1.81785
1.82305
1.8279
1.83206
1.83526
1.83727
1.83793
1.83718
1.83506
1.83173
1.82758
1.82318
1.81932
1.81687
1.81654
1.81868
1.8231
1.82919
1.83607
1.84287
1.84893
1.85383
1.85737
1.85953
1.86042
1.86016
1.85893
1.85689
1.8542
1.85103
1.84751
1.84376
1.83993
1.83614
1.83251
1.82921
1.8264
1.82424
1.82291
1.82255
1.82323
1.82494
1.82756
1.8309
1.8347
1.8387
1.84267
1.84642
1.8498
1.85272
1.85515
1.85709
1.85857
1.85966
1.86044
1.86099
1.86139
1.86168
1.86189
1.86203
1.86208
1.86202
1.86182
1.86145
1.86087
1.86004
1.85889
1.85733
1.85527
1.85261
1.84932
1.84538
1.84089
1.83603
1.83106
1.82627
1.82197
1.81841
1.81577
1.81415
1.81356
1.81396
1.81526
1.81735
1.82007
1.82331
1.82692
1.83081
1.83486
1.83899
1.84309
1.84704
1.85073
1.85404
1.85688
1.85918
1.86091
1.86209
1.86274
1.86292
1.86268
1.86207
1.86113
1.85987
1.85831
1.85643
1.85425
1.85179
1.84909
1.84627
1.84343
1.8407
1.83817
1.83589
1.83382
1.8319
1.83015
1.82874
1.82807
1.82871
1.83117
1.83564
1.84176
1.84874
1.85563
1.86161
1.86615
1.86906
1.87038
1.87034
1.86923
1.86733
1.86493
1.86222
1.85934
1.85636
1.85329
1.85011
1.84679
1.84333
1.83979
1.83629
1.83307
1.83045
1.82879
1.82848
1.82975
1.83265
1.837
1.8424
1.84835
1.8544
1.86017
1.86542
1.87002
1.87397
1.87727
1.87998
1.88213
1.88374
1.88482
1.88537
1.88538
1.88487
1.88388
1.88253
1.88096
1.87936
1.8779
1.87671
1.87575
1.87483
1.87357
1.87147
1.86803
1.86285
1.85586
1.84749
1.83872
1.83101
1.82586
1.8242
1.82613
1.83091
1.83738
1.84437
1.85098
1.85669
1.86132
1.86491
1.86768
1.86987
1.8717
1.87336
1.87495
1.87653
1.87812
1.87969
1.88118
1.88251
1.8836
1.88434
1.88463
1.88436
1.88347
1.88191
1.8797
1.87695
1.87383
1.87055
1.86738
1.86452
1.86211
1.86015
1.85857
1.85729
1.85635
1.85592
1.8563
1.85779
1.86046
1.86409
1.86818
1.87209
1.87524
1.87723
1.87794
1.87742
1.87596
1.87393
1.87177
1.86992
1.86877
1.86862
1.86962
1.87177
1.87482
1.87834
1.88179
1.88466
1.88653
1.88716
1.88652
1.88472
1.882
1.87864
1.87493
1.87109
1.86732
1.86373
1.86039
1.8573
1.85441
1.85164
1.849
1.84667
1.84507
1.84481
1.84636
1.84973
1.85425
1.85856
1.86088
1.8593
1.85225
1.83932
1.82271
1.80821
1.80323
1.81138
1.82925
1.84977
1.86754
1.88057
1.88915
1.89437
1.89732
1.89881
1.89939
1.89937
1.89895
1.89822
1.89723
1.89598
1.8945
1.89277
1.89083
1.88868
1.88636
1.88391
1.88133
1.87866
1.87586
1.87288
1.86964
1.86601
1.86185
1.85701
1.85139
1.84492
1.83763
1.8297
1.82148
1.81352
1.80653
1.80134
1.79871
1.79923
1.80307
1.81002
1.81943
1.83042
1.84204
1.85339
1.86378
1.87273
1.87995
1.88533
1.88886
1.8906
1.89066
1.88917
1.88631
1.88228
1.87734
1.87176
1.86582
1.85972
1.85357
1.84732
1.84086
1.8341
1.82721
1.82079
1.81587
1.81367
1.81499
1.81983
1.82729
1.83601
1.84469
1.85244
1.8588
1.86368
1.8672
1.86958
1.87109
1.87195
1.87236
1.87247
1.87237
1.87209
1.87163
1.87092
1.86988
1.8684
1.86635
1.8636
1.86006
1.85568
1.85051
1.8447
1.83859
1.83264
1.82743
1.82352
1.82137
1.82118
1.82289
1.82616
1.8305
1.83539
1.84038
1.84507
1.84922
1.85261
1.85509
1.85653
1.85684
1.85596
1.85391
1.85079
1.84681
1.84229
1.83763
1.83327
1.82958
1.82679
1.82497
1.82401
1.82375
1.82402
1.82472
1.82583
1.82737
1.82937
1.83185
1.83474
1.83794
1.84128
1.84461
1.84776
1.85062
1.85312
1.85523
1.85696
1.85839
1.85957
1.86061
1.8616
1.86265
1.86382
1.86516
1.86667
1.86833
1.87004
1.87171
1.87318
1.8743
1.87494
1.87498
1.87435
1.87305
1.8712
1.869
1.79777
1.79584
1.79473
1.79476
1.79611
1.79874
1.80243
1.80685
1.81158
1.81625
1.8205
1.82408
1.82677
1.82835
1.82864
1.82743
1.82446
1.81948
1.8122
1.80243
1.79014
1.77586
1.761
1.74804
1.73997
1.73889
1.74462
1.75482
1.76637
1.77683
1.78494
1.79041
1.79352
1.79482
1.79494
1.7946
1.79449
1.7951
1.7966
1.79877
1.80113
1.80318
1.80466
1.80563
1.80644
1.8075
1.80918
1.81161
1.81471
1.81818
1.82168
1.82486
1.82742
1.82913
1.8298
1.82923
1.82724
1.82363
1.81834
1.81148
1.80358
1.79556
1.78854
1.78344
1.78052
1.77923
1.77862
1.77787
1.77669
1.77531
1.77425
1.774
1.77478
1.77649
1.77881
1.78139
1.78396
1.78644
1.78887
1.79143
1.79428
1.79758
1.80141
1.80573
1.81043
1.81532
1.82016
1.82475
1.82892
1.83252
1.83544
1.83762
1.83895
1.83933
1.8386
1.83658
1.833
1.82762
1.82018
1.81049
1.79856
1.78464
1.7694
1.7539
1.73951
1.72767
1.71955
1.7158
1.71657
1.72159
1.73036
1.74219
1.75614
1.77096
1.78535
1.79816
1.80857
1.81619
1.82086
1.82256
1.82126
1.81685
1.80916
1.79819
1.78441
1.76937
1.75586
1.74724
1.74568
1.75071
1.75954
1.76894
1.7766
1.78156
1.78376
1.78357
1.78153
1.77817
1.77402
1.76959
1.7653
1.76152
1.75848
1.75628
1.75487
1.7541
1.75378
1.75371
1.75374
1.75379
1.75383
1.7539
1.75408
1.75445
1.7551
1.75607
1.75738
1.75901
1.76091
1.76298
1.76513
1.76723
1.76916
1.77076
1.77187
1.77231
1.77184
1.7702
1.76711
1.76234
1.75585
1.74796
1.7396
1.73228
1.7277
1.72702
1.73022
1.73613
1.74312
1.74977
1.75532
1.75952
1.76254
1.76469
1.76629
1.76764
1.76895
1.77035
1.77192
1.77366
1.77556
1.77758
1.77965
1.78174
1.7838
1.7858
1.7877
1.78948
1.79112
1.79259
1.79387
1.79492
1.79571
1.79621
1.79638
1.79619
1.7956
1.79459
1.79316
1.79131
1.78907
1.7865
1.78363
1.78052
1.77721
1.7737
1.76997
1.76596
1.76165
1.75711
1.75253
1.74829
1.74484
1.74264
1.74197
1.74285
1.74507
1.74829
1.75222
1.7567
1.76175
1.76744
1.77386
1.7809
1.78834
1.7958
1.80286
1.80915
1.81439
1.81837
1.82098
1.82215
1.82181
1.81993
1.81648
1.81153
1.80529
1.79817
1.79085
1.78412
1.77872
1.77505
1.77301
1.77212
1.77175
1.77146
1.77113
1.77098
1.77143
1.77286
1.77546
1.77909
1.78335
1.78771
1.79166
1.79481
1.79692
1.79792
1.79783
1.79671
1.79471
1.79197
1.7887
1.78514
1.78169
1.77882
1.77706
1.77688
1.77848
1.78172
1.78615
1.79115
1.79613
1.80066
1.80447
1.8075
1.80976
1.81135
1.81239
1.81298
1.81324
1.81324
1.81303
1.81265
1.81209
1.81132
1.81029
1.80897
1.80731
1.80534
1.80315
1.80088
1.79876
1.79701
1.79578
1.79514
1.79499
1.79517
1.7955
1.79588
1.79627
1.79676
1.79744
1.79839
1.79963
1.80109
1.80263
1.80411
1.80543
1.80655
1.80754
1.80851
1.80963
1.81105
1.81287
1.81511
1.81771
1.82056
1.82349
1.82636
1.82901
1.83136
1.83336
1.83499
1.83629
1.83734
1.83819
1.83892
1.83957
1.84017
1.8407
1.84117
1.84159
1.84201
1.84253
1.84329
1.84439
1.84586
1.84763
1.84952
1.85124
1.85249
1.85296
1.85239
1.85061
1.84751
1.84305
1.83731
1.83042
1.82259
1.81403
1.805
1.79579
1.78678
1.77852
1.77162
1.76664
1.76368
1.76233
1.76193
1.7623
1.76418
1.76901
1.77778
1.78998
1.80368
1.81666
1.82741
1.83535
1.8406
1.84354
1.84457
1.84404
1.84227
1.83965
1.8367
1.83414
1.8327
1.83294
1.83497
1.83842
1.84254
1.84647
1.84948
1.85107
1.85099
1.84919
1.84581
1.84116
1.83568
1.82994
1.82454
1.82005
1.81687
1.81514
1.81483
1.81573
1.81758
1.82015
1.82324
1.8267
1.8304
1.83424
1.83813
1.84199
1.84571
1.84925
1.85253
1.85552
1.8582
1.86056
1.86261
1.86436
1.86583
1.86703
1.86797
1.86864
1.86901
1.86903
1.86861
1.86764
1.86596
1.86339
1.85974
1.85482
1.84858
1.84113
1.83293
1.82475
1.81763
1.81246
1.80967
1.80899
1.80969
1.81103
1.81266
1.81472
1.81766
1.82194
1.82771
1.83467
1.84221
1.8496
1.8562
1.86157
1.86546
1.8678
1.86863
1.86809
1.86635
1.86364
1.86024
1.85646
1.8526
1.84901
1.84595
1.84363
1.84216
1.8415
1.84151
1.84195
1.84256
1.84308
1.84332
1.84316
1.84254
1.84148
1.84005
1.83835
1.83654
1.83481
1.83337
1.83241
1.83208
1.83247
1.83357
1.83529
1.83745
1.83982
1.84215
1.84422
1.84583
1.84684
1.84715
1.84671
1.84552
1.84362
1.84104
1.8379
1.83429
1.83039
1.82636
1.82242
1.81876
1.81556
1.81295
1.81099
1.80967
1.80893
1.80866
1.80876
1.80913
1.80971
1.81041
1.81118
1.81194
1.81261
1.8131
1.81337
1.81338
1.81314
1.81273
1.81227
1.81189
1.81176
1.81201
1.81271
1.81389
1.81549
1.81738
1.81943
1.82145
1.8233
1.82483
1.82596
1.82663
1.82679
1.82644
1.82558
1.82423
1.82242
1.82017
1.81752
1.81454
1.8113
1.80786
1.80434
1.80082
1.79738
1.79409
1.79097
1.78806
1.7854
1.78304
1.78111
1.77975
1.77912
1.77934
1.78049
1.78254
1.78539
1.78889
1.7928
1.7969
1.80097
1.80482
1.80831
1.81133
1.81382
1.81576
1.81716
1.81802
1.81838
1.81828
1.81776
1.81684
1.81559
1.81403
1.81221
1.81018
1.80798
1.80564
1.80318
1.80059
1.79783
1.79483
1.79154
1.78797
1.78424
1.78061
1.77749
1.77534
1.77457
1.77537
1.77765
1.78106
1.7851
1.78922
1.79294
1.79591
1.79795
1.799
1.79913
1.79852
1.79745
1.79625
1.79525
1.79476
1.79497
1.7959
1.79744
1.79943
1.80164
1.80391
1.80614
1.80827
1.81029
1.81215
1.81382
1.81523
1.81629
1.81693
1.81714
1.81692
1.81636
1.81561
1.81482
1.81418
1.81382
1.8138
1.81412
1.8147
1.81541
1.81608
1.81657
1.81676
1.81657
1.81596
1.81496
1.81359
1.81188
1.80984
1.80746
1.80467
1.80141
1.79763
1.79339
1.78887
1.78449
1.78081
1.77846
1.77797
1.77954
1.783
1.78784
1.79339
1.79894
1.80393
1.80795
1.81074
1.8122
1.81234
1.81123
1.80898
1.80564
1.80115
1.79532
1.78795
1.77906
1.76925
1.75975
1.75215
1.74774
1.74701
1.74976
1.75549
1.76361
1.77333
1.78365
1.79356
1.80229
1.80942
1.81485
1.81867
1.82103
1.8221
1.82203
1.82095
1.81896
1.81616
1.8127
1.80874
1.8045
1.80025
1.79625
1.79277
1.79
1.78806
1.78694
1.78653
1.78666
1.78713
1.78774
1.78832
1.78878
1.78911
1.78937
1.78971
1.79027
1.79119
1.79252
1.79424
1.79622
1.79827
1.80018
1.80175
1.80281
1.80324
1.80296
1.80192
1.80011
1.79752
1.79417
1.79011
1.78542
1.78027
1.77487
1.76952
1.76456
1.76033
1.75706
1.75488
1.75378
1.75367
1.75449
1.75627
1.75913
1.76318
1.76842
1.77468
1.78158
1.78863
1.79538
1.80143
1.80655
1.81063
1.81367
1.81573
1.81692
1.81738
1.81724
1.81662
1.81567
1.81448
1.81317
1.81182
1.8105
1.80926
1.80813
1.80713
1.80626
1.80553
1.80495
1.8045
1.8041
1.80364
1.8029
1.80161
1.79947
1.79621
1.79162
1.78568
1.77853
1.77054
1.76232
1.7546
1.7482
1.74385
1.74199
1.74271
1.74565
1.75019
1.75562
1.76134
1.76692
1.77212
1.77675
1.78065
1.78356
1.78521
1.78528
1.78361
1.7803
1.77586
1.77133
1.768
1.767
1.76871
1.77256
1.77725
1.78141
1.78395
1.78434
1.78253
1.77889
1.77408
1.76902
1.76461
1.76154
1.76008
1.76004
1.76091
1.76209
1.76313
1.76375
1.7639
1.76363
1.76305
1.76227
1.76137
1.76039
1.75936
1.75827
1.75712
1.75594
1.75475
1.7536
1.75255
1.75165
1.75097
1.75052
1.75033
1.75041
1.75076
1.75138
1.75228
1.75344
1.75485
1.75647
1.75826
1.76014
1.76207
1.76395
1.76573
1.76736
1.76879
1.77
1.77097
1.7717
1.77216
1.77238
1.77234
1.77206
1.77151
1.77073
1.76969
1.76844
1.76697
1.76534
1.76358
1.76177
1.75997
1.75827
1.75673
1.75542
1.75439
1.75365
1.75319
1.75297
1.75294
1.753
1.75306
1.75303
1.75277
1.75215
1.75098
1.74908
1.74632
1.74276
1.73882
1.73535
1.73349
1.7342
1.73781
1.74378
1.75099
1.75824
1.76468
1.76992
1.77392
1.77686
1.77897
1.78045
1.78146
1.7821
1.78241
1.78241
1.78212
1.78155
1.78076
1.77979
1.77873
1.77767
1.77672
1.77597
1.77549
1.77535
1.77558
1.77617
1.77711
1.77834
1.77978
1.78133
1.78289
1.78434
1.78559
1.78653
1.78707
1.78714
1.78669
1.78571
1.78423
1.78233
1.78015
1.77787
1.77575
1.774
1.77287
1.77251
1.77297
1.77421
1.77607
1.7783
1.78061
1.78272
1.78434
1.78525
1.78528
1.78435
1.78248
1.7798
1.7766
1.77328
1.77034
1.76827
1.76742
1.76794
1.76972
1.77245
1.77569
1.77901
1.78203
1.78445
1.78608
1.7868
1.78658
1.78549
1.78373
1.78162
1.77959
1.77812
1.77762
1.77829
1.78003
1.78255
1.78541
1.78818
1.79053
1.79229
1.7934
1.7939
1.79386
1.79338
1.79257
1.79149
1.7902
1.78872
1.78705
1.78517
1.78306
1.78069
1.77806
1.7752
1.77218
1.76911
1.76618
1.7636
1.76162
1.76044
1.76019
1.7609
1.76245
1.76465
1.76722
1.7699
1.77246
1.77473
1.77661
1.77805
1.77907
1.80047
1.80063
1.80049
1.80013
1.79957
1.79887
1.79805
1.79714
1.79616
1.79513
1.79408
1.79305
1.79207
1.79119
1.7904
1.78969
1.78895
1.78803
1.78669
1.7847
1.78192
1.77841
1.7746
1.77131
1.76961
1.77034
1.77372
1.77914
1.78547
1.79159
1.79678
1.8008
1.80383
1.80622
1.8083
1.81021
1.8119
1.81317
1.81375
1.8134
1.81194
1.80934
1.80565
1.80107
1.79591
1.79062
1.78576
1.78194
1.77971
1.77945
1.78123
1.7848
1.78967
1.79522
1.80089
1.80625
1.811
1.81502
1.81824
1.82067
1.82234
1.82331
1.82363
1.82337
1.82262
1.82143
1.81985
1.81791
1.81562
1.81308
1.81043
1.80795
1.80598
1.8049
1.80501
1.80641
1.80896
1.81229
1.81582
1.81892
1.821
1.82158
1.82036
1.81725
1.81237
1.80604
1.79875
1.79107
1.78354
1.7766
1.77063
1.76601
1.76323
1.76279
1.76495
1.7696
1.77624
1.78411
1.79249
1.80077
1.80856
1.81562
1.82182
1.82712
1.83155
1.83515
1.83798
1.84007
1.84145
1.84212
1.84204
1.84111
1.83925
1.83634
1.83231
1.82721
1.82129
1.8151
1.80946
1.80531
1.80342
1.80407
1.8069
1.81115
1.81592
1.82051
1.82449
1.82771
1.83019
1.83205
1.83341
1.8344
1.83512
1.83563
1.83599
1.8362
1.83627
1.8362
1.83598
1.83561
1.83509
1.83442
1.83364
1.83275
1.8318
1.83081
1.82981
1.82882
1.82787
1.82697
1.82614
1.82538
1.82471
1.82412
1.82359
1.82309
1.82256
1.82192
1.8211
1.82002
1.81865
1.81696
1.81496
1.81269
1.81022
1.80763
1.80498
1.80238
1.79994
1.79777
1.79606
1.79498
1.79473
1.79542
1.79709
1.79962
1.80281
1.8064
1.81013
1.8138
1.81728
1.82052
1.82348
1.82616
1.82857
1.8307
1.83253
1.83406
1.83527
1.83613
1.83665
1.83681
1.83662
1.8361
1.83528
1.83419
1.83291
1.83149
1.83003
1.8286
1.82729
1.82614
1.82518
1.82443
1.82386
1.82345
1.82315
1.82291
1.82267
1.82237
1.82196
1.82134
1.82044
1.81921
1.81761
1.81563
1.81332
1.81078
1.80817
1.80565
1.80342
1.80166
1.80048
1.8
1.80027
1.80133
1.8032
1.80587
1.80928
1.81329
1.81761
1.8219
1.82574
1.82873
1.83054
1.83095
1.82978
1.82698
1.82251
1.81644
1.80905
1.80087
1.79283
1.78614
1.78196
1.78096
1.78305
1.78741
1.79293
1.79854
1.80352
1.80746
1.8102
1.81177
1.81234
1.81216
1.81159
1.81101
1.81071
1.81083
1.81128
1.8118
1.81203
1.81163
1.81033
1.80804
1.80476
1.80063
1.79592
1.79097
1.78622
1.78213
1.77914
1.77758
1.77762
1.77916
1.78195
1.78557
1.78957
1.79356
1.7972
1.80027
1.80263
1.80421
1.805
1.80502
1.80431
1.80294
1.80101
1.79863
1.79595
1.79314
1.79039
1.7879
1.78585
1.78436
1.78348
1.7832
1.78338
1.78386
1.78441
1.78481
1.7849
1.78459
1.78389
1.78294
1.78202
1.78146
1.78158
1.78261
1.78456
1.78729
1.79047
1.79372
1.79669
1.79909
1.80075
1.80158
1.80157
1.80076
1.79923
1.79709
1.79448
1.79152
1.78835
1.78504
1.78168
1.77829
1.77485
1.77136
1.76784
1.76436
1.76109
1.75827
1.75622
1.75524
1.75558
1.75737
1.76058
1.76503
1.77041
1.77637
1.78256
1.78866
1.79442
1.79967
1.80429
1.80824
1.81151
1.81414
1.8162
1.81779
1.81903
1.82004
1.82098
1.82194
1.82299
1.82417
1.82542
1.82665
1.82772
1.82846
1.82874
1.82844
1.82747
1.82581
1.82349
1.82061
1.81732
1.8138
1.81025
1.80685
1.80373
1.801
1.79874
1.79703
1.79599
1.79577
1.79648
1.7981
1.80047
1.80325
1.80606
1.80853
1.8104
1.81155
1.81194
1.81163
1.81072
1.80931
1.80753
1.8055
1.80337
1.80131
1.79954
1.79832
1.79792
1.7986
1.80046
1.80349
1.80745
1.81199
1.81669
1.82116
1.8251
1.82831
1.83071
1.83231
1.83314
1.83331
1.83292
1.83207
1.83084
1.82929
1.82746
1.82534
1.82295
1.82026
1.81728
1.81409
1.8108
1.80764
1.80485
1.80272
1.80147
1.80122
1.80191
1.80338
1.80538
1.80764
1.8099
1.81199
1.8138
1.81527
1.81639
1.81718
1.81767
1.81788
1.81784
1.81758
1.81711
1.81643
1.81554
1.81442
1.81305
1.8114
1.80945
1.80717
1.80454
1.80159
1.79831
1.79478
1.79107
1.78729
1.78358
1.78009
1.77698
1.77442
1.77256
1.77155
1.77149
1.77241
1.77429
1.77702
1.78041
1.78424
1.78826
1.79226
1.79604
1.79947
1.80246
1.805
1.80707
1.80871
1.80995
1.81081
1.81129
1.81139
1.81111
1.81041
1.80928
1.80773
1.80578
1.80353
1.80111
1.79873
1.79662
1.79502
1.79413
1.79405
1.79478
1.79617
1.79801
1.79999
1.80178
1.80302
1.80331
1.80226
1.79945
1.79459
1.78767
1.7792
1.77036
1.76288
1.75836
1.75749
1.7597
1.76371
1.76835
1.77313
1.77815
1.78364
1.78966
1.79596
1.80206
1.80749
1.8119
1.81513
1.81715
1.81806
1.81803
1.8173
1.81612
1.81479
1.81359
1.81277
1.81249
1.81282
1.81371
1.81505
1.81666
1.81837
1.82002
1.82149
1.82264
1.82339
1.82363
1.82328
1.82225
1.8205
1.81804
1.81499
1.81162
1.80833
1.80559
1.80379
1.8031
1.80327
1.80375
1.80375
1.80257
1.79986
1.79579
1.79123
1.78759
1.78638
1.78858
1.79414
1.80207
1.8109
1.81933
1.82652
1.83212
1.83613
1.83876
1.84026
1.84093
1.84101
1.84066
1.84004
1.83921
1.83821
1.83704
1.83569
1.83415
1.83238
1.83039
1.82816
1.82571
1.82307
1.82026
1.81734
1.81432
1.81122
1.80806
1.8048
1.80146
1.79805
1.7947
1.79163
1.78924
1.78795
1.78814
1.78999
1.79335
1.7978
1.80278
1.80773
1.81224
1.81606
1.81908
1.82131
1.82281
1.82367
1.82395
1.82373
1.82305
1.82192
1.82033
1.81824
1.81558
1.81229
1.80829
1.8035
1.7979
1.79153
1.78454
1.77722
1.76999
1.76342
1.75807
1.75444
1.7528
1.75314
1.75518
1.75845
1.76241
1.76653
1.77042
1.77379
1.7765
1.77854
1.77999
1.78098
1.78172
1.78238
1.78317
1.7842
1.78553
1.78716
1.78899
1.7909
1.79271
1.79425
1.79535
1.7959
1.79579
1.79495
1.79334
1.79093
1.7877
1.78364
1.77881
1.77338
1.76767
1.76216
1.75741
1.75393
1.75193
1.75131
1.75168
1.75257
1.75357
1.75446
1.75511
1.75549
1.75556
1.75529
1.75463
1.7536
1.75237
1.75123
1.75057
1.75074
1.75183
1.75363
1.75566
1.75731
1.75806
1.7576
1.75593
1.7533
1.75021
1.74726
1.74508
1.74412
1.74463
1.74652
1.7495
1.7531
1.75685
1.7603
1.76314
1.76514
1.76615
1.76614
1.76511
1.76313
1.76035
1.75699
1.75335
1.74978
1.74664
1.74426
1.74284
1.74241
1.74285
1.74394
1.74538
1.74691
1.74831
1.74947
1.75034
1.75097
1.75141
1.75175
1.75208
1.75244
1.75289
1.75344
1.75407
1.75478
1.75554
1.75632
1.75713
1.75795
1.75877
1.75961
1.76043
1.76123
1.76196
1.76255
1.76291
1.7629
1.76237
1.76114
1.75905
1.75598
1.75194
1.74718
1.74222
1.73784
1.73492
1.73415
1.7357
1.7392
1.7439
1.749
1.75386
1.75807
1.76146
1.76396
1.76558
1.76633
1.76621
1.76523
1.76339
1.76068
1.75714
1.75289
1.74816
1.74331
1.73886
1.73538
1.73335
1.73304
1.73436
1.73697
1.74042
1.74428
1.74823
1.75208
1.75567
1.75883
1.76135
1.76295
1.7634
1.76254
1.76042
1.75731
1.75379
1.75062
1.74857
1.74818
1.74958
1.75243
1.75613
1.76009
1.76387
1.76728
1.77028
1.77287
1.77504
1.77671
1.77774
1.77803
1.77754
1.77632
1.77459
1.77264
1.77089
1.76977
1.76967
1.7708
1.77319
1.77663
1.78071
1.78497
1.78889
1.79204
1.79407
1.79472
1.79376
1.79098
1.78612
1.77885
1.76879
1.75558
1.73921
1.72045
1.70141
1.68557
1.67683
1.67737
1.68625
1.69991
1.71438
1.72697
1.73672
1.74396
1.74956
1.75427
1.75839
1.76173
1.76384
1.76419
1.76241
1.75839
1.75233
1.74472
1.73639
1.72838
1.72187
1.71789
1.7171
1.71952
1.72454
1.7311
1.73803
1.74439
1.74957
1.75335
1.75573
1.75687
1.75698
1.75627
1.75495
1.75319
1.75113
1.74888
1.74656
1.74424
1.742
1.73992
1.73804
1.73641
1.73506
1.73399
1.7332
1.73265
1.73232
1.73215
1.73208
1.73207
1.73207
1.73202
1.73191
1.73169
1.73137
1.73093
1.73038
1.72973
1.729
1.7282
1.72734
1.72639
1.72533
1.7241
1.72265
1.72092
1.71892
1.71673
1.71454
1.71267
1.71153
1.71151
1.71286
1.71564
1.71964
1.72448
1.72973
1.735
1.74
1.74456
1.74861
1.75211
1.75508
1.75754
1.75952
1.76103
1.76208
1.76271
1.76294
1.76285
1.76252
1.76208
1.76167
1.76144
1.76151
1.76196
1.76278
1.76388
1.76509
1.76616
1.76676
1.76653
1.76504
1.76198
1.75728
1.75138
1.74539
1.74094
1.73953
1.7417
1.7466
1.75252
1.75771
1.76109
1.76232
1.76171
1.7599
1.75764
1.75561
1.75429
1.75393
1.75461
1.75623
1.75863
1.76156
1.76478
1.76809
1.77135
1.77455
1.77776
1.78108
1.7846
1.78837
1.79233
1.79637
1.8003
1.80389
1.80691
1.80914
1.81041
1.81057
1.80958
1.80748
1.80447
1.80091
1.79729
1.79421
1.79218
1.79157
1.79242
1.7945
1.79735
1.80039
1.80307
1.80489
1.80546
1.80454
1.80208
1.79822
1.79335
1.78803
1.78291
1.77859
1.77545
1.77362
1.77295
1.77311
1.77374
1.77449
1.77513
1.77557
1.77595
1.77653
1.77761
1.77933
1.78161
1.80196
1.80393
1.80557
1.80676
1.80749
1.80784
1.8079
1.80787
1.80796
1.80838
1.80922
1.81039
1.81165
1.81268
1.81318
1.813
1.81211
1.81061
1.80873
1.80677
1.80502
1.80378
1.80323
1.80346
1.80444
1.80601
1.80798
1.81013
1.81227
1.81425
1.81601
1.8175
1.81873
1.81973
1.82052
1.82116
1.82166
1.82207
1.82239
1.82264
1.8228
1.82287
1.82284
1.82268
1.82238
1.82192
1.82132
1.82057
1.81969
1.81869
1.81758
1.81627
1.81462
1.81234
1.80904
1.80415
1.79716
1.78772
1.7761
1.76362
1.75275
1.74645
1.74669
1.75329
1.76416
1.77658
1.78846
1.79866
1.80682
1.81303
1.81754
1.82064
1.82263
1.82372
1.82409
1.82387
1.82314
1.82196
1.82037
1.81838
1.81602
1.8133
1.81022
1.80679
1.80302
1.79888
1.79436
1.78944
1.78412
1.77853
1.77295
1.76788
1.76403
1.7622
1.76302
1.76669
1.77288
1.78078
1.78932
1.79749
1.80445
1.80961
1.81266
1.8135
1.8123
1.80945
1.80556
1.80133
1.79737
1.79395
1.79094
1.78786
1.78419
1.77964
1.77443
1.76925
1.76519
1.76335
1.76435
1.76806
1.7737
1.78019
1.78654
1.79208
1.79647
1.79959
1.80145
1.80216
1.80188
1.80079
1.7991
1.79699
1.79464
1.79214
1.78957
1.78693
1.78422
1.78147
1.77879
1.77638
1.77451
1.77346
1.77345
1.77455
1.77662
1.77936
1.78238
1.78529
1.78776
1.78964
1.79089
1.7916
1.79195
1.79216
1.79242
1.7929
1.7937
1.79487
1.79639
1.79819
1.80012
1.80199
1.80356
1.80458
1.8048
1.80405
1.80226
1.79951
1.79604
1.79219
1.78838
1.78494
1.78208
1.77985
1.77816
1.77688
1.77589
1.77511
1.77454
1.77429
1.77457
1.77568
1.77791
1.78143
1.78619
1.79193
1.79823
1.80464
1.81075
1.81625
1.82096
1.82482
1.82782
1.82997
1.83132
1.83187
1.8316
1.83043
1.82821
1.82475
1.81981
1.81325
1.80517
1.79617
1.78752
1.78098
1.77819
1.77987
1.78534
1.79302
1.80121
1.80875
1.81514
1.82036
1.82459
1.82807
1.83097
1.8334
1.83539
1.83696
1.83813
1.83895
1.83952
1.83995
1.84037
1.84091
1.84168
1.84273
1.84409
1.84572
1.84753
1.84941
1.85122
1.85281
1.85405
1.85484
1.85516
1.85503
1.85459
1.85408
1.85376
1.85393
1.85485
1.85664
1.8593
1.86266
1.86647
1.87042
1.87426
1.87774
1.88073
1.88312
1.88486
1.88593
1.88633
1.88604
1.88507
1.88344
1.88121
1.87848
1.87545
1.87242
1.86973
1.86777
1.86681
1.86695
1.86806
1.86985
1.8719
1.87381
1.87525
1.87598
1.87585
1.87478
1.87269
1.86951
1.86516
1.85966
1.85318
1.84613
1.83916
1.83302
1.82836
1.82557
1.82474
1.82571
1.82822
1.83194
1.83651
1.84165
1.84709
1.85266
1.85823
1.86368
1.86895
1.87394
1.8786
1.88286
1.88668
1.89004
1.89296
1.89547
1.89761
1.89945
1.90104
1.90243
1.90367
1.90476
1.90571
1.90649
1.90705
1.90735
1.90731
1.90685
1.90589
1.90435
1.90216
1.89924
1.89554
1.891
1.88563
1.87948
1.87278
1.866
1.85994
1.85563
1.85402
1.85554
1.85986
1.86603
1.87285
1.87935
1.88497
1.8895
1.89301
1.89569
1.89776
1.89939
1.90071
1.90179
1.9027
1.90349
1.90423
1.90502
1.90591
1.90693
1.90803
1.90903
1.90971
1.90976
1.90889
1.90684
1.90347
1.89878
1.89304
1.8868
1.88092
1.8764
1.87417
1.87467
1.87776
1.88278
1.88884
1.89511
1.90099
1.90615
1.91042
1.9138
1.91635
1.91815
1.9193
1.91991
1.92007
1.91986
1.91938
1.91867
1.91781
1.91687
1.91595
1.91518
1.91475
1.91488
1.91578
1.91754
1.92013
1.92337
1.92698
1.93066
1.93411
1.93708
1.93936
1.94077
1.9411
1.94015
1.9377
1.93351
1.92738
1.91923
1.90931
1.89837
1.88778
1.87928
1.87432
1.8734
1.8758
1.88008
1.88488
1.88937
1.89334
1.89692
1.90027
1.90342
1.90621
1.90835
1.90956
1.90967
1.90862
1.90653
1.90362
1.9002
1.89658
1.89308
1.88994
1.88735
1.88543
1.88415
1.88345
1.88315
1.88307
1.88307
1.88302
1.88286
1.88258
1.88218
1.88167
1.88106
1.88035
1.87956
1.8787
1.87783
1.877
1.87628
1.8757
1.8753
1.87506
1.87493
1.87485
1.87475
1.87452
1.8741
1.8734
1.87235
1.87088
1.86895
1.86655
1.86374
1.86063
1.85743
1.85439
1.85177
1.84979
1.84858
1.84815
1.84836
1.84901
1.84984
1.85057
1.85098
1.8509
1.85019
1.84882
1.84679
1.8442
1.84118
1.83794
1.8347
1.83171
1.82917
1.82725
1.82606
1.82562
1.82588
1.82674
1.82806
1.8297
1.83151
1.83336
1.83513
1.83676
1.83818
1.83937
1.8403
1.84097
1.84141
1.84161
1.8416
1.84141
1.84105
1.84055
1.83993
1.83921
1.83842
1.83758
1.83673
1.83589
1.83513
1.83449
1.83402
1.83378
1.83377
1.83401
1.83444
1.83502
1.83564
1.83619
1.83658
1.83669
1.83642
1.83571
1.8345
1.83278
1.83056
1.82789
1.82488
1.82167
1.81845
1.81543
1.81283
1.81082
1.80954
1.80904
1.80927
1.81013
1.81146
1.81308
1.81483
1.81657
1.8182
1.81966
1.82091
1.82196
1.82285
1.82361
1.8243
1.82495
1.82561
1.82629
1.827
1.82769
1.82833
1.82883
1.82908
1.82896
1.82832
1.82697
1.82476
1.82154
1.81724
1.81193
1.80586
1.79958
1.79392
1.78982
1.78817
1.78937
1.7932
1.79889
1.80538
1.81173
1.81728
1.82172
1.82501
1.82731
1.82883
1.82982
1.83045
1.83083
1.83091
1.83059
1.82965
1.8279
1.82527
1.8219
1.81824
1.81504
1.81314
1.81319
1.81537
1.81929
1.82418
1.82923
1.83378
1.83744
1.84005
1.8416
1.84213
1.8417
1.84033
1.838
1.83467
1.83029
1.82483
1.81833
1.81097
1.8031
1.79528
1.78821
1.78269
1.7794
1.77879
1.78096
1.78564
1.7923
1.80024
1.80878
1.81736
1.82556
1.8331
1.83984
1.8457
1.85065
1.85466
1.85773
1.85985
1.86097
1.86108
1.86013
1.85806
1.85477
1.85017
1.84416
1.83668
1.82775
1.8176
1.80674
1.79602
1.78662
1.77983
1.77666
1.7775
1.78196
1.78901
1.79734
1.80578
1.81348
1.82
1.82519
1.82914
1.83201
1.834
1.8353
1.83607
1.83641
1.83639
1.83603
1.83532
1.83422
1.83266
1.83053
1.82772
1.82411
1.81961
1.81423
1.80811
1.80159
1.7952
1.78955
1.78508
1.78189
1.77961
1.77753
1.77483
1.77091
1.76567
1.75962
1.75391
1.75002
1.74926
1.75205
1.75782
1.76523
1.77286
1.77966
1.78509
1.78905
1.79173
1.79342
1.79444
1.79506
1.79552
1.79599
1.79655
1.79726
1.79812
1.79909
1.80014
1.8012
1.80223
1.80317
1.80397
1.80461
1.80503
1.8052
1.80508
1.80462
1.80377
1.80248
1.80068
1.79831
1.79535
1.79178
1.78765
1.78307
1.77826
1.77353
1.76928
1.7659
1.76374
1.763
1.76367
1.76554
1.76828
1.77152
1.77493
1.77823
1.7813
1.78405
1.78648
1.78862
1.79051
1.79219
1.79371
1.79509
1.79635
1.7975
1.79855
1.7995
1.80036
1.80114
1.80183
1.80246
1.80302
1.80353
1.80399
1.80441
1.80478
1.80511
1.80539
1.8056
1.80573
1.80575
1.80563
1.80534
1.80483
1.80406
1.80299
1.80158
1.79982
1.7977
1.79527
1.79261
1.78982
1.78701
1.78429
1.78175
1.77941
1.77731
1.77545
1.77389
1.77272
1.77204
1.77197
1.77258
1.77387
1.7758
1.77831
1.78131
1.78472
1.78851
1.7926
1.79694
1.80141
1.80585
1.81004
1.81371
1.81657
1.81833
1.81872
1.8176
1.81501
1.81128
1.80709
1.80342
1.80124
1.80117
1.80311
1.80634
1.80983
1.81265
1.81424
1.81452
1.81378
1.81262
1.81174
1.8118
1.81319
1.81593
1.8197
1.82394
1.82807
1.8316
1.83419
1.83566
1.83596
1.83515
1.83337
1.83093
1.82828
1.82601
1.82481
1.82521
1.82743
1.83122
1.83596
1.84084
1.84509
1.84812
1.8496
1.84942
1.84767
1.84462
1.84067
1.83631
1.83206
1.82838
1.82558
1.82372
1.82269
1.82225
1.82214
1.82224
1.82262
1.82343
1.82481
1.82683
1.8294
1.83239
1.83567
1.8391
1.84258
1.846
1.84925
1.8522
1.85475
1.85682
1.85835
1.85935
1.85981
1.85978
1.8593
1.85844
1.85732
1.85609
1.85497
1.85412
1.85367
1.85363
1.85386
1.85411
1.85408
1.85353
1.85239
1.85081
1.84914
1.84785
1.84737
1.84796
1.84964
1.85222
1.85538
1.85881
1.86221
1.86535
1.86806
1.87025
1.87192
1.87309
1.87387
1.87433
1.87459
1.87472
1.87478
1.87479
1.87475
1.87464
1.87442
1.87405
1.87349
1.87269
1.87163
1.8703
1.86872
1.86693
1.865
1.86302
1.86112
1.85942
1.85805
1.85712
1.85673
1.85689
1.8576
1.8588
1.86038
1.86222
1.86419
1.86618
1.86808
1.86981
1.87129
1.87245
1.87323
1.87355
1.87331
1.87237
1.87057
1.86775
1.86377
1.8586
1.8525
1.84618
1.84092
1.83834
1.8398
1.8457
1.85511
1.86626
1.87728
1.88679
1.89403
1.89872
1.90088
1.90059
1.89803
1.89336
1.88687
1.87893
1.87012
1.86117
1.85286
1.84585
1.84061
1.83733
1.83599
1.83654
1.83887
1.84283
1.84816
1.85438
1.86092
1.86717
1.87262
1.87691
1.87991
1.88161
1.88214
1.88172
1.88064
1.87925
1.87792
1.87702
1.87681
1.87742
1.87879
1.88072
1.88288
1.88487
1.88631
1.88685
1.88624
1.88432
1.88107
1.87663
1.87131
1.8656
1.86006
1.8553
1.85177
1.84968
1.84899
1.84943
1.85063
1.85223
1.85398
1.85574
1.85752
1.85936
1.86137
1.86361
1.86608
