-0.0318402
-0.0318491
-0.031864
-0.0318849
-0.0319117
-0.0319445
-0.0319834
-0.0320284
-0.0320795
-0.0321368
-0.0322003
-0.0322725
-0.0323512
-0.0324508
-0.0325526
-0.0326708
-0.032794
-0.03291
-0.0330595
-0.0332144
-0.0333675
-0.0335308
-0.0337068
-0.0338887
-0.0340813
-0.0342873
-0.0344855
-0.0346997
-0.0349349
-0.0351702
-0.0354032
-0.0356581
-0.0359256
-0.0362013
-0.0364855
-0.0367691
-0.037069
-0.0373998
-0.0377336
-0.0380613
-0.0383953
-0.038755
-0.0391242
-0.0395202
-0.039922
-0.0403376
-0.04077
-0.0412342
-0.0417047
-0.0421943
-0.0427015
-0.0432391
-0.0437843
-0.04435
-0.0449469
-0.0455642
-0.0462104
-0.0468892
-0.0475902
-0.0483245
-0.049089
-0.0498882
-0.0507307
-0.0516118
-0.0525336
-0.0534936
-0.054504
-0.0555532
-0.0566559
-0.0578152
-0.059039
-0.0603212
-0.0616582
-0.0630772
-0.0645628
-0.066128
-0.0677522
-0.0694713
-0.0712637
-0.073142
-0.075103
-0.0771431
-0.0792578
-0.0814345
-0.0836585
-0.0858911
-0.0880873
-0.09019
-0.0921228
-0.0937704
-0.0950177
-0.0956899
-0.0956606
-0.094815
-0.0931557
-0.0909039
-0.088567
-0.0869524
-0.0869911
-0.0894435
-0.0945536
-0.101928
-0.110688
-0.119844
-0.128553
-0.136253
-0.142632
-0.147528
-0.150844
-0.152484
-0.152376
-0.150454
-0.146837
-0.14186
-0.136181
-0.130711
-0.126415
-0.124034
-0.123883
-0.126031
-0.130423
-0.136998
-0.145576
-0.1557
-0.166576
-0.177251
-0.186842
-0.194737
-0.200749
-0.205032
-0.207961
-0.210003
-0.211521
-0.212649
-0.213326
-0.213339
-0.212506
-0.210867
-0.208679
-0.206407
-0.20456
-0.203514
-0.203392
-0.204059
-0.205222
-0.206606
-0.208106
-0.209756
-0.211767
-0.214452
-0.218133
-0.222992
-0.229109
-0.236419
-0.244721
-0.253743
-0.263115
-0.27246
-0.281401
-0.289603
-0.29679
-0.302744
-0.307352
-0.310562
-0.312372
-0.312844
-0.31209
-0.310219
-0.307331
-0.30344
-0.298467
-0.292215
-0.284452
-0.275036
-0.264041
-0.251808
-0.238886
-0.225985
-0.214369
-0.206287
-0.204713
-0.211587
-0.225903
-0.244079
-0.262105
-0.277465
-0.289357
-0.298117
-0.304435
-0.309083
-0.312624
-0.315453
-0.317827
-0.319865
-0.321646
-0.323267
-0.324788
-0.326246
-0.327648
-0.328937
-0.329978
-0.330599
-0.330557
-0.329624
-0.327637
-0.324571
-0.320572
-0.316036
-0.311547
-0.307724
-0.305124
-0.30403
-0.304449
-0.306147
-0.308777
-0.31191
-0.315182
-0.318232
-0.320821
-0.322836
-0.324318
-0.325416
-0.326318
-0.327187
-0.328092
-0.329024
-0.329827
-0.330281
-0.33017
-0.329272
-0.327408
-0.324471
-0.320473
-0.31555
-0.310065
-0.304536
-0.299497
-0.295379
-0.292322
-0.290221
-0.288829
-0.287979
-0.287666
-0.287972
-0.288933
-0.290364
-0.291891
-0.293048
-0.293381
-0.292609
-0.290621
-0.287429
-0.283111
-0.277836
-0.271943
-0.266102
-0.261422
-0.259477
-0.26169
-0.268667
-0.279692
-0.293051
-0.306776
-0.319381
-0.330077
-0.338663
-0.345283
-0.350238
-0.353838
-0.356353
-0.357972
-0.358801
-0.358929
-0.358322
-0.356949
-0.354718
-0.351558
-0.347335
-0.341964
-0.335371
-0.327561
-0.31861
-0.308694
-0.298074
-0.287148
-0.276418
-0.26651
-0.258248
-0.25251
-0.250068
-0.251295
-0.255988
-0.263264
-0.27191
-0.28063
-0.28828
-0.294018
-0.297237
-0.297584
-0.295125
-0.290522
-0.285192
-0.281168
-0.28041
-0.28384
-0.290849
-0.299728
-0.308642
-0.31632
-0.32224
-0.326376
-0.329039
-0.33055
-0.331248
-0.331393
-0.331154
-0.330659
-0.32993
-0.328967
-0.327696
-0.325993
-0.323714
-0.320696
-0.316748
-0.311739
-0.305607
-0.298442
-0.290555
-0.282475
-0.274909
-0.268587
-0.264085
-0.261679
-0.261384
-0.263023
-0.266396
-0.271254
-0.277303
-0.284166
-0.291377
-0.298489
-0.305093
-0.310903
-0.315756
-0.319627
-0.322519
-0.324505
-0.325662
-0.326051
-0.325753
-0.324821
-0.323299
-0.321261
-0.318752
-0.315846
-0.312588
-0.308984
-0.304973
-0.300479
-0.295469
-0.290021
-0.284504
-0.279685
-0.276545
-0.275915
-0.27792
-0.281893
-0.286567
-0.290706
-0.293504
-0.294879
-0.295277
-0.295431
-0.296002
-0.297296
-0.299152
-0.301083
-0.302576
-0.303279
-0.303181
-0.30256
-0.301898
-0.301739
-0.302512
-0.304461
-0.307512
-0.311383
-0.315591
-0.319626
-0.323
-0.325366
-0.326478
-0.32623
-0.324635
-0.321838
-0.318027
-0.313491
-0.308534
-0.303522
-0.298899
-0.295184
-0.293006
-0.292964
-0.295393
-0.300234
-0.306988
-0.314898
-0.32313
-0.331037
-0.33813
-0.344221
-0.349226
-0.353217
-0.356316
-0.35863
-0.36029
-0.361423
-0.362125
-0.362473
-0.362494
-0.362201
-0.361609
-0.360717
-0.359473
-0.357873
-0.355924
-0.353664
-0.351173
-0.348562
-0.346024
-0.343732
-0.341802
-0.340325
-0.339291
-0.338581
-0.337987
-0.337288
-0.33628
-0.334835
-0.332898
-0.330506
-0.327772
-0.32484
-0.321895
-0.319045
-0.316431
-0.314166
-0.312351
-0.311062
-0.310372
-0.310286
-0.310749
-0.311628
-0.312829
-0.314269
-0.315923
-0.317868
-0.320158
-0.322797
-0.325653
-0.328466
-0.330881
-0.332527
-0.333162
-0.332676
-0.331135
-0.328747
-0.325783
-0.322575
-0.319412
-0.31663
-0.314504
-0.313285
-0.313156
-0.314179
-0.316316
-0.319436
-0.323309
-0.327681
-0.332254
-0.336771
-0.341019
-0.344831
-0.348114
-0.35082
-0.352939
-0.354441
-0.355323
-0.355555
-0.355103
-0.353878
-0.351821
-0.348858
-0.345046
-0.340564
-0.335784
-0.331323
-0.327916
-0.326225
-0.326625
-0.329008
-0.332898
-0.337582
-0.342369
-0.346726
-0.350356
-0.353088
-0.354847
-0.355589
-0.355197
-0.353524
-0.350335
-0.345394
-0.338477
-0.329556
-0.319003
-0.307757
-0.29735
-0.289675
-0.286326
-0.287924
-0.293748
-0.301997
-0.310588
-0.317896
-0.323213
-0.3267
-0.329001
-0.330867
-0.332788
-0.33496
-0.337352
-0.339862
-0.342423
-0.344949
-0.347388
-0.349701
-0.351794
-0.35363
-0.355179
-0.356432
-0.357356
-0.357876
-0.357887
-0.357286
-0.355929
-0.353724
-0.350617
-0.346655
-0.34204
-0.3372
-0.332791
-0.329607
-0.328388
-0.329556
-0.332979
-0.338106
-0.344164
-0.350455
-0.356445
-0.361838
-0.366488
-0.37029
-0.37314
-0.374947
-0.375674
-0.375317
-0.373989
-0.371942
-0.369509
-0.367109
-0.365087
-0.363615
-0.362729
-0.362277
-0.362151
-0.362395
-0.363243
-0.365059
-0.368127
-0.372483
-0.377873
-0.383808
-0.38975
-0.395236
-0.39995
-0.403712
-0.406452
-0.408187
-0.408962
-0.408875
-0.408065
-0.406739
-0.405201
-0.403758
-0.402778
-0.40251
-0.403097
-0.404494
-0.406516
-0.408906
-0.411341
-0.413497
-0.415019
-0.415558
-0.414806
-0.412677
-0.409394
-0.405604
-0.402375
-0.400925
-0.40221
-0.406472
-0.413184
-0.421236
-0.42937
-0.436568
-0.442128
-0.445669
-0.447018
-0.446018
-0.442488
-0.436262
-0.42723
-0.415602
-0.402144
-0.388302
-0.3759
-0.366514
-0.360901
-0.359006
-0.360599
-0.365636
-0.374223
-0.386056
-0.400208
-0.415234
-0.429595
-0.442044
-0.451787
-0.458593
-0.462657
-0.464546
-0.465066
-0.465069
-0.465318
-0.466212
-0.467783
-0.469739
-0.471589
-0.472818
-0.472973
-0.471728
-0.468813
-0.464084
-0.457415
-0.448741
-0.438086
-0.425623
-0.411774
-0.397306
-0.383412
-0.37157
-0.363127
-0.358809
-0.358715
-0.362554
-0.36994
-0.380145
-0.391839
-0.403332
-0.41303
-0.419946
-0.423771
-0.424623
-0.422954
-0.41937
-0.41459
-0.409353
-0.404434
-0.400462
-0.397857
-0.396722
-0.39683
-0.397648
-0.398444
-0.398443
-0.397097
-0.394218
-0.390233
-0.386154
-0.383332
-0.382952
-0.385478
-0.390438
-0.396721
-0.403121
-0.408714
-0.413055
-0.416008
-0.417655
-0.41814
-0.41764
-0.416289
-0.414204
-0.411481
-0.408235
-0.404637
-0.400888
-0.397239
-0.393979
-0.391373
-0.389618
-0.388817
-0.388961
-0.38992
-0.391466
-0.393343
-0.395285
-0.397054
-0.398507
-0.399557
-0.400191
-0.400437
-0.400333
-0.399909
-0.399164
-0.398115
-0.396729
-0.395034
-0.393112
-0.391078
-0.389066
-0.387221
-0.38564
-0.384286
-0.383079
-0.381816
-0.380306
-0.378372
-0.375874
-0.372763
-0.368941
-0.364281
-0.358637
-0.351969
-0.344504
-0.336998
-0.330709
-0.327176
-0.327616
-0.33238
-0.340709
-0.351096
-0.361839
-0.371597
-0.379595
-0.385528
-0.389448
-0.391574
-0.392169
-0.391484
-0.389701
-0.386952
-0.383332
-0.378896
-0.373712
-0.3679
-0.361624
-0.355139
-0.348711
-0.34258
-0.336881
-0.331617
-0.326692
-0.321956
-0.317382
-0.313119
-0.309462
-0.306812
-0.305537
-0.305734
-0.307229
-0.309585
-0.312206
-0.3146
-0.316547
-0.318206
-0.319955
-0.322305
-0.325558
-0.329688
-0.334345
-0.339
-0.34316
-0.346507
-0.348945
-0.350576
-0.351612
-0.352333
-0.35302
-0.353893
-0.355074
-0.356625
-0.35849
-0.360601
-0.362829
-0.365054
-0.367132
-0.369006
-0.370566
-0.371765
-0.372566
-0.372948
-0.372923
-0.372522
-0.371803
-0.370864
-0.369814
-0.368704
-0.367553
-0.366275
-0.364713
-0.362697
-0.360189
-0.357328
-0.354404
-0.351717
-0.349277
-0.346796
-0.343812
-0.340038
-0.335691
-0.331466
-0.328159
-0.326116
-0.324999
-0.323876
-0.321897
-0.318967
-0.315971
-0.314346
-0.315193
-0.318654
-0.324086
-0.330569
-0.337478
-0.344546
-0.351651
-0.358637
-0.365245
-0.371186
-0.376233
-0.380244
-0.383229
-0.385284
-0.386573
-0.387295
-0.3876
-0.387634
-0.387519
-0.38733
-0.387119
-0.386893
-0.386664
-0.386431
-0.386168
-0.385874
-0.385513
-0.385078
-0.38455
-0.383886
-0.383067
-0.382067
-0.380832
-0.379308
-0.37741
-0.375061
-0.372155
-0.368604
-0.364369
-0.35941
-0.353814
-0.347686
-0.341223
-0.334693
-0.328462
-0.323138
-0.319615
-0.31885
-0.321446
-0.327134
-0.334804
-0.342895
-0.350059
-0.355465
-0.358805
-0.360187
-0.359969
-0.358581
-0.356521
-0.354308
-0.352393
-0.351119
-0.350696
-0.351133
-0.352286
-0.353875
-0.355582
-0.357089
-0.358148
-0.358591
-0.358307
-0.357241
-0.3554
-0.352844
-0.349707
-0.346204
-0.342647
-0.339392
-0.336798
-0.335196
-0.334705
-0.335295
-0.336733
-0.338694
-0.340872
-0.343001
-0.34489
-0.346425
-0.347564
-0.348345
-0.348777
-0.348953
-0.348928
-0.348783
-0.348618
-0.348466
-0.348398
-0.348431
-0.348557
-0.348751
-0.348916
-0.348962
-0.348787
-0.348288
-0.347335
-0.345791
-0.343484
-0.340186
-0.335665
-0.32972
-0.322386
-0.314104
-0.305996
-0.299782
-0.297234
-0.299373
-0.305778
-0.314878
-0.324773
-0.33397
-0.341725
-0.347816
-0.352382
-0.355689
-0.358024
-0.359605
-0.36063
-0.361235
-0.361505
-0.361517
-0.361313
-0.360902
-0.360315
-0.359549
-0.358601
-0.357472
-0.35614
-0.354618
-0.3529
-0.350993
-0.348922
-0.346713
-0.344435
-0.342157
-0.340019
-0.338145
-0.336755
-0.335977
-0.335988
-0.336841
-0.338546
-0.340976
-0.343955
-0.347221
-0.35051
-0.353563
-0.35617
-0.358143
-0.359393
-0.359708
-0.359378
-0.358444
-0.357063
-0.355434
-0.353835
-0.352603
-0.352097
-0.35262
-0.354352
-0.357341
-0.361436
-0.366363
-0.371782
-0.377316
-0.382637
-0.387452
-0.391509
-0.394622
-0.396616
-0.397367
-0.396807
-0.394977
-0.392003
-0.388113
-0.383642
-0.378957
-0.374405
-0.370245
-0.366683
-0.363962
-0.362398
-0.362486
-0.364674
-0.369213
-0.375787
-0.383595
-0.391528
-0.398588
-0.40406
-0.407601
-0.409146
-0.408878
-0.407062
-0.404023
-0.400063
-0.395454
-0.390417
-0.385096
-0.379589
-0.37402
-0.368515
-0.363299
-0.358695
-0.35501
-0.352518
-0.351358
-0.351441
-0.352431
-0.353803
-0.354875
-0.35487
-0.352959
-0.348342
-0.340497
-0.329695
-0.317697
-0.307982
-0.304568
-0.309428
-0.320963
-0.335231
-0.34854
-0.358919
-0.365953
-0.370066
-0.371946
-0.372222
-0.371345
-0.369679
-0.367483
-0.365007
-0.362533
-0.360321
-0.358634
-0.357651
-0.357428
-0.357859
-0.358691
-0.359622
-0.360323
-0.360512
-0.360005
-0.358676
-0.35651
-0.353545
-0.349889
-0.345723
-0.341287
-0.33686
-0.332789
-0.329454
-0.327188
-0.326254
-0.326758
-0.328601
-0.331494
-0.335027
-0.338793
-0.342453
-0.345765
-0.348619
-0.350975
-0.352892
-0.354442
-0.355703
-0.356763
-0.357685
-0.35852
-0.359297
-0.360045
-0.360738
-0.361363
-0.361857
-0.362161
-0.362172
-0.361781
-0.360882
-0.359334
-0.357069
-0.354026
-0.350231
-0.345786
-0.340845
-0.335514
-0.329791
-0.323537
-0.316524
-0.308575
-0.299793
-0.290585
-0.281536
-0.273092
-0.265441
-0.258686
-0.253276
-0.250245
-0.250855
-0.255855
-0.264933
-0.276826
-0.289873
-0.302719
-0.314452
-0.324679
-0.333313
-0.340454
-0.346271
-0.350938
-0.354635
-0.35752
-0.35972
-0.361333
-0.362465
-0.36316
-0.363476
-0.363455
-0.363122
-0.362508
-0.361596
-0.360405
-0.358906
-0.3571
-0.35493
-0.352361
-0.349314
-0.345701
-0.341435
-0.33636
-0.330318
-0.323128
-0.314607
-0.304667
-0.293399
-0.281331
-0.269575
-0.259897
-0.254331
-0.254243
-0.259621
-0.269057
-0.280463
-0.291994
-0.302439
-0.31128
-0.318406
-0.323957
-0.328111
-0.331114
-0.333154
-0.3344
-0.335033
-0.33518
-0.334989
-0.33458
-0.334072
-0.333572
-0.333154
-0.332875
-0.33277
-0.332843
-0.333067
-0.33341
-0.333807
-0.334216
-0.334559
-0.334822
-0.334956
-0.334956
-0.334804
-0.334518
-0.334101
-0.333575
-0.332937
-0.332168
-0.331235
-0.330112
-0.328744
-0.327102
-0.325187
-0.323037
-0.320726
-0.318386
-0.316192
-0.314348
-0.312981
-0.312178
-0.311906
-0.31203
-0.312344
-0.312647
-0.312754
-0.312577
-0.312169
-0.311641
-0.311238
-0.311181
-0.311683
-0.31286
-0.3147
-0.317079
-0.319811
-0.32273
-0.325669
-0.328532
-0.331237
-0.333736
-0.335974
-0.337889
-0.339412
-0.340441
-0.340919
-0.340777
-0.339993
-0.338637
-0.336791
-0.334618
-0.332274
-0.329903
-0.327579
-0.325322
-0.323097
-0.32095
-0.319062
-0.317751
-0.317402
-0.318272
-0.320303
-0.323079
-0.326019
-0.328548
-0.330339
-0.331336
-0.331793
-0.332103
-0.332686
-0.333874
-0.335803
-0.338433
-0.34155
-0.344769
-0.347616
-0.349497
-0.349853
-0.348159
-0.344125
-0.337806
-0.329825
-0.32142
-0.314399
-0.310639
-0.311434
-0.3169
-0.325976
-0.336866
-0.347772
-0.357393
-0.365075
-0.370658
-0.374312
-0.37636
-0.377142
-0.376966
-0.37604
-0.374547
-0.372615
-0.370318
-0.367773
-0.365162
-0.362729
-0.360721
-0.359307
-0.358498
-0.35805
-0.357593
-0.356644
-0.354813
-0.351877
-0.347875
-0.343094
-0.338018
-0.33324
-0.329357
-0.32689
-0.326196
-0.327426
-0.330519
-0.33516
-0.340846
-0.346964
-0.352921
-0.358279
-0.362734
-0.366155
-0.368562
-0.370013
-0.370643
-0.370588
-0.37
-0.368988
-0.367706
-0.366261
-0.364776
-0.363381
-0.362189
-0.361291
-0.360728
-0.360564
-0.360761
-0.361279
-0.362044
-0.362981
-0.364004
-0.365054
-0.366094
-0.367125
-0.368116
-0.369077
-0.370004
-0.370897
-0.371757
-0.372563
-0.373308
-0.373977
-0.374573
-0.375076
-0.375469
-0.375743
-0.375872
-0.375865
-0.375709
-0.375389
-0.374925
-0.374326
-0.373597
-0.372757
-0.371793
-0.370697
-0.369438
-0.367937
-0.366134
-0.363976
-0.361477
-0.358769
-0.356093
-0.353838
-0.352474
-0.352384
-0.353762
-0.35656
-0.360481
-0.365115
-0.370041
-0.374893
-0.3794
-0.383427
-0.386912
-0.389873
-0.392374
-0.394513
-0.396357
-0.397967
-0.399387
-0.400559
-0.401471
-0.402062
-0.4023
-0.402174
-0.401712
-0.401015
-0.400194
-0.399422
-0.398842
-0.398637
-0.398933
-0.399821
-0.401336
-0.403434
-0.406011
-0.408921
-0.412007
-0.415088
-0.418022
-0.420684
-0.422969
-0.424779
-0.426081
-0.426816
-0.426905
-0.426315
-0.425002
-0.422923
-0.420134
-0.416776
-0.413172
-0.409808
-0.407352
-0.40645
-0.407506
-0.410537
-0.415177
-0.420761
-0.426599
-0.432102
-0.436894
-0.440769
-0.443686
-0.445677
-0.446803
-0.447198
-0.446969
-0.446272
-0.445241
-0.44405
-0.442811
-0.441619
-0.440535
-0.439556
-0.43867
-0.43784
-0.437069
-0.43635
-0.43575
-0.435293
-0.435052
-0.435035
-0.435215
-0.43552
-0.435821
-0.435961
-0.435743
-0.435
-0.433585
-0.431429
-0.428537
-0.425015
-0.421109
-0.417206
-0.413766
-0.411256
-0.40999
-0.410042
-0.411245
-0.413216
-0.415538
-0.417854
-0.419936
-0.421735
-0.423315
-0.424811
-0.426372
-0.42815
-0.43015
-0.43235
-0.434655
-0.436896
-0.438962
-0.440761
-0.442235
-0.443368
-0.444176
-0.444702
-0.444984
-0.445052
-0.444914
-0.444559
-0.443917
-0.442911
-0.441437
-0.439357
-0.436563
-0.432963
-0.428494
-0.423119
-0.416895
-0.409899
-0.402235
-0.393961
-0.385014
-0.375114
-0.363756
-0.350395
-0.335083
-0.319442
-0.307283
-0.303459
-0.310549
-0.326526
-0.346162
-0.364618
-0.379353
-0.389834
-0.396571
-0.400392
-0.402072
-0.402259
-0.401467
-0.400072
-0.398339
-0.396466
-0.394567
-0.392705
-0.390905
-0.389185
-0.387542
-0.386008
-0.384612
-0.38337
-0.382335
-0.381483
-0.380848
-0.380395
-0.380099
-0.379902
-0.379769
-0.379632
-0.379446
-0.379172
-0.378746
-0.378132
-0.377284
-0.376143
-0.374671
-0.372802
-0.370486
-0.367686
-0.364394
-0.360626
-0.356458
-0.35198
-0.347353
-0.342808
-0.338608
-0.335068
-0.332528
-0.331278
-0.331517
-0.333322
-0.336558
-0.340939
-0.346027
-0.351339
-0.356413
-0.360869
-0.364483
-0.367109
-0.368721
-0.369318
-0.368949
-0.367676
-0.365512
-0.362527
-0.358789
-0.354395
-0.349489
-0.344234
-0.338852
-0.33353
-0.328448
-0.323757
-0.319587
-0.316081
-0.31342
-0.311808
-0.311393
-0.312199
-0.31412
-0.316913
-0.320246
-0.32381
-0.32738
-0.330779
-0.333887
-0.336668
-0.339054
-0.34106
-0.342674
-0.343885
-0.344711
-0.345173
-0.345274
-0.345059
-0.344529
-0.343734
-0.342672
-0.341399
-0.339921
-0.338221
-0.33635
-0.334303
-0.332095
-0.329723
-0.327225
-0.324646
-0.322017
-0.319399
-0.316872
-0.314467
-0.312236
-0.310239
-0.308478
-0.307023
-0.305982
-0.305471
-0.305593
-0.306451
-0.308066
-0.31038
-0.313256
-0.316498
-0.319909
-0.323314
-0.326548
-0.329497
-0.33209
-0.334242
-0.335909
-0.337038
-0.337565
-0.337428
-0.336581
-0.335021
-0.332748
-0.329832
-0.326448
-0.322862
-0.319425
-0.316555
-0.314568
-0.313637
-0.31373
-0.314548
-0.315736
-0.316844
-0.317557
-0.317718
-0.317373
-0.316741
-0.316193
-0.31615
-0.316924
-0.318695
-0.321399
-0.324795
-0.328534
-0.332254
-0.335681
-0.338635
-0.341005
-0.342805
-0.34408
-0.344937
-0.345505
-0.345953
-0.346401
-0.346993
-0.347788
-0.348787
-0.34991
-0.350997
-0.351845
-0.352197
-0.351839
-0.350578
-0.348305
-0.345078
-0.341165
-0.337156
-0.333933
-0.332573
-0.333902
-0.33814
-0.344743
-0.352614
-0.360493
-0.367383
-0.372677
-0.376133
-0.377784
-0.377826
-0.37657
-0.374361
-0.371598
-0.368619
-0.365718
-0.363104
-0.360932
-0.359333
-0.358426
-0.358307
-0.358945
-0.36013
-0.361517
-0.362712
-0.363383
-0.363397
-0.362748
-0.36155
-0.359959
-0.358123
-0.356191
-0.354369
-0.352999
-0.352441
-0.35305
-0.35495
-0.357969
-0.361726
-0.365727
-0.369544
-0.372877
-0.375587
-0.377666
-0.379156
-0.38011
-0.380605
-0.380722
-0.380495
-0.379979
-0.379187
-0.378134
-0.376832
-0.37528
-0.373446
-0.371299
-0.368824
-0.365978
-0.362753
-0.359136
-0.355127
-0.350766
-0.346145
-0.341388
-0.336661
-0.332161
-0.32811
-0.324705
-0.322093
-0.320412
-0.319651
-0.319739
-0.320524
-0.321822
-0.323403
-0.325106
-0.32679
-0.328352
-0.329741
-0.330952
-0.332013
-0.33295
-0.333774
-0.334504
-0.33516
-0.335746
-0.336216
-0.336547
-0.336692
-0.33661
-0.336232
-0.335508
-0.334385
-0.332821
-0.330763
-0.328206
-0.32517
-0.321732
-0.317992
-0.314146
-0.310453
-0.307192
-0.304718
-0.303302
-0.303173
-0.304406
-0.306918
-0.310479
-0.314729
-0.319272
-0.323748
-0.327758
-0.331051
-0.333404
-0.334646
-0.334719
-0.333577
-0.331264
-0.327942
-0.32387
-0.319494
-0.315398
-0.312247
-0.310627
-0.310958
-0.313303
-0.317396
-0.322673
-0.328504
-0.334268
-0.339486
-0.343842
-0.347204
-0.349515
-0.350822
-0.351204
-0.350801
-0.349821
-0.348527
-0.347242
-0.346318
-0.346077
-0.346716
-0.348282
-0.350657
-0.353552
-0.356658
-0.359645
-0.362236
-0.364239
-0.365529
-0.366047
-0.365733
-0.364592
-0.362615
-0.359839
-0.356313
-0.352149
-0.347541
-0.342706
-0.337975
-0.333711
-0.330317
-0.328136
-0.327427
-0.328268
-0.330584
-0.334126
-0.338557
-0.343493
-0.348565
-0.353494
-0.358077
-0.362173
-0.365734
-0.368746
-0.371251
-0.373269
-0.374873
-0.376099
-0.376995
-0.377592
-0.377902
-0.377951
-0.377756
-0.377284
-0.376526
-0.37545
-0.373969
-0.371995
-0.369387
-0.36606
-0.361945
-0.357097
-0.351737
-0.346282
-0.341331
-0.337542
-0.335497
-0.335565
-0.337783
-0.341905
-0.347465
-0.353865
-0.360482
-0.366792
-0.372355
-0.376912
-0.380319
-0.382568
-0.383702
-0.38388
-0.383284
-0.382152
-0.380745
-0.379324
-0.378135
-0.377303
-0.376884
-0.376845
-0.37705
-0.377352
-0.377622
-0.377774
-0.377797
-0.377722
-0.377653
-0.377704
-0.377984
-0.378582
-0.379544
-0.380857
-0.382476
-0.384314
-0.386274
-0.388249
-0.390137
-0.391833
-0.393267
-0.394361
-0.395084
-0.395383
-0.395254
-0.394702
-0.39379
-0.39256
-0.391088
-0.389446
-0.387678
-0.385815
-0.383827
-0.381676
-0.379318
-0.376724
-0.373926
-0.371047
-0.368276
-0.365852
-0.364057
-0.363033
-0.362826
-0.363308
-0.36417
-0.365066
-0.365677
-0.365776
-0.365248
-0.36414
-0.362547
-0.360696
-0.358812
-0.357136
-0.355797
-0.354815
-0.354122
-0.353591
-0.353145
-0.352824
-0.352805
-0.353379
-0.354716
-0.356887
-0.359913
-0.363446
-0.367015
-0.370194
-0.37265
-0.374157
-0.374606
-0.373944
-0.372141
-0.369171
-0.365042
-0.35973
-0.353313
-0.345941
-0.337927
-0.329838
-0.322342
-0.316222
-0.312109
-0.310274
-0.31058
-0.312501
-0.31538
-0.318599
-0.321702
-0.324395
-0.326575
-0.328221
-0.32937
-0.330109
-0.3305
-0.330629
-0.330567
-0.330378
-0.330156
-0.329946
-0.329813
-0.32982
-0.330018
-0.330462
-0.331158
-0.332096
-0.333242
-0.334549
-0.335928
-0.337291
-0.338521
-0.339529
-0.34022
-0.340533
-0.340412
-0.339801
-0.338719
-0.337199
-0.335292
-0.333114
-0.330822
-0.3286
-0.326622
-0.325086
-0.324086
-0.323663
-0.323731
-0.324135
-0.324638
-0.32501
-0.325055
-0.324663
-0.32384
-0.322716
-0.32147
-0.32031
-0.319401
-0.318776
-0.318307
-0.317778
-0.316822
-0.315122
-0.312398
-0.308469
-0.303363
-0.297282
-0.290641
-0.28409
-0.278424
-0.274477
-0.272884
-0.273929
-0.277371
-0.282526
-0.288501
-0.294438
-0.299676
-0.303822
-0.306742
-0.308486
-0.309199
-0.309132
-0.308554
-0.307764
-0.307054
-0.306663
-0.306796
-0.307549
-0.308896
-0.310712
-0.312788
-0.314902
-0.316828
-0.318417
-0.319543
-0.320144
-0.320226
-0.31978
-0.318838
-0.317423
-0.315575
-0.313326
-0.310727
-0.307859
-0.304825
-0.301814
-0.299036
-0.296726
-0.295135
-0.294434
-0.294715
-0.295986
-0.298112
-0.30088
-0.304051
-0.307397
-0.310727
-0.313885
-0.316788
-0.319403
-0.321687
-0.323667
-0.325356
-0.326781
-0.327937
-0.328832
-0.32947
-0.329823
-0.329861
-0.329532
-0.328799
-0.327596
-0.325877
-0.323604
-0.320773
-0.317436
-0.313766
-0.309992
-0.306506
-0.303739
-0.302168
-0.302154
-0.303849
-0.307176
-0.311785
-0.317238
-0.323014
-0.328691
-0.333945
-0.338579
-0.342489
-0.345673
-0.348153
-0.34999
-0.351272
-0.352058
-0.352421
-0.352421
-0.352099
-0.351517
-0.35068
-0.349625
-0.34835
-0.346913
-0.345358
-0.34372
-0.342085
-0.340519
-0.339092
-0.337887
-0.33696
-0.336355
-0.336102
-0.336273
-0.336919
-0.338108
-0.339922
-0.342382
-0.345472
-0.349096
-0.35309
-0.357269
-0.361447
-0.365461
-0.369195
-0.372606
-0.375662
-0.378374
-0.380766
-0.38289
-0.38474
-0.386323
-0.387633
-0.388647
-0.389338
-0.389672
-0.389643
-0.389229
-0.388413
-0.387194
-0.38559
-0.383635
-0.381379
-0.378905
-0.376295
-0.373691
-0.371241
-0.369099
-0.367378
-0.366162
-0.365428
-0.365112
-0.3651
-0.365235
-0.365418
-0.365548
-0.365619
-0.365662
-0.36577
-0.36604
-0.366528
-0.367284
-0.368278
-0.369428
-0.370612
-0.371674
-0.372461
-0.372845
-0.372674
-0.371858
-0.37031
-0.367978
-0.364861
-0.361015
-0.356619
-0.35196
-0.347424
-0.343481
-0.340611
-0.339182
-0.339392
-0.341191
-0.344331
-0.348405
-0.352922
-0.357469
-0.36167
-0.365293
-0.368189
-0.370279
-0.371563
-0.372087
-0.371912
-0.371103
-0.36977
-0.367998
-0.365874
-0.363501
-0.360979
-0.358407
-0.355888
-0.35355
-0.351518
-0.349918
-0.348849
-0.348367
-0.348478
-0.34906
-0.349877
-0.350582
-0.350695
-0.349664
-0.346895
-0.341893
-0.334448
-0.324811
-0.313825
-0.302731
-0.29264
-0.284213
-0.277961
-0.274909
-0.276608
-0.284032
-0.296365
-0.311203
-0.325925
-0.338812
-0.349174
-0.357067
-0.36284
-0.366903
-0.369652
-0.371373
-0.372332
-0.372704
-0.372648
-0.37224
-0.371585
-0.370736
-0.36975
-0.368655
-0.367465
-0.366193
-0.364864
-0.363488
-0.362082
-0.360642
-0.359182
-0.357694
-0.356147
-0.354533
-0.352824
-0.35102
-0.349131
-0.347218
-0.345369
-0.343645
-0.342136
-0.340844
-0.339688
-0.338484
-0.336943
-0.334688
-0.33134
-0.32664
-0.320587
-0.313609
-0.306598
-0.300869
-0.297869
-0.298688
-0.303667
-0.312307
-0.323394
-0.335518
-0.347427
-0.358237
-0.367465
-0.374904
-0.38053
-0.384347
-0.3864
-0.386636
-0.385008
-0.381462
-0.376006
-0.36895
-0.360987
-0.353324
-0.347427
-0.344511
-0.344953
-0.348111
-0.352663
-0.357235
-0.360835
-0.362983
-0.363571
-0.362722
-0.360643
-0.357603
-0.353839
-0.349587
-0.345062
-0.34048
-0.33601
-0.331733
-0.327704
-0.323858
-0.320084
-0.316247
-0.312177
-0.307703
-0.302755
-0.297331
-0.291592
-0.285881
-0.280657
-0.276416
-0.273606
-0.272564
-0.273517
-0.276515
-0.28131
-0.287381
-0.293883
-0.29993
-0.304691
-0.307535
-0.308102
-0.306361
-0.302672
-0.297829
-0.292951
-0.289242
-0.28762
-0.288305
-0.290824
-0.294294
-0.297771
-0.300607
-0.302484
-0.303363
-0.303364
-0.302673
-0.30152
-0.300077
-0.298473
-0.296855
-0.295263
-0.293779
-0.292405
-0.291156
-0.290023
-0.288986
-0.288011
-0.287066
-0.286115
-0.285128
-0.284071
-0.282945
-0.281762
-0.280518
-0.279252
-0.27802
-0.276871
-0.275873
-0.275083
-0.274567
-0.274333
-0.274387
-0.274681
-0.275135
-0.275676
-0.276193
-0.276601
-0.276841
-0.276869
-0.276695
-0.276381
-0.276047
-0.275846
-0.275928
-0.276444
-0.277475
-0.279031
-0.281034
-0.28336
-0.285849
-0.28831
-0.290593
-0.29261
-0.294251
-0.295516
-0.29641
-0.296978
-0.297286
-0.297466
-0.297655
-0.298013
-0.298706
-0.299864
-0.301546
-0.303754
-0.306391
-0.309306
-0.312286
-0.315127
-0.317599
-0.319526
-0.320718
-0.321042
-0.320393
-0.3187
-0.315913
-0.312046
-0.307207
-0.301573
-0.29541
-0.289067
-0.28297
-0.277594
-0.273447
-0.271031
-0.27083
-0.273175
-0.278067
-0.285155
-0.293712
-0.302891
-0.311881
-0.320044
-0.326993
-0.332511
-0.336587
-0.339315
-0.340881
-0.341525
-0.341496
-0.341007
-0.340177
-0.339028
-0.337516
-0.335535
-0.333029
-0.329995
-0.326568
-0.32302
-0.319734
-0.317134
-0.315504
-0.314922
-0.31524
-0.316203
-0.317535
-0.31911
-0.320984
-0.32335
-0.326483
-0.330562
-0.335636
-0.341514
-0.347849
-0.354185
-0.360112
-0.365291
-0.369534
-0.372795
-0.375111
-0.376632
-0.377501
-0.377894
-0.377988
-0.377963
-0.377959
-0.378079
-0.378368
-0.378803
-0.379305
-0.379709
-0.379817
-0.379391
-0.378215
-0.376123
-0.373051
-0.369108
-0.364622
-0.360078
-0.356106
-0.353295
-0.352025
-0.352413
-0.35435
-0.357572
-0.361784
-0.366663
-0.371868
-0.377053
-0.381853
-0.385929
-0.389016
-0.390883
-0.391399
-0.390511
-0.388256
-0.384816
-0.380607
-0.376219
-0.372467
-0.3702
-0.370117
-0.372493
-0.377119
-0.383329
-0.39023
-0.396982
-0.402937
-0.407695
-0.411104
-0.413141
-0.413911
-0.41354
-0.412206
-0.410091
-0.407357
-0.404142
-0.40059
-0.396831
-0.392989
-0.389193
-0.385593
-0.382335
-0.379578
-0.377489
-0.376259
-0.376003
-0.376783
-0.378589
-0.381292
-0.384684
-0.388507
-0.392521
-0.396478
-0.400203
-0.403534
-0.406411
-0.408792
-0.41068
-0.412121
-0.413182
-0.413931
-0.414471
-0.414843
-0.415127
-0.415332
-0.415464
-0.415514
-0.415445
-0.415231
-0.414835
-0.414241
-0.413376
-0.412184
-0.410578
-0.408459
-0.405731
-0.402367
-0.39837
-0.393839
-0.388946
-0.383976
-0.379223
-0.374986
-0.371508
-0.368978
-0.367449
-0.366972
-0.367469
-0.368843
-0.371003
-0.373781
-0.377058
-0.380709
-0.384621
-0.388691
-0.392822
-0.396914
-0.400848
-0.404496
-0.407764
-0.410551
-0.412799
-0.41448
-0.415605
-0.416211
-0.416347
-0.416068
-0.415431
-0.414456
-0.413167
-0.411577
-0.409678
-0.40746
-0.404974
-0.402266
-0.399429
-0.396604
-0.393885
-0.391402
-0.38914
-0.387077
-0.385174
-0.383453
-0.382092
-0.381517
-0.382317
-0.384963
-0.389625
-0.395872
-0.402885
-0.409714
-0.415569
-0.419951
-0.42269
-0.423882
-0.423725
-0.422512
-0.42056
-0.418119
-0.415398
-0.412512
-0.409533
-0.406458
-0.403255
-0.399928
-0.396453
-0.392911
-0.389434
-0.386261
-0.383714
-0.382188
-0.382021
-0.38346
-0.386529
-0.391004
-0.396478
-0.402469
-0.408502
-0.414232
-0.419429
-0.423971
-0.427864
-0.431111
-0.433761
-0.435851
-0.437421
-0.438457
-0.438953
-0.438906
-0.438345
-0.437316
-0.435933
-0.434346
-0.432751
-0.43132
-0.430152
-0.429216
-0.428282
-0.426961
-0.42475
-0.421139
-0.415771
-0.408613
-0.400143
-0.391411
-0.383906
-0.37907
-0.377795
-0.380066
-0.385071
-0.391638
-0.398622
-0.405164
-0.410766
-0.415295
-0.418808
-0.421499
-0.423647
-0.425456
-0.4271
-0.428701
-0.430301
-0.431892
-0.433457
-0.43494
-0.436251
-0.437311
-0.438019
-0.438261
-0.437927
-0.436967
-0.435344
-0.433081
-0.430287
-0.427141
-0.423858
-0.420708
-0.417897
-0.415529
-0.413605
-0.412062
-0.410821
-0.409915
-0.409555
-0.41004
-0.411641
-0.414434
-0.418134
-0.422233
-0.42608
-0.429127
-0.430997
-0.431578
-0.43095
-0.42941
-0.427355
-0.425206
-0.423417
-0.422358
-0.422324
-0.423454
-0.425697
-0.428821
-0.432355
-0.435766
-0.438544
-0.440297
-0.440795
-0.440032
-0.438126
-0.435323
-0.431919
-0.428182
-0.424349
-0.420593
-0.417034
-0.413712
-0.410647
-0.407769
-0.405016
-0.402393
-0.400097
-0.398599
-0.398503
-0.400247
-0.403785
-0.408355
-0.412556
-0.414563
-0.412491
-0.404836
-0.391377
-0.37466
-0.360789
-0.357062
-0.366449
-0.384907
-0.405344
-0.422679
-0.435233
-0.443425
-0.448375
-0.451142
-0.452518
-0.453017
-0.452948
-0.452493
-0.451741
-0.450721
-0.44945
-0.447943
-0.446187
-0.44423
-0.442062
-0.439728
-0.437257
-0.434687
-0.432007
-0.429195
-0.426195
-0.422924
-0.419235
-0.415013
-0.410098
-0.404392
-0.39784
-0.39047
-0.382493
-0.374277
-0.366381
-0.359531
-0.354562
-0.352235
-0.353073
-0.357237
-0.364456
-0.374073
-0.385169
-0.396807
-0.408093
-0.418365
-0.427155
-0.434189
-0.439391
-0.442739
-0.444312
-0.444205
-0.442558
-0.439574
-0.435441
-0.430428
-0.424793
-0.418823
-0.41271
-0.406557
-0.400297
-0.393808
-0.387023
-0.380148
-0.373824
-0.369126
-0.367249
-0.36894
-0.374097
-0.381738
-0.390502
-0.399125
-0.406744
-0.412948
-0.417675
-0.421072
-0.423355
-0.424791
-0.4256
-0.425979
-0.426065
-0.425945
-0.425644
-0.425156
-0.424415
-0.423336
-0.421799
-0.419682
-0.41686
-0.413241
-0.408772
-0.40352
-0.397672
-0.391553
-0.385652
-0.380551
-0.376807
-0.374845
-0.374857
-0.376744
-0.38014
-0.384555
-0.38948
-0.394451
-0.399108
-0.403189
-0.406492
-0.408883
-0.410215
-0.410408
-0.409418
-0.407254
-0.40404
-0.399993
-0.395436
-0.390786
-0.386477
-0.382874
-0.380183
-0.378438
-0.377569
-0.377362
-0.377684
-0.37843
-0.379586
-0.381164
-0.383223
-0.385737
-0.388664
-0.391884
-0.395245
-0.398559
-0.40168
-0.404503
-0.40696
-0.409026
-0.410733
-0.412128
-0.41329
-0.414319
-0.415323
-0.416375
-0.417564
-0.418918
-0.420454
-0.422123
-0.423843
-0.425489
-0.426928
-0.428016
-0.428594
-0.428563
-0.427868
-0.426512
-0.42462
-0.422395
-0.419595
-0.417734
-0.416724
-0.416881
-0.418361
-0.42111
-0.424903
-0.429375
-0.434111
-0.43875
-0.442953
-0.446453
-0.449031
-0.450506
-0.450657
-0.449285
-0.44613
-0.440935
-0.433417
-0.42338
-0.410861
-0.396447
-0.381639
-0.369024
-0.361597
-0.361236
-0.36755
-0.378021
-0.389557
-0.399806
-0.407655
-0.412878
-0.41579
-0.416932
-0.416977
-0.416638
-0.416574
-0.417265
-0.418848
-0.421054
-0.423394
-0.4254
-0.426827
-0.427768
-0.428577
-0.429694
-0.431448
-0.433957
-0.437094
-0.440588
-0.444071
-0.447204
-0.449692
-0.451306
-0.451855
-0.451161
-0.449019
-0.445248
-0.439782
-0.432794
-0.424828
-0.416848
-0.409993
-0.40512
-0.40239
-0.401204
-0.400604
-0.399821
-0.398606
-0.397219
-0.39622
-0.396072
-0.396958
-0.398739
-0.401104
-0.403679
-0.406241
-0.408707
-0.411143
-0.413717
-0.416599
-0.419955
-0.423826
-0.428194
-0.432917
-0.437809
-0.44264
-0.447192
-0.451305
-0.454839
-0.457692
-0.45979
-0.461023
-0.461297
-0.460445
-0.458266
-0.454526
-0.448945
-0.441279
-0.431377
-0.419216
-0.40514
-0.389824
-0.374351
-0.360156
-0.348635
-0.340933
-0.337658
-0.338868
-0.344285
-0.3534
-0.365489
-0.379571
-0.394411
-0.408686
-0.421276
-0.431425
-0.438748
-0.443126
-0.444538
-0.44293
-0.438196
-0.430172
-0.418877
-0.404878
-0.389846
-0.376683
-0.368716
-0.36788
-0.373425
-0.382454
-0.391753
-0.399173
-0.403855
-0.405802
-0.405403
-0.403205
-0.399745
-0.395557
-0.39112
-0.38687
-0.383154
-0.380205
-0.378077
-0.376744
-0.37603
-0.375746
-0.375696
-0.375727
-0.375773
-0.375811
-0.375887
-0.376086
-0.376478
-0.37716
-0.378156
-0.379506
-0.381161
-0.383082
-0.385173
-0.387313
-0.389407
-0.391298
-0.39286
-0.393919
-0.39428
-0.393708
-0.391937
-0.388683
-0.383736
-0.377081
-0.369087
-0.360752
-0.353633
-0.349403
-0.349129
-0.352664
-0.358757
-0.365753
-0.372332
-0.37774
-0.381821
-0.38474
-0.38681
-0.388382
-0.389719
-0.391033
-0.392452
-0.394033
-0.395794
-0.397702
-0.399723
-0.401797
-0.403881
-0.405935
-0.407928
-0.409818
-0.411587
-0.413213
-0.414672
-0.415924
-0.416949
-0.417715
-0.418186
-0.418316
-0.418079
-0.417447
-0.416402
-0.414922
-0.413028
-0.410758
-0.408146
-0.405254
-0.402129
-0.398803
-0.395279
-0.391507
-0.387471
-0.383125
-0.378569
-0.374015
-0.369833
-0.366502
-0.364458
-0.363952
-0.364985
-0.367321
-0.370625
-0.374612
-0.379149
-0.384248
-0.390016
-0.39649
-0.403581
-0.411043
-0.418478
-0.425467
-0.43167
-0.436793
-0.440648
-0.44313
-0.444155
-0.443665
-0.441616
-0.43801
-0.432916
-0.426561
-0.419381
-0.41208
-0.405451
-0.400212
-0.396713
-0.394816
-0.394005
-0.393655
-0.39336
-0.393035
-0.39294
-0.393467
-0.395015
-0.397729
-0.401444
-0.405739
-0.410092
-0.413967
-0.417016
-0.41902
-0.4199
-0.419694
-0.418485
-0.416393
-0.413603
-0.410286
-0.406722
-0.403305
-0.400511
-0.398897
-0.398895
-0.400666
-0.404046
-0.408559
-0.413579
-0.418537
-0.422995
-0.426739
-0.429683
-0.431885
-0.43341
-0.434385
-0.434938
-0.435157
-0.435132
-0.434909
-0.434504
-0.433916
-0.433126
-0.432078
-0.430721
-0.429033
-0.42704
-0.424823
-0.422563
-0.420463
-0.418759
-0.417594
-0.417002
-0.416909
-0.417106
-0.417447
-0.41782
-0.418221
-0.418729
-0.41944
-0.420426
-0.42169
-0.423161
-0.424707
-0.426174
-0.427479
-0.428589
-0.42957
-0.430542
-0.431687
-0.433137
-0.434992
-0.437269
-0.439915
-0.442774
-0.445711
-0.448563
-0.451192
-0.453499
-0.455461
-0.457063
-0.458332
-0.459351
-0.460185
-0.460906
-0.461555
-0.462142
-0.462661
-0.463115
-0.463524
-0.463955
-0.464498
-0.465282
-0.466416
-0.467912
-0.469709
-0.471596
-0.473284
-0.47446
-0.474839
-0.47416
-0.472259
-0.469019
-0.464439
-0.458569
-0.451584
-0.443653
-0.435043
-0.425977
-0.416762
-0.407795
-0.399631
-0.392907
-0.388132
-0.385356
-0.384127
-0.383809
-0.384274
-0.386376
-0.391579
-0.400751
-0.413201
-0.426932
-0.439748
-0.45022
-0.457884
-0.462879
-0.465605
-0.466458
-0.465792
-0.463932
-0.461238
-0.458299
-0.455817
-0.454521
-0.454936
-0.457135
-0.460687
-0.464829
-0.468709
-0.471599
-0.473025
-0.472763
-0.470792
-0.467272
-0.462511
-0.45697
-0.451236
-0.445903
-0.441528
-0.438477
-0.436903
-0.436722
-0.437725
-0.43967
-0.442287
-0.445418
-0.448899
-0.452617
-0.456475
-0.460373
-0.464223
-0.467934
-0.47144
-0.474686
-0.477644
-0.480293
-0.482611
-0.484634
-0.486355
-0.487803
-0.488977
-0.489893
-0.490523
-0.490869
-0.490844
-0.490388
-0.48936
-0.487605
-0.484942
-0.481168
-0.476115
-0.469743
-0.462194
-0.453948
-0.445834
-0.438872
-0.433944
-0.431386
-0.430874
-0.43166
-0.433046
-0.434699
-0.436825
-0.439881
-0.444318
-0.450232
-0.457289
-0.464849
-0.472189
-0.47869
-0.483908
-0.487643
-0.489821
-0.490511
-0.489832
-0.487987
-0.485192
-0.481738
-0.477929
-0.474085
-0.470534
-0.467539
-0.465299
-0.463907
-0.463336
-0.463399
-0.463869
-0.46448
-0.464981
-0.465192
-0.464988
-0.464329
-0.46323
-0.46177
-0.460059
-0.458247
-0.456546
-0.455137
-0.454231
-0.453975
-0.454447
-0.455621
-0.457401
-0.459589
-0.461978
-0.464311
-0.466348
-0.467902
-0.468837
-0.469067
-0.468548
-0.46728
-0.465306
-0.462665
-0.459456
-0.455826
-0.451896
-0.447879
-0.443956
-0.440336
-0.437192
-0.434636
-0.432742
-0.431483
-0.430791
-0.430563
-0.430697
-0.431101
-0.431689
-0.43241
-0.433189
-0.433945
-0.434601
-0.435083
-0.435332
-0.435315
-0.435053
-0.434633
-0.434176
-0.43382
-0.433717
-0.434003
-0.434756
-0.435976
-0.437615
-0.43954
-0.441592
-0.443607
-0.445433
-0.446928
-0.448028
-0.448642
-0.448765
-0.448359
-0.447451
-0.446059
-0.444204
-0.44191
-0.439229
-0.436214
-0.432953
-0.429496
-0.425972
-0.422461
-0.419038
-0.41576
-0.412659
-0.409769
-0.407125
-0.40481
-0.402933
-0.401645
-0.401095
-0.401407
-0.402648
-0.404782
-0.407709
-0.411254
-0.415203
-0.41931
-0.423359
-0.427182
-0.430615
-0.433597
-0.436034
-0.437925
-0.439268
-0.44008
-0.440406
-0.440267
-0.4397
-0.438749
-0.437468
-0.435873
-0.434025
-0.431969
-0.429746
-0.427395
-0.424925
-0.422328
-0.419542
-0.416518
-0.413197
-0.409603
-0.405863
-0.402261
-0.39921
-0.397189
-0.396576
-0.397544
-0.39995
-0.403458
-0.407536
-0.411633
-0.415293
-0.418174
-0.42012
-0.421064
-0.421115
-0.420447
-0.419353
-0.418145
-0.417191
-0.416769
-0.417044
-0.41804
-0.419637
-0.421653
-0.42388
-0.426149
-0.428374
-0.430496
-0.432497
-0.434342
-0.435997
-0.437373
-0.438393
-0.438998
-0.439158
-0.438903
-0.438329
-0.437557
-0.436796
-0.436182
-0.435856
-0.435866
-0.436214
-0.43682
-0.437536
-0.438203
-0.438661
-0.438807
-0.438575
-0.43793
-0.436893
-0.435485
-0.433738
-0.431668
-0.429253
-0.426418
-0.423104
-0.419275
-0.414999
-0.410477
-0.40614
-0.40257
-0.400397
-0.400114
-0.401895
-0.405516
-0.410463
-0.416026
-0.421546
-0.426457
-0.430365
-0.433038
-0.434368
-0.434378
-0.433153
-0.4308
-0.427353
-0.422738
-0.416758
-0.409225
-0.400203
-0.390354
-0.380977
-0.373656
-0.3696
-0.369238
-0.372309
-0.378302
-0.386625
-0.396456
-0.406785
-0.416613
-0.425198
-0.43216
-0.437419
-0.441074
-0.443294
-0.444257
-0.444088
-0.442915
-0.440829
-0.437958
-0.43444
-0.430442
-0.426187
-0.421956
-0.418006
-0.414591
-0.411904
-0.410042
-0.408997
-0.408658
-0.408842
-0.409335
-0.409941
-0.410515
-0.410963
-0.411278
-0.411544
-0.411892
-0.412493
-0.413446
-0.414817
-0.416567
-0.418564
-0.420606
-0.422483
-0.423999
-0.424998
-0.425365
-0.425012
-0.4239
-0.422013
-0.419341
-0.41592
-0.411791
-0.407051
-0.401866
-0.396453
-0.391127
-0.386227
-0.382078
-0.378919
-0.37685
-0.375852
-0.375834
-0.376752
-0.378631
-0.381596
-0.385762
-0.391115
-0.397455
-0.404392
-0.411439
-0.418125
-0.4241
-0.429113
-0.433093
-0.436033
-0.437998
-0.439117
-0.439511
-0.439311
-0.438662
-0.437682
-0.436481
-0.435167
-0.433823
-0.432518
-0.431294
-0.430172
-0.429186
-0.428329
-0.427616
-0.427042
-0.426596
-0.426205
-0.425722
-0.424934
-0.423581
-0.421336
-0.417935
-0.413214
-0.407144
-0.399896
-0.391858
-0.383651
-0.376024
-0.369797
-0.365682
-0.364081
-0.365035
-0.368171
-0.372835
-0.378326
-0.384049
-0.389598
-0.39474
-0.399309
-0.403123
-0.40593
-0.40742
-0.407323
-0.405481
-0.402017
-0.39751
-0.393034
-0.389896
-0.389172
-0.391142
-0.395135
-0.399835
-0.403871
-0.40622
-0.406386
-0.404372
-0.400567
-0.395696
-0.390652
-0.386343
-0.383422
-0.382131
-0.382198
-0.38312
-0.384306
-0.385312
-0.385887
-0.385986
-0.385672
-0.385066
-0.384269
-0.383357
-0.382379
-0.381328
-0.380236
-0.379087
-0.377899
-0.376702
-0.375551
-0.374508
-0.373618
-0.372946
-0.372527
-0.372379
-0.372481
-0.372856
-0.373499
-0.374423
-0.37561
-0.377029
-0.378663
-0.380463
-0.382356
-0.384272
-0.386144
-0.387918
-0.389525
-0.390942
-0.392129
-0.39308
-0.393769
-0.394206
-0.394388
-0.394318
-0.394011
-0.39345
-0.392639
-0.391585
-0.390301
-0.388823
-0.38718
-0.385412
-0.383595
-0.381806
-0.380114
-0.378597
-0.37732
-0.376307
-0.375595
-0.375167
-0.374976
-0.37495
-0.375011
-0.375063
-0.375014
-0.374729
-0.37406
-0.372827
-0.370844
-0.368005
-0.364379
-0.360442
-0.357085
-0.355439
-0.356443
-0.360326
-0.366483
-0.373736
-0.380937
-0.387268
-0.392381
-0.396266
-0.399112
-0.401149
-0.402582
-0.403565
-0.404173
-0.404446
-0.404413
-0.404087
-0.40349
-0.402677
-0.401712
-0.400651
-0.399597
-0.398663
-0.397935
-0.397489
-0.397384
-0.397651
-0.398287
-0.39925
-0.400496
-0.401961
-0.403512
-0.405064
-0.406502
-0.407725
-0.408628
-0.409129
-0.40914
-0.40864
-0.407614
-0.406081
-0.404141
-0.401932
-0.399657
-0.397546
-0.395863
-0.394805
-0.39452
-0.395063
-0.396366
-0.398271
-0.400523
-0.402838
-0.404915
-0.40647
-0.407305
-0.407247
-0.406224
-0.404268
-0.401532
-0.398297
-0.394989
-0.392122
-0.390159
-0.389437
-0.390089
-0.391972
-0.394767
-0.398035
-0.40134
-0.404311
-0.406653
-0.408188
-0.408804
-0.408492
-0.407332
-0.405525
-0.403395
-0.401396
-0.400017
-0.39963
-0.400404
-0.402248
-0.404808
-0.407676
-0.410404
-0.412709
-0.414416
-0.415458
-0.415894
-0.415811
-0.415296
-0.414456
-0.413361
-0.412041
-0.410552
-0.408867
-0.406969
-0.404832
-0.402437
-0.399775
-0.396895
-0.393855
-0.390787
-0.387877
-0.385339
-0.38342
-0.382333
-0.382187
-0.382991
-0.384623
-0.386871
-0.389458
-0.392135
-0.394661
-0.3969
-0.398742
-0.400148
-0.401128
-0.401739
-0.40186
-0.401698
-0.40131
-0.400745
-0.40003
-0.399209
-0.398287
-0.397305
-0.396268
-0.39522
-0.39418
-0.393211
-0.39233
-0.391548
-0.390838
-0.390087
-0.389138
-0.387748
-0.385683
-0.382823
-0.379251
-0.375439
-0.372252
-0.370754
-0.371759
-0.375373
-0.380932
-0.387297
-0.393352
-0.398427
-0.402336
-0.405295
-0.407644
-0.409693
-0.411588
-0.413253
-0.414456
-0.414956
-0.414507
-0.412933
-0.410221
-0.406427
-0.401769
-0.396584
-0.391313
-0.386527
-0.382843
-0.380805
-0.380745
-0.382724
-0.386451
-0.39141
-0.397002
-0.402651
-0.407961
-0.41265
-0.416578
-0.419716
-0.422067
-0.423678
-0.424575
-0.424841
-0.424536
-0.42373
-0.422489
-0.420864
-0.418882
-0.416568
-0.414009
-0.411363
-0.408922
-0.407038
-0.406063
-0.406301
-0.407833
-0.410477
-0.41384
-0.41734
-0.42036
-0.422303
-0.422705
-0.421294
-0.418003
-0.412949
-0.406509
-0.399156
-0.391469
-0.383974
-0.37712
-0.371257
-0.366805
-0.364235
-0.364042
-0.366468
-0.371344
-0.378127
-0.386091
-0.394482
-0.402737
-0.410458
-0.417428
-0.423542
-0.428745
-0.433098
-0.436621
-0.439372
-0.441397
-0.442712
-0.443308
-0.443144
-0.442125
-0.440163
-0.437135
-0.432999
-0.427799
-0.421823
-0.415643
-0.4101
-0.406151
-0.404518
-0.405393
-0.408405
-0.412736
-0.417512
-0.422051
-0.425964
-0.429107
-0.431518
-0.433314
-0.434632
-0.435596
-0.436294
-0.436802
-0.437145
-0.437342
-0.437394
-0.437313
-0.437077
-0.436692
-0.436164
-0.435503
-0.434703
-0.433812
-0.432856
-0.431871
-0.430873
-0.429897
-0.428952
-0.42806
-0.427238
-0.42649
-0.42583
-0.425258
-0.424749
-0.42425
-0.423709
-0.423045
-0.422196
-0.421101
-0.41971
-0.417984
-0.415961
-0.413667
-0.411169
-0.408559
-0.405913
-0.403322
-0.4009
-0.398772
-0.397106
-0.396103
-0.395937
-0.396724
-0.398478
-0.401096
-0.404347
-0.40796
-0.411696
-0.415354
-0.418819
-0.422032
-0.424969
-0.427622
-0.430002
-0.4321
-0.433902
-0.435392
-0.43656
-0.437386
-0.437865
-0.437996
-0.437774
-0.437217
-0.436375
-0.435264
-0.433966
-0.432538
-0.431078
-0.429651
-0.428352
-0.427215
-0.426284
-0.425546
-0.424997
-0.424597
-0.4243
-0.424065
-0.423821
-0.423521
-0.423078
-0.42243
-0.421506
-0.420241
-0.418596
-0.416582
-0.414246
-0.411683
-0.409065
-0.40657
-0.404383
-0.40267
-0.401553
-0.401145
-0.401499
-0.402645
-0.404593
-0.407341
-0.410816
-0.414861
-0.419205
-0.423458
-0.427226
-0.430116
-0.431811
-0.432065
-0.430737
-0.427755
-0.42312
-0.416901
-0.409404
-0.401193
-0.393227
-0.386726
-0.382839
-0.382177
-0.384545
-0.38908
-0.394647
-0.40022
-0.405094
-0.408909
-0.411533
-0.412997
-0.413481
-0.413247
-0.412659
-0.412081
-0.411822
-0.411983
-0.412463
-0.412967
-0.413148
-0.412667
-0.411274
-0.408872
-0.405497
-0.401295
-0.396543
-0.391602
-0.386897
-0.382894
-0.380037
-0.378637
-0.378833
-0.380521
-0.383408
-0.387091
-0.391116
-0.395081
-0.398669
-0.40168
-0.403965
-0.405468
-0.406184
-0.406124
-0.405351
-0.40392
-0.401949
-0.399532
-0.396828
-0.394008
-0.391272
-0.388822
-0.386825
-0.385404
-0.384596
-0.384363
-0.384585
-0.38508
-0.385628
-0.386005
-0.386056
-0.385697
-0.384963
-0.384003
-0.383108
-0.382593
-0.382797
-0.383902
-0.385947
-0.388731
-0.391928
-0.395175
-0.398093
-0.400432
-0.402005
-0.402748
-0.402654
-0.401758
-0.400169
-0.397982
-0.395324
-0.39234
-0.389141
-0.38583
-0.382466
-0.379067
-0.375606
-0.372108
-0.36858
-0.365117
-0.361875
-0.359119
-0.357153
-0.356293
-0.356774
-0.358707
-0.362053
-0.366609
-0.372075
-0.378085
-0.384279
-0.390359
-0.396073
-0.401258
-0.405805
-0.409677
-0.412886
-0.415462
-0.417473
-0.419021
-0.420225
-0.421228
-0.422156
-0.423117
-0.424181
-0.425377
-0.426636
-0.427854
-0.428897
-0.429606
-0.429829
-0.429462
-0.42842
-0.426683
-0.424314
-0.42139
-0.418069
-0.414535
-0.410986
-0.4076
-0.404522
-0.401833
-0.399617
-0.39798
-0.39701
-0.396889
-0.397697
-0.399411
-0.401837
-0.404648
-0.40744
-0.409856
-0.411661
-0.412735
-0.413051
-0.412669
-0.411698
-0.410246
-0.408446
-0.406396
-0.404261
-0.40222
-0.400496
-0.399352
-0.399062
-0.399859
-0.40185
-0.404974
-0.409011
-0.41358
-0.41828
-0.422709
-0.426577
-0.42971
-0.432026
-0.433534
-0.434291
-0.434406
-0.433972
-0.433075
-0.431802
-0.430219
-0.428362
-0.426223
-0.42379
-0.421071
-0.418085
-0.414878
-0.411598
-0.408448
-0.405718
-0.403665
-0.40252
-0.402355
-0.403136
-0.404683
-0.406719
-0.408978
-0.411228
-0.413288
-0.415071
-0.416511
-0.417597
-0.418341
-0.418789
-0.418979
-0.418913
-0.418633
-0.418141
-0.417447
-0.416536
-0.415377
-0.413973
-0.4123
-0.41032
-0.408003
-0.405342
-0.402353
-0.399055
-0.395483
-0.391766
-0.387993
-0.384292
-0.380831
-0.37777
-0.375276
-0.373499
-0.372574
-0.372613
-0.373622
-0.375585
-0.37838
-0.381824
-0.38569
-0.389724
-0.393718
-0.397465
-0.400837
-0.403792
-0.406275
-0.408307
-0.409912
-0.411112
-0.411931
-0.412373
-0.412439
-0.412109
-0.411365
-0.410185
-0.408596
-0.406611
-0.404335
-0.401916
-0.399534
-0.397461
-0.39592
-0.395106
-0.395118
-0.395918
-0.397377
-0.399244
-0.401216
-0.402971
-0.404137
-0.404321
-0.403099
-0.4001
-0.395026
-0.387921
-0.37935
-0.370564
-0.363318
-0.359153
-0.358632
-0.361089
-0.365203
-0.369874
-0.374672
-0.379716
-0.385267
-0.391341
-0.397639
-0.403687
-0.409028
-0.413322
-0.416437
-0.418343
-0.419156
-0.419043
-0.418249
-0.417039
-0.415718
-0.41456
-0.413789
-0.413564
-0.41396
-0.414902
-0.416274
-0.417912
-0.419635
-0.421276
-0.422719
-0.423847
-0.42455
-0.424737
-0.424319
-0.423217
-0.421393
-0.418865
-0.415779
-0.412396
-0.409136
-0.406473
-0.404792
-0.404192
-0.40442
-0.404874
-0.40478
-0.403461
-0.400579
-0.396416
-0.391873
-0.388404
-0.387509
-0.390067
-0.395927
-0.404004
-0.412845
-0.421178
-0.428218
-0.43366
-0.437532
-0.440032
-0.441446
-0.442051
-0.442083
-0.441706
-0.441063
-0.440216
-0.439205
-0.438021
-0.436659
-0.435092
-0.433297
-0.431277
-0.429034
-0.426565
-0.423904
-0.421082
-0.418137
-0.41511
-0.412011
-0.408827
-0.405571
-0.402223
-0.398818
-0.395486
-0.392476
-0.390164
-0.389014
-0.389367
-0.391376
-0.394868
-0.399397
-0.404394
-0.409315
-0.413765
-0.417496
-0.420433
-0.422585
-0.424017
-0.4248
-0.425029
-0.424766
-0.424035
-0.42286
-0.421224
-0.419076
-0.416358
-0.413008
-0.408922
-0.404056
-0.398373
-0.391942
-0.384907
-0.37756
-0.370388
-0.363918
-0.358714
-0.355274
-0.353838
-0.354368
-0.356551
-0.359908
-0.363907
-0.368034
-0.371879
-0.37519
-0.377831
-0.379814
-0.381202
-0.382155
-0.382865
-0.383534
-0.384342
-0.385394
-0.386755
-0.388411
-0.390271
-0.39218
-0.393978
-0.395478
-0.396529
-0.397011
-0.396837
-0.395921
-0.394239
-0.391744
-0.388423
-0.384281
-0.379376
-0.373903
-0.368184
-0.362725
-0.358086
-0.354747
-0.352903
-0.352408
-0.352853
-0.35377
-0.354774
-0.355636
-0.356261
-0.356625
-0.356666
-0.356358
-0.355658
-0.354599
-0.353367
-0.352254
-0.351666
-0.351918
-0.35309
-0.354943
-0.356966
-0.358546
-0.359187
-0.358601
-0.356823
-0.354125
-0.35102
-0.348128
-0.346044
-0.345241
-0.345893
-0.347917
-0.350978
-0.354618
-0.358353
-0.361769
-0.364531
-0.366439
-0.367362
-0.367244
-0.366116
-0.364046
-0.361196
-0.357795
-0.354142
-0.350599
-0.34752
-0.345228
-0.343905
-0.343565
-0.344088
-0.345216
-0.346682
-0.348202
-0.349581
-0.350708
-0.351559
-0.352167
-0.352596
-0.352939
-0.353264
-0.353636
-0.354098
-0.354649
-0.355287
-0.355997
-0.356758
-0.357556
-0.358363
-0.359181
-0.360002
-0.360827
-0.361654
-0.362446
-0.363155
-0.363732
-0.364052
-0.364001
-0.363406
-0.362105
-0.359921
-0.356749
-0.352633
-0.347819
-0.342886
-0.338609
-0.335887
-0.335356
-0.337129
-0.340787
-0.345564
-0.350659
-0.355465
-0.359599
-0.362904
-0.365317
-0.366855
-0.367522
-0.367316
-0.366247
-0.364308
-0.361507
-0.357894
-0.353591
-0.348829
-0.343999
-0.33963
-0.336272
-0.334414
-0.334277
-0.335746
-0.338464
-0.34198
-0.345855
-0.3498
-0.353641
-0.3572
-0.360308
-0.36275
-0.364251
-0.364571
-0.363585
-0.361358
-0.358185
-0.35466
-0.351562
-0.349663
-0.349459
-0.351029
-0.353999
-0.35776
-0.361713
-0.365463
-0.368825
-0.371784
-0.374335
-0.376455
-0.378065
-0.379024
-0.379239
-0.378665
-0.377395
-0.375621
-0.373679
-0.371975
-0.370945
-0.370948
-0.372203
-0.374701
-0.37822
-0.382337
-0.386584
-0.390444
-0.393491
-0.395401
-0.395894
-0.394766
-0.391784
-0.386695
-0.37917
-0.368798
-0.355268
-0.338607
-0.3197
-0.300795
-0.285496
-0.277624
-0.279099
-0.288642
-0.302554
-0.316938
-0.329252
-0.338725
-0.345762
-0.351244
-0.355884
-0.359934
-0.363188
-0.365132
-0.365285
-0.363285
-0.359044
-0.352808
-0.345103
-0.336764
-0.328851
-0.322547
-0.318864
-0.318403
-0.321131
-0.326358
-0.332998
-0.339911
-0.346165
-0.351218
-0.354855
-0.357106
-0.358125
-0.358141
-0.357365
-0.355994
-0.354191
-0.352097
-0.349842
-0.347502
-0.345189
-0.342967
-0.340906
-0.339049
-0.33745
-0.336129
-0.335086
-0.334321
-0.333807
-0.333494
-0.333335
-0.333272
-0.333267
-0.333259
-0.333216
-0.333088
-0.332861
-0.332515
-0.332057
-0.331493
-0.330849
-0.330112
-0.329304
-0.328429
-0.327457
-0.326388
-0.325146
-0.323671
-0.321923
-0.319888
-0.317696
-0.315525
-0.313714
-0.312667
-0.312769
-0.314267
-0.317179
-0.321276
-0.326176
-0.331444
-0.336705
-0.341666
-0.346178
-0.350168
-0.353617
-0.356541
-0.358959
-0.360881
-0.362346
-0.363369
-0.363962
-0.36416
-0.364034
-0.363683
-0.363245
-0.362848
-0.36264
-0.362753
-0.363245
-0.364094
-0.365215
-0.366421
-0.367455
-0.367988
-0.367644
-0.366005
-0.362782
-0.357929
-0.351955
-0.346034
-0.341837
-0.340789
-0.343275
-0.348366
-0.354275
-0.359331
-0.362482
-0.363501
-0.362735
-0.360844
-0.358583
-0.356605
-0.355372
-0.355116
-0.3559
-0.357622
-0.360086
-0.363058
-0.366305
-0.369607
-0.372863
-0.376051
-0.379264
-0.382604
-0.386144
-0.389936
-0.393915
-0.397959
-0.401866
-0.405412
-0.408372
-0.410526
-0.411684
-0.411726
-0.410621
-0.408421
-0.405335
-0.401744
-0.398148
-0.395135
-0.393251
-0.392794
-0.393795
-0.395974
-0.398865
-0.401913
-0.40452
-0.406235
-0.406668
-0.4056
-0.402981
-0.399001
-0.394056
-0.388732
-0.383665
-0.379448
-0.376441
-0.37473
-0.374154
-0.374383
-0.375043
-0.37579
-0.376398
-0.37683
-0.377213
-0.377832
-0.378959
-0.380746
-0.383066
-0.385571
-0.387518
-0.38911
-0.390248
-0.390937
-0.391236
-0.391275
-0.391245
-0.391375
-0.391834
-0.392715
-0.393912
-0.395166
-0.396153
-0.396598
-0.396351
-0.395386
-0.393844
-0.391948
-0.389993
-0.388282
-0.387092
-0.386615
-0.386934
-0.38798
-0.3896
-0.391601
-0.39375
-0.395874
-0.397838
-0.399566
-0.401024
-0.402227
-0.403198
-0.403981
-0.404599
-0.405093
-0.405488
-0.405804
-0.406048
-0.406203
-0.406263
-0.406212
-0.406039
-0.405715
-0.405247
-0.40463
-0.403863
-0.402971
-0.401978
-0.400843
-0.399507
-0.397806
-0.395459
-0.392022
-0.386947
-0.379719
-0.370038
-0.358257
-0.34581
-0.335263
-0.329556
-0.330475
-0.337626
-0.348776
-0.361214
-0.372959
-0.382953
-0.390915
-0.396931
-0.401292
-0.404277
-0.406171
-0.407184
-0.407491
-0.407213
-0.406434
-0.405204
-0.403567
-0.401551
-0.399143
-0.396386
-0.39327
-0.389813
-0.386003
-0.381824
-0.377263
-0.372296
-0.366953
-0.361342
-0.355778
-0.350785
-0.347098
-0.345511
-0.346619
-0.350566
-0.356975
-0.36498
-0.373533
-0.381616
-0.388414
-0.393377
-0.396203
-0.396826
-0.395436
-0.392453
-0.388487
-0.384264
-0.380352
-0.376992
-0.373989
-0.370877
-0.367119
-0.362485
-0.357239
-0.352126
-0.34826
-0.346683
-0.34797
-0.351919
-0.357698
-0.36421
-0.370504
-0.375954
-0.380222
-0.383216
-0.384954
-0.385556
-0.385196
-0.38403
-0.382277
-0.380133
-0.37776
-0.375264
-0.372691
-0.370046
-0.367331
-0.364586
-0.361925
-0.359557
-0.357746
-0.356788
-0.356894
-0.358094
-0.360253
-0.36304
-0.366062
-0.368932
-0.371359
-0.373168
-0.374354
-0.37502
-0.375349
-0.375541
-0.375825
-0.376333
-0.377176
-0.378384
-0.37994
-0.381761
-0.383694
-0.385544
-0.387077
-0.388022
-0.388152
-0.387299
-0.385403
-0.382567
-0.379045
-0.37517
-0.371377
-0.367993
-0.365205
-0.363032
-0.361396
-0.360147
-0.359177
-0.358416
-0.357874
-0.357666
-0.358016
-0.359231
-0.3616
-0.365252
-0.370134
-0.375953
-0.382292
-0.388688
-0.394742
-0.400173
-0.404809
-0.408587
-0.411498
-0.413573
-0.414834
-0.415311
-0.414956
-0.413688
-0.411359
-0.40775
-0.402649
-0.395919
-0.387716
-0.3787
-0.370173
-0.363939
-0.361584
-0.363678
-0.369446
-0.377246
-0.385411
-0.392854
-0.399116
-0.40422
-0.408372
-0.411788
-0.414641
-0.41702
-0.418966
-0.420497
-0.421637
-0.422427
-0.422982
-0.423395
-0.423825
-0.424385
-0.425176
-0.426255
-0.427637
-0.429297
-0.431116
-0.433003
-0.434799
-0.436362
-0.437559
-0.438303
-0.438569
-0.438394
-0.437941
-0.437433
-0.437146
-0.437386
-0.438385
-0.440268
-0.443013
-0.446429
-0.450266
-0.454216
-0.458022
-0.461469
-0.464399
-0.46673
-0.468404
-0.469413
-0.46973
-0.469356
-0.468323
-0.46663
-0.464337
-0.461568
-0.458529
-0.455519
-0.452891
-0.451021
-0.450169
-0.450417
-0.451615
-0.453445
-0.455499
-0.457367
-0.458745
-0.459395
-0.459174
-0.458006
-0.455829
-0.452532
-0.448056
-0.442443
-0.435876
-0.428797
-0.421874
-0.415849
-0.411357
-0.408763
-0.40812
-0.409268
-0.41192
-0.415738
-0.420387
-0.42556
-0.431032
-0.436608
-0.442163
-0.447597
-0.452827
-0.45779
-0.462408
-0.466623
-0.470399
-0.473718
-0.476589
-0.479044
-0.481156
-0.482961
-0.484538
-0.485904
-0.487121
-0.488204
-0.489136
-0.489893
-0.490427
-0.490695
-0.490618
-0.490116
-0.4891
-0.487492
-0.485227
-0.482232
-0.478448
-0.473822
-0.468368
-0.462149
-0.455412
-0.448667
-0.442731
-0.438651
-0.437352
-0.439177
-0.443749
-0.45003
-0.456856
-0.463284
-0.468797
-0.47322
-0.476629
-0.479247
-0.481257
-0.482855
-0.48415
-0.485224
-0.486116
-0.486892
-0.487635
-0.488427
-0.489334
-0.490369
-0.491466
-0.492455
-0.493093
-0.493069
-0.492084
-0.489925
-0.486416
-0.481614
-0.475796
-0.469546
-0.463747
-0.459427
-0.457452
-0.458241
-0.461557
-0.466723
-0.47284
-0.479098
-0.484917
-0.489991
-0.494171
-0.497476
-0.499934
-0.50165
-0.502744
-0.503301
-0.503414
-0.503177
-0.502666
-0.50195
-0.501086
-0.500145
-0.499222
-0.498484
-0.498099
-0.498303
-0.499276
-0.501129
-0.50379
-0.507088
-0.510719
-0.514381
-0.517801
-0.520715
-0.52292
-0.524219
-0.52443
-0.523339
-0.520727
-0.516352
-0.510025
-0.501682
-0.49162
-0.480658
-0.470197
-0.461992
-0.457448
-0.456904
-0.459552
-0.463946
-0.468741
-0.473191
-0.477113
-0.480657
-0.484002
-0.487124
-0.489864
-0.491928
-0.493034
-0.493011
-0.491848
-0.489654
-0.486683
-0.483242
-0.479627
-0.476136
-0.473046
-0.470525
-0.468655
-0.467445
-0.466786
-0.466513
-0.466456
-0.466452
-0.466388
-0.466224
-0.465944
-0.465533
-0.465023
-0.464408
-0.46369
-0.462886
-0.462025
-0.461156
-0.460332
-0.459614
-0.459055
-0.458672
-0.458442
-0.458321
-0.458245
-0.458134
-0.457884
-0.457427
-0.456701
-0.455604
-0.454086
-0.452113
-0.449669
-0.446813
-0.443693
-0.440491
-0.437476
-0.434905
-0.433006
-0.431878
-0.431513
-0.43178
-0.43246
-0.433287
-0.434
-0.434367
-0.434216
-0.433445
-0.432004
-0.429917
-0.427281
-0.42423
-0.420977
-0.417752
-0.414789
-0.41231
-0.410461
-0.409345
-0.408973
-0.409297
-0.41021
-0.411574
-0.413241
-0.415069
-0.416911
-0.418668
-0.420276
-0.42168
-0.422844
-0.423749
-0.424404
-0.424817
-0.42499
-0.424967
-0.42475
-0.424376
-0.423872
-0.423235
-0.422515
-0.421715
-0.420871
-0.42001
-0.419186
-0.418431
-0.417806
-0.417347
-0.417114
-0.41713
-0.417395
-0.417847
-0.418425
-0.41905
-0.419582
-0.419938
-0.420016
-0.419712
-0.418944
-0.417677
-0.415896
-0.413618
-0.41091
-0.407876
-0.40466
-0.401445
-0.398461
-0.395916
-0.393979
-0.392773
-0.392347
-0.392652
-0.393568
-0.394934
-0.396571
-0.398333
-0.400067
-0.401677
-0.403106
-0.404328
-0.405368
-0.406237
-0.406996
-0.40768
-0.408331
-0.408993
-0.40968
-0.410386
-0.411075
-0.411708
-0.412188
-0.412419
-0.412261
-0.411548
-0.410121
-0.407815
-0.404492
-0.400083
-0.394678
-0.388566
-0.38231
-0.376756
-0.372879
-0.371491
-0.372982
-0.377043
-0.382854
-0.389373
-0.39567
-0.401116
-0.405437
-0.408622
-0.41084
-0.412298
-0.41325
-0.413854
-0.414199
-0.414264
-0.413885
-0.412876
-0.411043
-0.40833
-0.404905
-0.40125
-0.39814
-0.396404
-0.396677
-0.399058
-0.403117
-0.408063
-0.413091
-0.417566
-0.421119
-0.423623
-0.425071
-0.425501
-0.424979
-0.423517
-0.421077
-0.417648
-0.413155
-0.407585
-0.400994
-0.393565
-0.385668
-0.377878
-0.370931
-0.365605
-0.362565
-0.362238
-0.364672
-0.369572
-0.37638
-0.384415
-0.392982
-0.401552
-0.409699
-0.417165
-0.423828
-0.429588
-0.434444
-0.438365
-0.441355
-0.443369
-0.444399
-0.444406
-0.443343
-0.441139
-0.437722
-0.432986
-0.426827
-0.419193
-0.41013
-0.399872
-0.388979
-0.378342
-0.369135
-0.362666
-0.359895
-0.36113
-0.365894
-0.373133
-0.381524
-0.389921
-0.397518
-0.403909
-0.408974
-0.412803
-0.415571
-0.417479
-0.418726
-0.41945
-0.419756
-0.419696
-0.419303
-0.418565
-0.417425
-0.415799
-0.413612
-0.410726
-0.407028
-0.402446
-0.396989
-0.39081
-0.384279
-0.377938
-0.372374
-0.368029
-0.364953
-0.362744
-0.360639
-0.357834
-0.35378
-0.348418
-0.342344
-0.336745
-0.333123
-0.332707
-0.335846
-0.341842
-0.34934
-0.356929
-0.363605
-0.36889
-0.372711
-0.375276
-0.376882
-0.377834
-0.378424
-0.378888
-0.379361
-0.379937
-0.380659
-0.381532
-0.382511
-0.383568
-0.38462
-0.385625
-0.386544
-0.387338
-0.38795
-0.388348
-0.388497
-0.388343
-0.387857
-0.386968
-0.385625
-0.38377
-0.381352
-0.37833
-0.374692
-0.370502
-0.365896
-0.361072
-0.356384
-0.352201
-0.348936
-0.346911
-0.346315
-0.347114
-0.349095
-0.351908
-0.355181
-0.358582
-0.361868
-0.3649
-0.367616
-0.370023
-0.372144
-0.374009
-0.375688
-0.377198
-0.378562
-0.379809
-0.380955
-0.381989
-0.38293
-0.38378
-0.384542
-0.385233
-0.385842
-0.386394
-0.386895
-0.387355
-0.38776
-0.388133
-0.388464
-0.388738
-0.388944
-0.389077
-0.389083
-0.388943
-0.388631
-0.388094
-0.387293
-0.386183
-0.38474
-0.382944
-0.380788
-0.37834
-0.375657
-0.372846
-0.370045
-0.367348
-0.36482
-0.362517
-0.360427
-0.358592
-0.357058
-0.355932
-0.355312
-0.355305
-0.355978
-0.357335
-0.359331
-0.361886
-0.364937
-0.368395
-0.372214
-0.376338
-0.380698
-0.385173
-0.389599
-0.393742
-0.397347
-0.400102
-0.401737
-0.40198
-0.400705
-0.397972
-0.394156
-0.389972
-0.386412
-0.384427
-0.384563
-0.386681
-0.389992
-0.393465
-0.396175
-0.39763
-0.397779
-0.396967
-0.395795
-0.394992
-0.395178
-0.396718
-0.399582
-0.403426
-0.407687
-0.411778
-0.415216
-0.417692
-0.419049
-0.419237
-0.418318
-0.416462
-0.413974
-0.411324
-0.409137
-0.408077
-0.40866
-0.411056
-0.414974
-0.419763
-0.424619
-0.428776
-0.431652
-0.432979
-0.432622
-0.430729
-0.42756
-0.423552
-0.419181
-0.414969
-0.411364
-0.408653
-0.406888
-0.405929
-0.405518
-0.405432
-0.405573
-0.405984
-0.406856
-0.408285
-0.410363
-0.412985
-0.41602
-0.41931
-0.42275
-0.426235
-0.429656
-0.432881
-0.4358
-0.438313
-0.440326
-0.441799
-0.442735
-0.443151
-0.443069
-0.442546
-0.441654
-0.440516
-0.439295
-0.438195
-0.437377
-0.436976
-0.436975
-0.437231
-0.437468
-0.437392
-0.436789
-0.435601
-0.433983
-0.432329
-0.431097
-0.430722
-0.431427
-0.433209
-0.435841
-0.439054
-0.442494
-0.445879
-0.448983
-0.451642
-0.453783
-0.45539
-0.45653
-0.457269
-0.457715
-0.457953
-0.458073
-0.458125
-0.458141
-0.458097
-0.457976
-0.457734
-0.457348
-0.456754
-0.455931
-0.454841
-0.453489
-0.451886
-0.450077
-0.448126
-0.44615
-0.44426
-0.442584
-0.441251
-0.440375
-0.440031
-0.440254
-0.441028
-0.442273
-0.443877
-0.445737
-0.447722
-0.449716
-0.451596
-0.453297
-0.454751
-0.455887
-0.456626
-0.456895
-0.456587
-0.455568
-0.453684
-0.450751
-0.446648
-0.441367
-0.435201
-0.428925
-0.423858
-0.421627
-0.423538
-0.429847
-0.43953
-0.450751
-0.461667
-0.470969
-0.477966
-0.482408
-0.484302
-0.483798
-0.481011
-0.476147
-0.469484
-0.461434
-0.452582
-0.443655
-0.435443
-0.428604
-0.423558
-0.420466
-0.419324
-0.420043
-0.422547
-0.426664
-0.432099
-0.438386
-0.44493
-0.451122
-0.456461
-0.460635
-0.463504
-0.46507
-0.465502
-0.464999
-0.463863
-0.462459
-0.461161
-0.460318
-0.460188
-0.460873
-0.462309
-0.464284
-0.466447
-0.468397
-0.469757
-0.470183
-0.469441
-0.467388
-0.464006
-0.459463
-0.454084
-0.448358
-0.442875
-0.43822
-0.434829
-0.432898
-0.432343
-0.432878
-0.434139
-0.435766
-0.437514
-0.43927
-0.441046
-0.442912
-0.444939
-0.447212
-0.449712
