1.76816
1.76816
1.76816
1.76816
1.76816
1.76816
1.76816
1.76816
1.76816
1.76816
1.76816
1.76815
1.76815
1.76813
1.76812
1.7681
1.76808
1.76807
1.76804
1.76801
1.76799
1.76797
1.76794
1.76792
1.76789
1.76786
1.76785
1.76782
1.76779
1.76776
1.76775
1.76773
1.7677
1.76767
1.76765
1.76764
1.76763
1.76759
1.76757
1.76756
1.76756
1.76755
1.76754
1.76753
1.76752
1.76751
1.76751
1.76748
1.76748
1.76747
1.76746
1.76744
1.76744
1.76744
1.76743
1.76743
1.76743
1.76742
1.76741
1.76741
1.7674
1.7674
1.76739
1.76738
1.76737
1.76736
1.76735
1.76735
1.76734
1.76733
1.76732
1.7673
1.7673
1.76728
1.76727
1.76725
1.76725
1.76723
1.76723
1.76722
1.76721
1.7672
1.76719
1.76718
1.76717
1.76716
1.76716
1.76717
1.76719
1.76722
1.76726
1.76733
1.76741
1.76749
1.76756
1.7676
1.76757
1.76745
1.76724
1.76698
1.76673
1.76654
1.76645
1.76645
1.76653
1.76664
1.76678
1.76693
1.7671
1.76727
1.76744
1.76762
1.76778
1.76788
1.76791
1.76785
1.7677
1.76747
1.76725
1.76702
1.76679
1.76657
1.76637
1.76625
1.76622
1.76627
1.7664
1.76659
1.76678
1.76694
1.76706
1.76714
1.76718
1.76723
1.76728
1.76734
1.76743
1.7675
1.76754
1.76752
1.76746
1.76737
1.76728
1.7672
1.76716
1.76716
1.76714
1.76711
1.76707
1.76699
1.76688
1.76675
1.76663
1.76652
1.76644
1.76638
1.76635
1.76637
1.76642
1.76652
1.76663
1.76677
1.76691
1.76704
1.76717
1.7673
1.76741
1.76752
1.76761
1.76771
1.76782
1.76795
1.76812
1.76828
1.76843
1.76854
1.76857
1.76853
1.76832
1.76783
1.76705
1.76619
1.76559
1.76539
1.76554
1.76587
1.76622
1.76649
1.7667
1.76684
1.76693
1.767
1.76703
1.76705
1.76707
1.76708
1.76709
1.7671
1.76711
1.76712
1.76716
1.7672
1.76728
1.76737
1.76749
1.76759
1.76767
1.7677
1.76766
1.76757
1.76743
1.76728
1.76713
1.76702
1.76693
1.76691
1.7669
1.76694
1.76699
1.76705
1.7671
1.76713
1.76714
1.76714
1.76715
1.76715
1.76717
1.76722
1.76729
1.76738
1.76748
1.76759
1.76769
1.76777
1.76782
1.7678
1.76773
1.76761
1.76751
1.76742
1.76735
1.7673
1.76724
1.76718
1.76711
1.76708
1.7671
1.76716
1.76726
1.76738
1.7675
1.7676
1.76771
1.7678
1.76784
1.76778
1.76761
1.76727
1.7668
1.76633
1.76599
1.76585
1.76589
1.76605
1.76626
1.76646
1.76665
1.7668
1.76693
1.76703
1.76711
1.7672
1.76726
1.76733
1.76741
1.76751
1.76759
1.7677
1.76781
1.76794
1.76807
1.76818
1.76826
1.76832
1.76833
1.76828
1.76818
1.76798
1.76769
1.76734
1.76697
1.76664
1.76643
1.76634
1.76638
1.76653
1.76676
1.76702
1.76732
1.76759
1.76775
1.76774
1.76751
1.76713
1.76671
1.76641
1.76631
1.76637
1.76653
1.7667
1.76687
1.76699
1.76708
1.76714
1.76718
1.76722
1.76724
1.76727
1.76729
1.76732
1.76737
1.76743
1.76751
1.76761
1.76772
1.76784
1.76794
1.76799
1.76798
1.76789
1.76774
1.76753
1.76731
1.7671
1.76692
1.76676
1.76661
1.7665
1.76643
1.76641
1.76643
1.76648
1.76657
1.76668
1.76677
1.76687
1.76696
1.76704
1.76711
1.76718
1.76723
1.7673
1.76735
1.76741
1.76745
1.76748
1.76751
1.76755
1.76762
1.76767
1.7677
1.76767
1.76756
1.76735
1.76707
1.76683
1.76668
1.76667
1.76676
1.76691
1.76704
1.76711
1.7671
1.76705
1.76698
1.76694
1.76696
1.76702
1.7671
1.76717
1.7672
1.76718
1.76711
1.767
1.76688
1.76678
1.76671
1.76669
1.76673
1.76682
1.76694
1.76707
1.7672
1.76734
1.76744
1.76754
1.7676
1.76763
1.76763
1.76756
1.76744
1.76727
1.76704
1.76679
1.76656
1.7664
1.76632
1.76633
1.76638
1.76648
1.76658
1.76669
1.76679
1.76686
1.76694
1.767
1.76706
1.7671
1.76713
1.76715
1.76719
1.76723
1.76725
1.76729
1.76733
1.76737
1.76739
1.7674
1.76741
1.76739
1.76734
1.7673
1.76726
1.76722
1.76719
1.76719
1.76722
1.76726
1.76731
1.76736
1.7674
1.76743
1.76744
1.76743
1.76741
1.76739
1.76735
1.7673
1.76725
1.76719
1.76714
1.76708
1.76705
1.76702
1.767
1.76698
1.76694
1.7669
1.76687
1.76686
1.76688
1.76693
1.76702
1.76713
1.76724
1.76735
1.76742
1.76747
1.76747
1.76745
1.7674
1.76732
1.76723
1.76711
1.76699
1.76689
1.7668
1.76674
1.7667
1.76669
1.7667
1.76673
1.76677
1.76683
1.76689
1.76694
1.767
1.76706
1.76714
1.7672
1.76727
1.76735
1.76745
1.76753
1.76759
1.76761
1.76755
1.7674
1.76721
1.76699
1.76682
1.7667
1.76666
1.76667
1.76674
1.76682
1.76692
1.76702
1.76712
1.76724
1.76738
1.76754
1.76773
1.76793
1.76814
1.76827
1.76828
1.76811
1.76775
1.76727
1.76678
1.76642
1.76628
1.76632
1.7665
1.76671
1.76687
1.76696
1.76697
1.76695
1.76693
1.76691
1.76691
1.7669
1.76691
1.76694
1.76695
1.76697
1.767
1.76704
1.76707
1.7671
1.76714
1.76721
1.76728
1.76736
1.76745
1.76754
1.76762
1.76767
1.76767
1.76759
1.76743
1.76721
1.76697
1.76676
1.76662
1.76657
1.76656
1.76662
1.7667
1.76679
1.76687
1.76697
1.76709
1.76719
1.7673
1.76739
1.76745
1.76748
1.76746
1.76741
1.76736
1.76729
1.76725
1.76723
1.76719
1.76713
1.76702
1.76689
1.76677
1.76668
1.76666
1.76669
1.76675
1.76684
1.76694
1.76704
1.76714
1.76723
1.76731
1.76737
1.76742
1.76742
1.7674
1.76733
1.76726
1.76717
1.76709
1.76704
1.76701
1.76702
1.76707
1.76715
1.76726
1.7674
1.76754
1.76763
1.76764
1.76753
1.76729
1.76699
1.76671
1.76651
1.76642
1.76647
1.76659
1.76678
1.767
1.76723
1.76747
1.76774
1.76802
1.76829
1.76852
1.76865
1.76861
1.76839
1.76804
1.76766
1.7673
1.76696
1.76661
1.76626
1.76597
1.7658
1.76578
1.7659
1.76613
1.76643
1.76672
1.76698
1.76717
1.76726
1.76729
1.76724
1.76717
1.76711
1.76709
1.76712
1.7672
1.76732
1.76746
1.76764
1.76782
1.76802
1.76822
1.76842
1.76859
1.7687
1.76872
1.7686
1.76833
1.76794
1.76751
1.76709
1.76672
1.76639
1.76616
1.76609
1.76617
1.7664
1.76671
1.767
1.76728
1.76751
1.76768
1.76776
1.76777
1.7677
1.76758
1.76743
1.76728
1.76718
1.76714
1.76717
1.76728
1.76742
1.76757
1.76765
1.7676
1.76741
1.76714
1.76686
1.76665
1.76658
1.7666
1.76671
1.76684
1.76697
1.76709
1.7672
1.76729
1.76737
1.76744
1.7675
1.76756
1.76759
1.7676
1.76758
1.76753
1.76746
1.76737
1.76728
1.76719
1.76711
1.76707
1.76705
1.76705
1.76708
1.76712
1.76716
1.76721
1.76725
1.76729
1.76732
1.76736
1.76738
1.76742
1.76746
1.76748
1.76749
1.76748
1.76746
1.76742
1.7674
1.76739
1.7674
1.76743
1.76747
1.76754
1.7676
1.76767
1.76775
1.76786
1.76794
1.768
1.76795
1.76777
1.76743
1.767
1.76659
1.7663
1.76617
1.76621
1.76636
1.76655
1.76676
1.76696
1.76713
1.76727
1.76739
1.76749
1.76758
1.76765
1.76772
1.76779
1.76784
1.76788
1.76789
1.76787
1.76783
1.76779
1.76775
1.76772
1.7677
1.76769
1.76764
1.76756
1.76745
1.76729
1.76714
1.76704
1.76697
1.76697
1.767
1.76704
1.76705
1.76702
1.76694
1.76685
1.76677
1.76674
1.76676
1.76683
1.76691
1.767
1.76707
1.76711
1.76714
1.76714
1.76711
1.76708
1.76704
1.76702
1.76699
1.76699
1.76698
1.76701
1.76703
1.76706
1.76711
1.76715
1.7672
1.76723
1.76727
1.76729
1.76731
1.76731
1.76732
1.76733
1.76735
1.76739
1.76744
1.76749
1.76751
1.7675
1.76747
1.76746
1.76749
1.76756
1.76765
1.76768
1.76762
1.7675
1.76738
1.76732
1.76736
1.76746
1.76753
1.76748
1.76728
1.76701
1.76679
1.76663
1.76656
1.76653
1.76653
1.76653
1.76655
1.76661
1.76669
1.76678
1.76688
1.76698
1.76707
1.76714
1.76718
1.76721
1.76723
1.76724
1.76725
1.76724
1.76724
1.76723
1.76723
1.76723
1.76723
1.76723
1.76723
1.76723
1.76724
1.76726
1.76727
1.7673
1.76732
1.76737
1.76741
1.76748
1.76755
1.76762
1.7677
1.76776
1.7678
1.76783
1.76783
1.76778
1.76766
1.76743
1.76713
1.76679
1.76652
1.76638
1.76641
1.76655
1.76674
1.76694
1.76713
1.76727
1.76736
1.76741
1.76741
1.76736
1.76729
1.76721
1.76713
1.76708
1.76705
1.76704
1.76708
1.76713
1.7672
1.76728
1.76736
1.76744
1.7675
1.76755
1.76758
1.76756
1.76751
1.76744
1.76733
1.76723
1.76712
1.76704
1.76702
1.76702
1.76704
1.76707
1.76711
1.76716
1.7672
1.76724
1.76727
1.76729
1.76731
1.76729
1.76729
1.76728
1.76728
1.76728
1.76727
1.76727
1.76729
1.76732
1.76735
1.7674
1.76747
1.76754
1.76765
1.76778
1.76793
1.76805
1.76811
1.76802
1.76773
1.76731
1.76684
1.76647
1.76628
1.76627
1.76639
1.76655
1.76672
1.76687
1.76699
1.76708
1.76715
1.7672
1.76723
1.76726
1.76729
1.76731
1.76733
1.76735
1.76737
1.7674
1.76741
1.76743
1.76745
1.76747
1.76748
1.7675
1.76751
1.76751
1.76751
1.76749
1.76747
1.7674
1.76733
1.76723
1.76714
1.76706
1.767
1.76695
1.76694
1.76695
1.76698
1.76704
1.76711
1.44156
1.44162
1.44168
1.44174
1.44178
1.4418
1.44178
1.44173
1.44165
1.44153
1.44141
1.44128
1.44118
1.44112
1.44109
1.4411
1.44114
1.4412
1.44129
1.44139
1.4415
1.44162
1.44176
1.44188
1.44198
1.44206
1.44211
1.44211
1.44208
1.44204
1.44198
1.44188
1.44174
1.44155
1.44133
1.4411
1.44093
1.44085
1.44089
1.44102
1.4412
1.4414
1.4416
1.44177
1.44192
1.44203
1.44211
1.44216
1.44219
1.44222
1.44223
1.44223
1.44221
1.44217
1.44209
1.44198
1.44186
1.44173
1.44161
1.44153
1.44152
1.44159
1.44174
1.44197
1.44227
1.4426
1.44285
1.44283
1.44242
1.44164
1.44083
1.44031
1.44022
1.44044
1.44077
1.4411
1.44137
1.44157
1.4417
1.44179
1.44185
1.4419
1.44192
1.4419
1.44186
1.44179
1.44172
1.44165
1.44159
1.44156
1.44157
1.4416
1.44166
1.44173
1.44182
1.44191
1.44199
1.44206
1.4421
1.44211
1.4421
1.44205
1.44195
1.44182
1.44168
1.44154
1.44141
1.44133
1.44129
1.44129
1.44131
1.44135
1.44139
1.44145
1.4415
1.44153
1.44156
1.44157
1.44158
1.44159
1.4416
1.44159
1.4416
1.44161
1.44163
1.44165
1.44169
1.44174
1.44179
1.44186
1.44193
1.44201
1.44208
1.44214
1.44218
1.44221
1.44225
1.44232
1.4424
1.44249
1.44256
1.44258
1.44254
1.44246
1.44238
1.44227
1.4421
1.44181
1.44139
1.44094
1.44058
1.44037
1.44034
1.44041
1.44054
1.4407
1.44086
1.441
1.44113
1.44124
1.44133
1.4414
1.44146
1.44151
1.44155
1.44159
1.44163
1.44167
1.4417
1.44172
1.44176
1.44178
1.44182
1.44184
1.44188
1.44191
1.44196
1.44203
1.4421
1.44219
1.44229
1.44241
1.44255
1.44269
1.4428
1.44283
1.44272
1.44243
1.44194
1.44136
1.44086
1.44054
1.44044
1.44048
1.44062
1.44079
1.44095
1.4411
1.44124
1.44135
1.44144
1.44152
1.44158
1.44162
1.44165
1.44167
1.44168
1.44167
1.44166
1.44165
1.44163
1.44162
1.44161
1.4416
1.4416
1.44159
1.44161
1.44161
1.44162
1.44163
1.44165
1.44166
1.44168
1.44169
1.4417
1.4417
1.44172
1.44173
1.44176
1.44179
1.44182
1.44183
1.44184
1.44184
1.44182
1.44177
1.44171
1.44165
1.4416
1.44156
1.44156
1.44157
1.4416
1.44164
1.44165
1.44166
1.44163
1.44159
1.44153
1.44146
1.44139
1.44134
1.44131
1.44129
1.44129
1.4413
1.44132
1.44134
1.44137
1.44141
1.44145
1.44151
1.44157
1.44163
1.44171
1.44176
1.4418
1.44183
1.44183
1.44183
1.44182
1.44182
1.44181
1.4418
1.44176
1.44168
1.44157
1.44144
1.44133
1.44128
1.44128
1.44134
1.44142
1.4415
1.44154
1.44153
1.44149
1.44141
1.44132
1.44126
1.44123
1.44124
1.4413
1.44142
1.44159
1.44182
1.44205
1.44227
1.44239
1.44236
1.44214
1.44174
1.44125
1.44082
1.44053
1.44043
1.4405
1.44067
1.44089
1.4411
1.44129
1.44144
1.44155
1.44162
1.4417
1.44175
1.44178
1.44181
1.44182
1.44182
1.44179
1.44173
1.44167
1.44161
1.44159
1.44161
1.44167
1.44177
1.44188
1.44198
1.44205
1.44206
1.44201
1.4419
1.44173
1.44154
1.44135
1.44117
1.44104
1.44096
1.44094
1.44098
1.44106
1.44115
1.44126
1.44135
1.44145
1.44153
1.44159
1.44164
1.44168
1.4417
1.44171
1.44172
1.4417
1.44167
1.44162
1.44159
1.44155
1.44152
1.44149
1.44147
1.44146
1.44145
1.44146
1.44147
1.44146
1.44147
1.44147
1.44148
1.44148
1.44148
1.44149
1.4415
1.44151
1.44152
1.44152
1.44153
1.44154
1.44156
1.44158
1.44159
1.44161
1.44162
1.44163
1.44164
1.44165
1.44166
1.44168
1.44169
1.44172
1.44175
1.44179
1.44183
1.44183
1.4418
1.44174
1.44163
1.44148
1.44132
1.44118
1.44108
1.44104
1.44103
1.44104
1.44109
1.44114
1.44119
1.44124
1.44129
1.44132
1.44135
1.44138
1.44139
1.44142
1.44146
1.44149
1.44153
1.44156
1.4416
1.44162
1.44164
1.44162
1.44159
1.44155
1.44149
1.44143
1.44136
1.4413
1.44125
1.44122
1.44121
1.44122
1.44124
1.44127
1.44131
1.44137
1.44143
1.44149
1.44157
1.44165
1.44172
1.4418
1.44187
1.44191
1.44189
1.44184
1.44172
1.44152
1.44131
1.44112
1.44099
1.44093
1.44093
1.44099
1.44107
1.44117
1.44126
1.44134
1.44143
1.44149
1.44155
1.4416
1.44164
1.44165
1.44165
1.44165
1.44163
1.44162
1.44161
1.44161
1.44159
1.44159
1.44157
1.44156
1.44153
1.44152
1.44151
1.44151
1.44152
1.44153
1.44157
1.44163
1.4417
1.44178
1.44185
1.4419
1.44192
1.4419
1.44183
1.44172
1.44158
1.44146
1.44135
1.4413
1.44128
1.44128
1.44132
1.44134
1.44136
1.44136
1.44136
1.44132
1.4413
1.44128
1.44126
1.44128
1.44131
1.44134
1.44137
1.44139
1.44141
1.44143
1.44145
1.44147
1.4415
1.44152
1.44156
1.4416
1.44165
1.44172
1.4418
1.4419
1.44199
1.44208
1.44217
1.44224
1.4423
1.44236
1.44244
1.44255
1.44272
1.44293
1.4431
1.44299
1.44242
1.4414
1.44032
1.43964
1.43951
1.43978
1.44021
1.44062
1.44096
1.44121
1.44139
1.44152
1.4416
1.44164
1.44167
1.44168
1.44169
1.44168
1.44167
1.44165
1.44164
1.44163
1.44161
1.44159
1.44156
1.44154
1.44152
1.4415
1.44148
1.44148
1.44147
1.44147
1.44148
1.44149
1.44151
1.44153
1.44156
1.44159
1.44163
1.44167
1.44172
1.44177
1.44182
1.44187
1.4419
1.44192
1.44192
1.4419
1.44186
1.44179
1.44168
1.44153
1.44138
1.44122
1.44109
1.441
1.44095
1.44095
1.44099
1.44107
1.44116
1.44126
1.44136
1.44146
1.44156
1.44163
1.44171
1.44179
1.44186
1.44192
1.44196
1.44199
1.44199
1.44197
1.44194
1.44189
1.44183
1.44175
1.44166
1.44154
1.44142
1.44131
1.44122
1.44114
1.4411
1.4411
1.44111
1.44113
1.44117
1.44119
1.44124
1.44127
1.4413
1.44134
1.44138
1.44141
1.44145
1.44148
1.44152
1.44154
1.44158
1.44159
1.4416
1.44163
1.44165
1.44166
1.44167
1.44169
1.44171
1.44171
1.44171
1.44171
1.44169
1.44167
1.44166
1.44161
1.44158
1.44155
1.44151
1.44144
1.44137
1.4413
1.44122
1.44115
1.4411
1.44108
1.44107
1.44108
1.4411
1.44114
1.44118
1.44123
1.44129
1.44134
1.4414
1.44147
1.44156
1.44163
1.44169
1.44176
1.44179
1.4418
1.44177
1.44169
1.44159
1.44149
1.44139
1.44135
1.44132
1.44134
1.44139
1.44145
1.44149
1.44151
1.44149
1.44142
1.44133
1.44122
1.44113
1.44106
1.44104
1.44105
1.44109
1.44113
1.44119
1.44124
1.44129
1.44133
1.44136
1.44135
1.44135
1.44133
1.44131
1.44129
1.44128
1.4413
1.44133
1.44139
1.44147
1.44156
1.44167
1.44176
1.44181
1.44178
1.44166
1.44143
1.44113
1.44086
1.44067
1.44059
1.44063
1.44077
1.44094
1.44114
1.44131
1.44146
1.44157
1.44165
1.44168
1.44169
1.44167
1.44163
1.44157
1.44151
1.44144
1.44136
1.44128
1.44124
1.44125
1.44129
1.44136
1.44143
1.44149
1.44154
1.44157
1.44159
1.44159
1.44157
1.44151
1.44141
1.44128
1.44115
1.44105
1.441
1.441
1.44102
1.44108
1.44114
1.4412
1.44125
1.4413
1.44135
1.44139
1.44143
1.44145
1.44148
1.44152
1.44154
1.44156
1.44159
1.44163
1.44166
1.44171
1.44176
1.4418
1.44184
1.44188
1.44191
1.44192
1.44191
1.44187
1.44181
1.44173
1.44166
1.44157
1.44148
1.4414
1.44134
1.44128
1.44127
1.44127
1.44127
1.44128
1.4413
1.44132
1.44133
1.44134
1.44134
1.44136
1.44138
1.44138
1.44139
1.4414
1.44142
1.44144
1.44147
1.44151
1.44156
1.4416
1.44165
1.44171
1.44177
1.4418
1.44183
1.44183
1.4418
1.44175
1.44166
1.44155
1.44142
1.44129
1.44117
1.44108
1.44103
1.44103
1.44104
1.4411
1.44117
1.44127
1.44139
1.44151
1.44163
1.44174
1.44183
1.44189
1.4419
1.44186
1.44173
1.44156
1.44135
1.44116
1.441
1.44092
1.44089
1.44091
1.44097
1.44107
1.44116
1.44126
1.44135
1.44143
1.4415
1.44154
1.44156
1.44154
1.4415
1.44142
1.44133
1.44125
1.44118
1.44114
1.44113
1.44115
1.4412
1.44127
1.44135
1.44143
1.44152
1.4416
1.44169
1.44176
1.44184
1.44191
1.44194
1.44195
1.44193
1.44187
1.44177
1.44164
1.44148
1.44132
1.44117
1.44107
1.441
1.44096
1.44096
1.44099
1.44102
1.44107
1.44112
1.44117
1.44121
1.44126
1.4413
1.44134
1.44137
1.44139
1.44142
1.44145
1.44146
1.44149
1.44153
1.44156
1.44161
1.44165
1.44173
1.4418
1.44188
1.44194
1.44198
1.44197
1.44189
1.44174
1.44155
1.44133
1.44111
1.44094
1.44082
1.44076
1.44078
1.44083
1.44092
1.44103
1.44114
1.44125
1.44136
1.44145
1.44152
1.44157
1.44159
1.44158
1.44154
1.44149
1.44145
1.44142
1.44141
1.44141
1.44143
1.44145
1.44146
1.44147
1.44146
1.44145
1.44143
1.44139
1.44136
1.44132
1.44129
1.44127
1.44127
1.44127
1.44128
1.44131
1.44134
1.44139
1.44143
1.44148
1.44153
1.44158
1.4416
1.44163
1.44165
1.44166
1.44168
1.44169
1.4417
1.44172
1.44174
1.44176
1.44178
1.44178
1.44175
1.44171
1.44162
1.44154
1.44147
1.4414
1.44138
1.4414
1.44145
1.44152
1.44159
1.44164
1.44168
1.44169
1.44168
1.44165
1.4416
1.44157
1.44155
1.44154
1.44154
1.44152
1.44148
1.4414
1.44635
1.44625
1.44617
1.44613
1.44616
1.44622
1.44631
1.44641
1.44652
1.44663
1.44674
1.44687
1.44698
1.4471
1.44719
1.44727
1.44732
1.44728
1.44718
1.44701
1.44679
1.44657
1.44638
1.44625
1.44619
1.44619
1.44621
1.44627
1.44632
1.44637
1.44642
1.44645
1.44649
1.44651
1.44654
1.44657
1.44657
1.44656
1.44655
1.44654
1.44652
1.44649
1.44646
1.44644
1.44643
1.44642
1.44641
1.44641
1.44642
1.44645
1.44649
1.44653
1.44657
1.44662
1.44667
1.44671
1.44675
1.44678
1.44679
1.44677
1.44674
1.44668
1.44661
1.44654
1.4465
1.44647
1.44647
1.44649
1.44653
1.44657
1.44662
1.44664
1.44665
1.44664
1.44661
1.44658
1.44659
1.44661
1.44667
1.44677
1.44688
1.44701
1.44712
1.44719
1.44723
1.44719
1.44707
1.44687
1.44661
1.44635
1.44613
1.44599
1.44596
1.446
1.44609
1.44621
1.44634
1.44645
1.44655
1.44661
1.44666
1.44667
1.44664
1.44661
1.44655
1.44649
1.44643
1.44639
1.44637
1.44637
1.4464
1.44643
1.44647
1.44653
1.44658
1.44663
1.44668
1.44673
1.44677
1.44681
1.44684
1.44686
1.44687
1.44686
1.44683
1.44677
1.44668
1.44658
1.44649
1.44639
1.44631
1.44625
1.44622
1.44621
1.44621
1.44624
1.44626
1.44628
1.44632
1.44635
1.44638
1.4464
1.44643
1.44646
1.44649
1.44652
1.44655
1.4466
1.44664
1.44669
1.44674
1.44678
1.44683
1.44688
1.4469
1.4469
1.44686
1.44677
1.44663
1.44646
1.4463
1.44614
1.44604
1.44597
1.44596
1.44598
1.44603
1.4461
1.44618
1.44625
1.44632
1.44638
1.44642
1.44647
1.44651
1.44655
1.44659
1.44662
1.44664
1.44666
1.44669
1.4467
1.4467
1.44671
1.4467
1.44669
1.44668
1.44665
1.44662
1.44658
1.44655
1.4465
1.44645
1.44639
1.44633
1.44627
1.44621
1.44616
1.44614
1.44613
1.44614
1.44617
1.4462
1.44623
1.44625
1.44628
1.44631
1.44633
1.44635
1.44637
1.4464
1.44643
1.44646
1.4465
1.44654
1.44657
1.44661
1.44665
1.4467
1.44673
1.44676
1.44677
1.44678
1.44677
1.44675
1.44671
1.44667
1.44661
1.44657
1.44654
1.44651
1.44651
1.4465
1.4465
1.4465
1.4465
1.44649
1.44646
1.44644
1.44642
1.4464
1.44638
1.44638
1.44639
1.44643
1.44647
1.44653
1.4466
1.44668
1.44676
1.44684
1.44691
1.44695
1.44695
1.44691
1.44683
1.44669
1.44653
1.44636
1.44621
1.44609
1.446
1.44599
1.446
1.44605
1.44612
1.44619
1.44627
1.44635
1.44642
1.44649
1.44655
1.4466
1.44664
1.44667
1.4467
1.44671
1.44671
1.44671
1.44669
1.44666
1.4466
1.44654
1.44648
1.44642
1.44638
1.44638
1.44641
1.44651
1.44665
1.44685
1.44709
1.44733
1.44753
1.44762
1.44757
1.44743
1.44725
1.44699
1.4466
1.44606
1.44549
1.44509
1.44495
1.44506
1.44528
1.44554
1.44577
1.44596
1.44612
1.44623
1.44633
1.44639
1.44644
1.44647
1.4465
1.44652
1.44654
1.44656
1.44656
1.44656
1.44658
1.44658
1.44659
1.44659
1.4466
1.4466
1.4466
1.44661
1.44662
1.44663
1.44663
1.44664
1.44665
1.44662
1.44661
1.44658
1.44656
1.44655
1.44658
1.44663
1.44672
1.44685
1.44699
1.44712
1.44718
1.44713
1.44695
1.44662
1.44621
1.44581
1.44548
1.4453
1.44526
1.44532
1.44546
1.44563
1.44582
1.446
1.44618
1.44636
1.44655
1.44674
1.44692
1.44711
1.44723
1.44728
1.44718
1.44693
1.44659
1.44627
1.44605
1.44597
1.44602
1.44615
1.44631
1.44646
1.4466
1.44672
1.44681
1.44686
1.4469
1.44692
1.44692
1.4469
1.44688
1.44685
1.44684
1.44684
1.44685
1.44688
1.44693
1.44697
1.44701
1.44703
1.44702
1.44696
1.44684
1.44668
1.44649
1.44628
1.44608
1.44593
1.44583
1.44583
1.44592
1.44608
1.44628
1.44651
1.44673
1.44691
1.44698
1.44693
1.44677
1.44653
1.44631
1.44617
1.44611
1.44615
1.44624
1.44634
1.44644
1.44652
1.44659
1.44662
1.44664
1.44666
1.44664
1.44664
1.44663
1.44662
1.44661
1.4466
1.44659
1.44659
1.44659
1.44659
1.4466
1.44662
1.44664
1.44664
1.44664
1.44664
1.44663
1.44662
1.4466
1.44659
1.44657
1.44655
1.44652
1.44649
1.44648
1.44647
1.44647
1.44649
1.4465
1.44652
1.44654
1.44655
1.44655
1.44653
1.44649
1.44644
1.44638
1.44633
1.44629
1.44626
1.44624
1.44625
1.44628
1.4463
1.44635
1.4464
1.44643
1.44646
1.44648
1.44649
1.44649
1.44647
1.44643
1.44638
1.44633
1.44628
1.44625
1.44623
1.44624
1.44626
1.44632
1.44638
1.44646
1.44655
1.44666
1.44675
1.44686
1.44697
1.44706
1.44713
1.44716
1.44716
1.44712
1.44703
1.44688
1.44668
1.44643
1.44616
1.44591
1.44571
1.44561
1.44559
1.44564
1.44575
1.44588
1.44603
1.44617
1.4463
1.44641
1.44649
1.44655
1.44658
1.44661
1.44665
1.44669
1.44674
1.44679
1.44683
1.44685
1.44685
1.44681
1.44672
1.44661
1.44651
1.44643
1.44637
1.44634
1.44632
1.44628
1.44623
1.44614
1.44603
1.44593
1.44586
1.44583
1.44585
1.4459
1.44598
1.44608
1.44617
1.44628
1.44635
1.4464
1.44644
1.44647
1.44648
1.44647
1.44646
1.44645
1.44644
1.44644
1.44646
1.4465
1.44656
1.44664
1.44674
1.44685
1.44693
1.44696
1.44694
1.44686
1.44672
1.44655
1.44639
1.44624
1.44612
1.44604
1.44599
1.44598
1.44599
1.44604
1.44613
1.44624
1.44638
1.44653
1.44667
1.4468
1.44692
1.44697
1.44696
1.44686
1.44667
1.44643
1.44619
1.44598
1.44586
1.44584
1.44589
1.44599
1.44613
1.44626
1.44639
1.44651
1.44662
1.44672
1.4468
1.44685
1.44689
1.44692
1.44693
1.44694
1.44694
1.44692
1.44688
1.44682
1.44675
1.44665
1.44655
1.44645
1.44635
1.44627
1.44621
1.44619
1.44618
1.4462
1.44622
1.44626
1.44631
1.44636
1.44641
1.44645
1.44648
1.44651
1.44652
1.44655
1.44655
1.44656
1.44656
1.44657
1.44657
1.44659
1.44661
1.44663
1.44666
1.4467
1.44675
1.44681
1.44688
1.44695
1.44701
1.44705
1.44709
1.44708
1.44705
1.44699
1.44691
1.4468
1.4467
1.44658
1.44649
1.44642
1.44634
1.44629
1.44625
1.44621
1.44619
1.44617
1.44617
1.44618
1.4462
1.44624
1.44628
1.44633
1.44638
1.44643
1.44648
1.44653
1.44657
1.44661
1.44664
1.44667
1.4467
1.44673
1.44675
1.44679
1.44681
1.44683
1.44684
1.44682
1.44681
1.44677
1.44675
1.44674
1.44672
1.44669
1.44664
1.44655
1.44639
1.44621
1.44601
1.44588
1.44586
1.44592
1.44604
1.4462
1.44637
1.4465
1.44662
1.44671
1.44677
1.44681
1.44682
1.44683
1.44683
1.44683
1.44685
1.44686
1.44688
1.44688
1.44686
1.44681
1.44673
1.44661
1.44646
1.44629
1.44612
1.446
1.44592
1.44589
1.4459
1.44594
1.44599
1.44605
1.4461
1.44616
1.44622
1.44628
1.44632
1.44637
1.44642
1.44647
1.44652
1.44657
1.4466
1.44661
1.44661
1.44658
1.44656
1.44653
1.44654
1.44661
1.44672
1.44689
1.44708
1.44725
1.44734
1.44731
1.44711
1.44679
1.44641
1.44607
1.44584
1.44574
1.44574
1.44581
1.44592
1.44602
1.44611
1.44619
1.44622
1.44625
1.44625
1.44625
1.44623
1.44623
1.44623
1.44624
1.44626
1.44629
1.44633
1.44637
1.44644
1.4465
1.44656
1.44662
1.44667
1.44669
1.44669
1.44667
1.44663
1.44658
1.44654
1.44651
1.44647
1.44644
1.44636
1.44626
1.44615
1.44602
1.44596
1.44595
1.44601
1.44611
1.44624
1.44636
1.44647
1.44655
1.44657
1.44656
1.4465
1.44641
1.44629
1.44617
1.44607
1.446
1.44598
1.44603
1.44612
1.44623
1.44636
1.44649
1.44659
1.44668
1.44672
1.44675
1.44675
1.44673
1.4467
1.44668
1.44665
1.44664
1.44663
1.44661
1.44657
1.44647
1.44631
1.44611
1.44595
1.4459
1.44601
1.44632
1.44681
1.44741
1.44794
1.44805
1.44743
1.44617
1.44493
1.44434
1.44443
1.44486
1.44534
1.44572
1.446
1.44618
1.4463
1.44637
1.44642
1.44646
1.44648
1.4465
1.44653
1.44655
1.44659
1.4466
1.44662
1.44664
1.44665
1.44665
1.44665
1.44666
1.44669
1.44672
1.44677
1.44683
1.44692
1.447
1.44708
1.44716
1.4472
1.4472
1.44714
1.447
1.44678
1.44648
1.44615
1.44584
1.44556
1.44535
1.44525
1.44523
1.4453
1.44542
1.44557
1.44576
1.44594
1.44613
1.44629
1.44646
1.44661
1.44674
1.44684
1.44691
1.44697
1.44699
1.44701
1.44701
1.44702
1.44705
1.44708
1.44707
1.44697
1.44675
1.44642
1.44605
1.44573
1.44555
1.44551
1.44557
1.4457
1.44585
1.446
1.44613
1.44623
1.4463
1.44635
1.44638
1.44641
1.44642
1.44645
1.44647
1.4465
1.44655
1.4466
1.44666
1.44674
1.44682
1.44691
1.44699
1.44703
1.44704
1.44699
1.44688
1.44671
1.44652
1.44633
1.44615
1.44602
1.44594
1.44591
1.44592
1.44597
1.44603
1.44612
1.44621
1.44632
1.44643
1.44654
1.44666
1.44675
1.44682
1.44685
1.44685
1.4468
1.44671
1.44661
1.44653
1.44644
1.44638
1.44633
1.44629
1.44624
1.4462
1.44615
1.44611
1.44608
1.44605
1.44604
1.44605
1.44608
1.44612
1.44616
1.4462
1.44623
1.44626
1.44628
1.44629
1.44628
1.44627
1.44625
1.44624
1.44622
1.4462
1.4462
1.44622
1.44625
1.44629
1.44635
1.44641
1.44648
1.44654
1.44658
1.44661
1.37817
1.37811
1.37801
1.37788
1.37775
1.37763
1.37753
1.37747
1.37747
1.3775
1.37755
1.37763
1.37773
1.37785
1.37799
1.37814
1.37833
1.37854
1.37879
1.37905
1.37928
1.37942
1.37936
1.37902
1.37838
1.37765
1.37707
1.3768
1.37681
1.37702
1.37728
1.37753
1.37773
1.37788
1.37796
1.37797
1.37791
1.37783
1.37775
1.37772
1.37773
1.37778
1.37783
1.37786
1.37786
1.37781
1.37773
1.37766
1.37761
1.37759
1.37761
1.37765
1.37772
1.37782
1.37794
1.37807
1.37822
1.37839
1.37856
1.37869
1.37876
1.37871
1.37854
1.37832
1.37813
1.37803
1.37801
1.37805
1.37808
1.37809
1.37803
1.37793
1.37782
1.37775
1.37771
1.37771
1.37772
1.37773
1.37773
1.37771
1.37768
1.37762
1.37758
1.37754
1.37752
1.37751
1.37752
1.37756
1.37761
1.37768
1.37775
1.37783
1.37792
1.37803
1.37816
1.37831
1.37848
1.37868
1.3789
1.37911
1.37934
1.3795
1.37958
1.37955
1.37936
1.37904
1.37861
1.37815
1.3777
1.3773
1.37696
1.3767
1.37656
1.37655
1.37667
1.37688
1.37715
1.37744
1.37774
1.37803
1.37833
1.37865
1.37899
1.37931
1.37953
1.37953
1.37918
1.37853
1.3778
1.37728
1.37709
1.37718
1.37743
1.37771
1.37796
1.37817
1.37832
1.37842
1.37847
1.37847
1.37843
1.37836
1.37828
1.3782
1.37812
1.37807
1.37803
1.37801
1.37801
1.37801
1.37802
1.37802
1.378
1.37798
1.37794
1.37791
1.37787
1.37785
1.37783
1.37781
1.37782
1.37783
1.37786
1.3779
1.37795
1.37803
1.37814
1.37827
1.37843
1.37861
1.37877
1.37887
1.37885
1.37865
1.3783
1.37789
1.37755
1.37737
1.37736
1.37744
1.37758
1.3777
1.3778
1.37788
1.37791
1.37792
1.37791
1.3779
1.37789
1.37787
1.37786
1.37785
1.37785
1.37786
1.37787
1.37787
1.37788
1.3779
1.37791
1.37792
1.37794
1.37797
1.378
1.37803
1.37807
1.37811
1.37815
1.37819
1.37823
1.37828
1.37832
1.37835
1.37837
1.37839
1.37841
1.37842
1.37846
1.37849
1.37852
1.37854
1.37852
1.37845
1.37834
1.37818
1.37802
1.37787
1.37775
1.37767
1.37761
1.37755
1.3775
1.37743
1.37736
1.37732
1.3773
1.37732
1.37739
1.37748
1.37759
1.37772
1.37786
1.378
1.37815
1.37831
1.37847
1.37862
1.37873
1.37879
1.37877
1.37867
1.37851
1.37834
1.3782
1.37811
1.3781
1.3781
1.3781
1.37805
1.37796
1.37785
1.37773
1.37764
1.37761
1.37762
1.37769
1.37779
1.3779
1.37802
1.37813
1.37823
1.37832
1.37837
1.37841
1.37842
1.37839
1.37831
1.37817
1.37799
1.37782
1.37768
1.37759
1.37757
1.37759
1.37766
1.37773
1.37781
1.37787
1.37794
1.378
1.37804
1.37808
1.37811
1.37813
1.37815
1.37817
1.37819
1.37821
1.37825
1.37828
1.3783
1.37832
1.37832
1.3783
1.37825
1.37819
1.37814
1.37808
1.37806
1.37806
1.37806
1.37805
1.37803
1.378
1.37797
1.37794
1.37793
1.37792
1.37793
1.37795
1.37796
1.37797
1.37797
1.37794
1.37791
1.37787
1.37784
1.37779
1.37778
1.37778
1.37779
1.37782
1.37786
1.3779
1.37793
1.37796
1.37798
1.378
1.37801
1.37802
1.37803
1.37804
1.37806
1.37806
1.37805
1.37803
1.37801
1.37797
1.37795
1.37793
1.37792
1.37796
1.37803
1.37812
1.37823
1.37835
1.37849
1.37861
1.37874
1.37884
1.37893
1.37899
1.37903
1.37903
1.37899
1.37888
1.37872
1.37851
1.37832
1.3782
1.37812
1.37802
1.3778
1.37743
1.37703
1.37678
1.37675
1.37692
1.37719
1.37747
1.37772
1.37793
1.37811
1.37825
1.37834
1.37841
1.3784
1.37832
1.37818
1.378
1.37784
1.37773
1.37771
1.37776
1.37788
1.37805
1.37822
1.3784
1.37854
1.37865
1.37871
1.3787
1.37864
1.37853
1.37839
1.37824
1.37811
1.378
1.37791
1.37786
1.37782
1.3778
1.37778
1.37777
1.37776
1.37776
1.37778
1.37781
1.37784
1.37788
1.3779
1.37795
1.37797
1.378
1.37802
1.37805
1.37808
1.37812
1.37814
1.37819
1.37822
1.37828
1.37836
1.37845
1.37857
1.37871
1.37884
1.37894
1.37898
1.37892
1.37875
1.37852
1.37828
1.37811
1.37803
1.37799
1.37796
1.37789
1.37778
1.37762
1.37748
1.37738
1.37736
1.37741
1.37751
1.37766
1.37781
1.37798
1.37812
1.37826
1.37836
1.37845
1.37851
1.37853
1.37852
1.37847
1.37841
1.37833
1.37825
1.37817
1.37811
1.37808
1.37808
1.3781
1.37813
1.37817
1.37821
1.37825
1.37827
1.37829
1.37829
1.37827
1.37823
1.37818
1.3781
1.37802
1.37795
1.37789
1.37786
1.37784
1.37784
1.37788
1.37793
1.378
1.37808
1.37816
1.37825
1.37831
1.37838
1.37844
1.37847
1.37849
1.37849
1.37846
1.37842
1.37837
1.37831
1.37825
1.37819
1.37814
1.37809
1.37806
1.37803
1.37802
1.378
1.37799
1.378
1.37801
1.37802
1.37804
1.37806
1.37809
1.3781
1.37809
1.37808
1.37805
1.37801
1.37796
1.37791
1.37787
1.37784
1.37784
1.37784
1.37786
1.3779
1.37793
1.37798
1.37802
1.37808
1.37813
1.37817
1.37821
1.37826
1.37829
1.37833
1.37834
1.37837
1.37837
1.37836
1.37834
1.37833
1.37831
1.37829
1.37827
1.37823
1.37818
1.37811
1.37803
1.37794
1.37784
1.37775
1.37768
1.37763
1.3776
1.37759
1.37761
1.37764
1.37769
1.37773
1.37779
1.37784
1.37789
1.37794
1.37798
1.37802
1.37806
1.3781
1.37812
1.37816
1.37819
1.37821
1.37823
1.37824
1.37825
1.37826
1.37828
1.37831
1.37834
1.37837
1.37837
1.37835
1.37828
1.37815
1.37799
1.37782
1.3777
1.3776
1.37757
1.37759
1.37765
1.37774
1.37783
1.37794
1.37802
1.37808
1.3781
1.3781
1.37806
1.37799
1.37792
1.37786
1.37781
1.37777
1.37776
1.37776
1.37776
1.37778
1.37779
1.37781
1.37783
1.37786
1.3779
1.37794
1.37798
1.37801
1.37803
1.37805
1.37803
1.378
1.37796
1.37793
1.37791
1.37788
1.37787
1.37788
1.37791
1.37795
1.37799
1.37803
1.37807
1.3781
1.37814
1.37817
1.37821
1.37825
1.37831
1.37836
1.37839
1.3784
1.37835
1.37824
1.37807
1.37785
1.37764
1.37748
1.37738
1.37736
1.37739
1.37747
1.37758
1.3777
1.37783
1.37796
1.37808
1.37818
1.37829
1.37842
1.37857
1.37872
1.37886
1.3789
1.37878
1.3785
1.37814
1.37777
1.37745
1.37719
1.37699
1.37687
1.37687
1.37695
1.37709
1.37726
1.37743
1.37759
1.37773
1.37784
1.37795
1.37804
1.37813
1.37821
1.37826
1.3783
1.37832
1.37829
1.37824
1.37818
1.3781
1.37802
1.37794
1.37787
1.37782
1.3778
1.3778
1.3778
1.37782
1.37783
1.37783
1.37782
1.37778
1.37774
1.3777
1.37767
1.37765
1.37766
1.3777
1.37775
1.37781
1.37787
1.37794
1.37802
1.3781
1.37818
1.37825
1.37832
1.37837
1.3784
1.37841
1.37839
1.37833
1.37825
1.37814
1.37803
1.37793
1.37784
1.37774
1.37764
1.37753
1.37741
1.3773
1.37722
1.37719
1.3772
1.37725
1.37733
1.37744
1.37754
1.37763
1.37773
1.37781
1.37787
1.37793
1.37796
1.37798
1.378
1.378
1.378
1.37798
1.37797
1.37796
1.37794
1.37793
1.37792
1.37791
1.3779
1.3779
1.37792
1.37797
1.37803
1.37814
1.37827
1.37841
1.37853
1.37863
1.37869
1.37867
1.37858
1.37841
1.37817
1.37791
1.37767
1.37748
1.37735
1.3773
1.37729
1.37733
1.37738
1.37744
1.37752
1.37763
1.37779
1.37796
1.37813
1.37828
1.37835
1.37829
1.3781
1.37783
1.37757
1.37742
1.37742
1.37754
1.37773
1.37796
1.37816
1.37832
1.37839
1.37837
1.37826
1.37812
1.37795
1.37785
1.37779
1.37779
1.37782
1.37787
1.37792
1.37796
1.37799
1.378
1.37801
1.37801
1.37803
1.37803
1.37804
1.37804
1.37805
1.37805
1.37804
1.37803
1.37802
1.37799
1.37795
1.37793
1.3779
1.37788
1.37785
1.37783
1.37782
1.37781
1.37779
1.37779
1.37779
1.37781
1.37781
1.37783
1.37785
1.37787
1.37789
1.37793
1.37796
1.37799
1.37803
1.37804
1.37806
1.37809
1.37811
1.37813
1.37815
1.37816
1.37817
1.37818
1.37817
1.37815
1.37813
1.3781
1.37808
1.37805
1.37802
1.378
1.37799
1.37799
1.378
1.37801
1.37804
1.37809
1.37815
1.37824
1.37831
1.37838
1.37838
1.37827
1.37805
1.37775
1.37749
1.3773
1.37725
1.3773
1.37741
1.37754
1.37766
1.37775
1.37782
1.37787
1.3779
1.37793
1.37796
1.378
1.37803
1.37806
1.37808
1.37808
1.37808
1.37808
1.37806
1.37803
1.378
1.37796
1.37792
1.37789
1.37786
1.37785
1.37782
1.37782
1.37782
1.37784
1.37787
1.3779
1.37794
1.378
1.37805
1.3781
1.37815
1.37819
1.37822
1.37822
1.3782
1.37814
1.37807
1.37799
1.37791
1.37784
1.3778
1.37777
1.37777
1.3778
1.37787
1.37794
1.37803
1.37813
1.37821
1.37827
1.3783
1.37829
1.37822
1.37811
1.37798
1.37785
1.37775
1.37768
1.37766
1.37767
1.37772
1.3778
1.37789
1.37799
1.37809
1.37816
1.37821
1.37822
1.37819
1.3781
1.37799
1.37788
1.37778
1.37774
1.37773
1.37777
1.37782
1.37788
1.37795
1.378
1.37805
1.37809
1.37811
1.37813
1.37816
1.37817
1.37818
1.3782
1.37822
1.37825
1.37829
1.37831
1.37833
1.37833
1.3783
1.37826
1.3782
1.37811
1.378
1.37791
1.37783
1.37778
1.37776
1.37776
1.3778
1.37783
1.37786
1.37791
1.37794
1.39873
1.39877
1.3988
1.39882
1.39883
1.39884
1.39884
1.39886
1.39885
1.39886
1.39886
1.39887
1.39886
1.39886
1.39886
1.39885
1.39887
1.39889
1.39894
1.39902
1.3991
1.39916
1.39916
1.39906
1.39885
1.39858
1.39835
1.3982
1.39817
1.39824
1.39835
1.39846
1.39853
1.39858
1.3986
1.39862
1.39865
1.39872
1.3988
1.39889
1.39901
1.39912
1.39922
1.3993
1.39933
1.39931
1.39924
1.3991
1.39891
1.39871
1.39851
1.39835
1.39826
1.39822
1.39824
1.39828
1.39835
1.39844
1.39852
1.3986
1.39867
1.39873
1.39879
1.39884
1.39889
1.39894
1.39899
1.39902
1.39905
1.39907
1.39907
1.39902
1.39894
1.39884
1.3987
1.39857
1.39848
1.39845
1.39848
1.39856
1.3987
1.39887
1.39907
1.39925
1.39942
1.39953
1.39959
1.39961
1.39957
1.39948
1.39937
1.3992
1.399
1.39874
1.39848
1.39826
1.39811
1.39802
1.398
1.39804
1.39811
1.39819
1.39827
1.39838
1.39846
1.39853
1.39861
1.39867
1.39874
1.39881
1.39889
1.39899
1.39909
1.39921
1.39931
1.39941
1.39947
1.39946
1.39935
1.39916
1.39891
1.39868
1.3985
1.39841
1.39841
1.39845
1.39853
1.3986
1.39868
1.39873
1.39878
1.3988
1.39882
1.39883
1.39884
1.39886
1.39888
1.39889
1.39891
1.39892
1.39892
1.39892
1.39893
1.39894
1.39894
1.39894
1.39894
1.39893
1.39892
1.39891
1.3989
1.39889
1.39888
1.39886
1.39885
1.39884
1.39885
1.39888
1.3989
1.39892
1.39894
1.39897
1.399
1.39903
1.39906
1.39907
1.39907
1.39906
1.39904
1.399
1.39895
1.39888
1.39879
1.3987
1.39861
1.39853
1.39846
1.39844
1.39843
1.39844
1.39846
1.39849
1.39851
1.39854
1.39857
1.3986
1.39863
1.39867
1.39871
1.39875
1.39878
1.39882
1.39885
1.39889
1.3989
1.39893
1.39894
1.39895
1.39895
1.39895
1.39894
1.39892
1.3989
1.39888
1.39887
1.39885
1.39885
1.39884
1.39885
1.39885
1.39888
1.39891
1.39894
1.39897
1.39901
1.39905
1.39907
1.3991
1.3991
1.39908
1.39904
1.39899
1.39893
1.39886
1.39877
1.39868
1.3986
1.39853
1.39847
1.39842
1.39841
1.39844
1.39851
1.39861
1.39873
1.39888
1.39905
1.39922
1.39939
1.39954
1.39964
1.39967
1.3996
1.39941
1.39912
1.39878
1.3985
1.39833
1.39828
1.39832
1.39843
1.39855
1.39867
1.39878
1.39886
1.39891
1.39893
1.39893
1.39889
1.39884
1.39882
1.39883
1.39888
1.39896
1.39906
1.39917
1.39926
1.39934
1.39938
1.39937
1.39932
1.39923
1.3991
1.39895
1.39878
1.39864
1.39854
1.39848
1.39846
1.39848
1.39853
1.39859
1.39866
1.39874
1.39882
1.39889
1.39896
1.39902
1.39906
1.3991
1.39912
1.39913
1.39912
1.39908
1.39902
1.39895
1.39889
1.39883
1.3988
1.39878
1.39878
1.39881
1.39885
1.39889
1.39892
1.39894
1.39892
1.39887
1.39879
1.3987
1.39862
1.39856
1.39854
1.39855
1.3986
1.39866
1.39875
1.39884
1.39892
1.399
1.39906
1.39911
1.39916
1.39918
1.3992
1.39921
1.39922
1.39922
1.39925
1.39926
1.39926
1.39924
1.39921
1.39915
1.39906
1.39894
1.39881
1.39867
1.39853
1.39842
1.39833
1.39829
1.39828
1.3983
1.39835
1.39841
1.39849
1.39856
1.39862
1.39868
1.39873
1.39877
1.3988
1.39882
1.39882
1.39882
1.39881
1.3988
1.39879
1.3988
1.39882
1.39886
1.39892
1.39898
1.39905
1.39912
1.39918
1.39922
1.39925
1.39927
1.39926
1.39925
1.39921
1.39917
1.39912
1.39905
1.39898
1.39888
1.39878
1.39869
1.39863
1.39861
1.39862
1.39867
1.39874
1.39881
1.39889
1.39896
1.39902
1.39907
1.39908
1.3991
1.3991
1.39909
1.39904
1.39897
1.39886
1.39874
1.39861
1.39852
1.39844
1.39841
1.39841
1.39845
1.39852
1.3986
1.39869
1.39877
1.39885
1.39891
1.39895
1.399
1.39904
1.39907
1.39909
1.39912
1.39916
1.39918
1.3992
1.39921
1.39921
1.39919
1.39914
1.39906
1.39895
1.39886
1.39877
1.3987
1.39866
1.39866
1.39867
1.3987
1.39873
1.39876
1.3988
1.39884
1.39888
1.3989
1.39893
1.39895
1.39897
1.39898
1.399
1.39904
1.39908
1.3991
1.39913
1.39916
1.3992
1.39923
1.39926
1.3993
1.39931
1.3993
1.39929
1.39926
1.39921
1.39914
1.39906
1.39898
1.39888
1.39879
1.39871
1.39863
1.39858
1.39855
1.39854
1.39854
1.39857
1.39863
1.39867
1.39872
1.39877
1.3988
1.39884
1.39887
1.39891
1.39896
1.399
1.39904
1.3991
1.39913
1.39917
1.3992
1.3992
1.3992
1.39916
1.3991
1.39902
1.39894
1.39886
1.3988
1.39876
1.39877
1.39881
1.39888
1.39899
1.39916
1.39935
1.39957
1.39975
1.39985
1.3998
1.39956
1.3992
1.39885
1.39861
1.3985
1.39848
1.39846
1.39843
1.39837
1.39832
1.39832
1.39837
1.39846
1.39858
1.39869
1.39881
1.3989
1.39899
1.39905
1.39908
1.39907
1.39903
1.39898
1.39893
1.39886
1.39881
1.39877
1.39874
1.39873
1.39875
1.39877
1.39879
1.39884
1.39889
1.39896
1.39903
1.39911
1.39918
1.39922
1.39923
1.39919
1.39912
1.399
1.3989
1.39885
1.39887
1.39897
1.39911
1.39928
1.39937
1.39936
1.39918
1.39887
1.39851
1.39822
1.39806
1.39805
1.39815
1.3983
1.39846
1.3986
1.39872
1.39882
1.39888
1.39892
1.39896
1.39898
1.39899
1.399
1.39902
1.39904
1.39906
1.39909
1.39911
1.39912
1.39914
1.39916
1.39918
1.3992
1.39921
1.39921
1.39923
1.39923
1.39924
1.39923
1.39921
1.39916
1.39907
1.39893
1.39878
1.39862
1.39848
1.3984
1.39838
1.39842
1.39848
1.39856
1.39865
1.39873
1.3988
1.39887
1.39892
1.39897
1.39902
1.39906
1.3991
1.39916
1.39922
1.39929
1.39937
1.39944
1.39953
1.39959
1.39963
1.39966
1.39961
1.3995
1.39936
1.39917
1.39896
1.39877
1.39863
1.39855
1.3985
1.3985
1.39854
1.3986
1.39867
1.39873
1.39878
1.39883
1.39885
1.39885
1.39883
1.3988
1.39878
1.39875
1.39872
1.39872
1.39873
1.39877
1.39882
1.39889
1.39895
1.39903
1.3991
1.39919
1.39927
1.39936
1.39944
1.39948
1.39949
1.39943
1.39933
1.39918
1.39903
1.3989
1.39883
1.3988
1.3988
1.39882
1.39885
1.39886
1.3989
1.39893
1.39897
1.39901
1.399
1.39898
1.39891
1.39882
1.39874
1.39869
1.3987
1.39877
1.39887
1.399
1.3991
1.39917
1.39919
1.39913
1.39903
1.39888
1.39873
1.3986
1.39852
1.39848
1.39849
1.39854
1.39861
1.3987
1.39879
1.3989
1.39899
1.39909
1.39916
1.3992
1.39921
1.39918
1.39912
1.39904
1.39893
1.39884
1.39877
1.39872
1.3987
1.3987
1.39873
1.39876
1.39879
1.3988
1.39882
1.39881
1.39881
1.39881
1.3988
1.39879
1.39879
1.39878
1.39878
1.39877
1.39877
1.39877
1.39877
1.39878
1.39878
1.39879
1.39881
1.39882
1.39886
1.3989
1.39896
1.39904
1.39913
1.39923
1.39931
1.39936
1.39933
1.39923
1.39904
1.39879
1.39857
1.39841
1.39834
1.39834
1.39839
1.39847
1.39855
1.39864
1.39872
1.39881
1.3989
1.39899
1.39908
1.39917
1.39925
1.3993
1.39933
1.39931
1.39923
1.3991
1.39894
1.39876
1.39861
1.39851
1.39844
1.39842
1.39843
1.39844
1.39847
1.39853
1.3986
1.3987
1.39882
1.39895
1.39906
1.39913
1.39913
1.39906
1.39891
1.39872
1.39855
1.39843
1.39837
1.39838
1.39841
1.39846
1.3985
1.39854
1.39859
1.39864
1.39871
1.39879
1.39887
1.39893
1.39897
1.39896
1.39892
1.39883
1.39872
1.3986
1.39849
1.39841
1.39838
1.39838
1.39845
1.39855
1.39867
1.39882
1.39899
1.39919
1.39942
1.39968
1.39999
1.40031
1.4006
1.40075
1.40061
1.40008
1.3992
1.39828
1.3976
1.39736
1.39745
1.39772
1.39799
1.3982
1.39832
1.39838
1.39845
1.39855
1.39871
1.3989
1.39912
1.39935
1.39952
1.39962
1.39962
1.39953
1.39932
1.39903
1.39869
1.39839
1.39818
1.3981
1.39812
1.39822
1.39836
1.3985
1.39863
1.39875
1.39884
1.39891
1.39896
1.399
1.39903
1.39904
1.39906
1.39905
1.39904
1.39901
1.39899
1.39897
1.39893
1.39891
1.39888
1.39885
1.39883
1.39881
1.39881
1.39881
1.39881
1.39881
1.39882
1.39883
1.39885
1.39887
1.39889
1.39888
1.39889
1.3989
1.39891
1.39893
1.39894
1.39895
1.39898
1.399
1.39904
1.39904
1.39902
1.39896
1.39887
1.39874
1.3986
1.39846
1.39836
1.3983
1.39828
1.39829
1.39833
1.39839
1.39844
1.39849
1.39854
1.39859
1.39864
1.39868
1.39871
1.39875
1.39878
1.39882
1.39884
1.39883
1.39882
1.3988
1.39876
1.39871
1.39868
1.39866
1.39867
1.3987
1.39878
1.39888
1.39904
1.3992
1.39935
1.39943
1.39936
1.3991
1.39874
1.39842
1.39823
1.39824
1.39838
1.39861
1.39882
1.39897
1.39905
1.39906
1.399
1.39891
1.39882
1.39871
1.39861
1.39855
1.39851
1.39848
1.39848
1.39849
1.3985
1.39849
1.39847
1.39846
1.39843
1.39842
1.39842
1.39844
1.39848
1.39854
1.39862
1.39872
1.39884
1.39895
1.39906
1.39914
1.39917
1.39914
1.39907
1.39893
1.39877
1.39863
1.39853
1.39848
1.39848
1.39855
1.39865
1.39879
1.39894
1.3991
1.39922
1.39929
1.39929
1.39924
1.39914
1.39901
1.39889
1.39879
1.39873
1.3987
1.3987
1.39873
1.39874
1.39874
1.3987
1.39865
1.39858
1.39854
1.41639
1.41642
1.41646
1.41651
1.41656
1.4166
1.41663
1.41662
1.41658
1.41654
1.4165
1.41648
1.41648
1.41652
1.41659
1.41665
1.41672
1.41676
1.41678
1.41677
1.41674
1.41669
1.41661
1.41653
1.41646
1.41641
1.41638
1.41638
1.41639
1.41641
1.41644
1.41648
1.4165
1.41653
1.41654
1.41656
1.41657
1.41658
1.41659
1.41659
1.4166
1.41661
1.41663
1.41664
1.41666
1.41668
1.41669
1.4167
1.41672
1.41672
1.41673
1.41676
1.41681
1.41689
1.41701
1.41721
1.41744
1.41768
1.41784
1.41781
1.41749
1.41689
1.41621
1.41567
1.41538
1.41537
1.4155
1.4157
1.41591
1.4161
1.41624
1.41637
1.41645
1.41653
1.4166
1.41665
1.4167
1.41676
1.4168
1.41683
1.41688
1.41691
1.41695
1.41698
1.41702
1.41706
1.4171
1.41714
1.41717
1.41719
1.41717
1.41709
1.41693
1.41669
1.4164
1.41613
1.41591
1.4158
1.41579
1.41588
1.41604
1.41623
1.41645
1.41667
1.41686
1.417
1.41707
1.41707
1.41702
1.41696
1.41695
1.41698
1.41707
1.41716
1.41719
1.41712
1.41693
1.41667
1.41638
1.41614
1.416
1.41598
1.41603
1.41613
1.41625
1.41637
1.4165
1.41661
1.41668
1.41676
1.41682
1.41686
1.41688
1.41688
1.41688
1.41688
1.41688
1.41688
1.41687
1.41683
1.41676
1.41667
1.41656
1.41645
1.41637
1.41632
1.41632
1.41635
1.4164
1.41647
1.41653
1.41658
1.4166
1.41661
1.41659
1.41656
1.41652
1.41649
1.41645
1.41643
1.41642
1.41644
1.41648
1.41656
1.41665
1.41675
1.41686
1.41695
1.41699
1.41702
1.417
1.41695
1.41688
1.41682
1.41676
1.41674
1.41672
1.4167
1.41667
1.41663
1.41656
1.41645
1.41631
1.41617
1.41605
1.41597
1.41594
1.41596
1.41601
1.41607
1.41615
1.41624
1.41632
1.4164
1.41649
1.41656
1.41665
1.41674
1.41686
1.417
1.41716
1.41733
1.41745
1.41747
1.41735
1.41704
1.41661
1.41619
1.41589
1.41577
1.4158
1.4159
1.41603
1.41614
1.41622
1.41628
1.41633
1.41638
1.41642
1.41646
1.41649
1.41653
1.41654
1.41655
1.41654
1.41652
1.4165
1.41648
1.41645
1.41642
1.41642
1.41641
1.41643
1.41645
1.41649
1.41654
1.41659
1.41663
1.41665
1.41664
1.41661
1.41654
1.41646
1.41638
1.41629
1.41623
1.4162
1.41621
1.41623
1.41627
1.41633
1.41639
1.41646
1.41652
1.4166
1.41668
1.41675
1.41681
1.41687
1.41691
1.41692
1.4169
1.41684
1.41675
1.41664
1.41653
1.41645
1.4164
1.4164
1.41644
1.4165
1.41658
1.41668
1.41678
1.41687
1.41698
1.41711
1.41722
1.4173
1.41733
1.41728
1.41717
1.417
1.41681
1.41661
1.41644
1.4163
1.4162
1.41612
1.41609
1.41606
1.41605
1.41606
1.41609
1.41612
1.41615
1.41619
1.41623
1.41628
1.41632
1.41637
1.41642
1.41645
1.41648
1.4165
1.41653
1.41655
1.41656
1.41657
1.4166
1.41663
1.41666
1.41669
1.41673
1.41679
1.41686
1.41693
1.41701
1.41709
1.41718
1.41726
1.41733
1.41736
1.41733
1.41721
1.41698
1.41667
1.41636
1.41612
1.416
1.41599
1.41607
1.41617
1.41628
1.41638
1.41645
1.41651
1.41654
1.41656
1.41657
1.41659
1.4166
1.4166
1.41659
1.41657
1.41656
1.41656
1.41658
1.41662
1.41669
1.4168
1.41691
1.41705
1.41717
1.41725
1.41726
1.41717
1.41698
1.41671
1.41643
1.4162
1.41606
1.416
1.41601
1.41608
1.41616
1.41625
1.41633
1.41642
1.4165
1.41656
1.41661
1.41665
1.41669
1.41671
1.41672
1.41673
1.41673
1.41673
1.41669
1.41665
1.41658
1.4165
1.41641
1.41634
1.41628
1.41626
1.41628
1.41631
1.41637
1.41644
1.41655
1.41667
1.41681
1.41698
1.41716
1.41735
1.41754
1.41769
1.41771
1.41759
1.41728
1.41687
1.41649
1.41624
1.41614
1.41613
1.41618
1.41623
1.41626
1.41627
1.4163
1.41634
1.41642
1.41653
1.41666
1.41677
1.41687
1.41693
1.41695
1.41695
1.41694
1.41689
1.41683
1.41677
1.41671
1.41666
1.41663
1.41662
1.41661
1.41663
1.41664
1.41664
1.41665
1.41665
1.41665
1.41666
1.41667
1.41668
1.41668
1.41667
1.41666
1.41664
1.41663
1.41661
1.41661
1.41661
1.41661
1.41664
1.41667
1.4167
1.41675
1.4168
1.41684
1.41688
1.41693
1.41694
1.41694
1.41691
1.41686
1.41678
1.4167
1.41663
1.41658
1.41655
1.41655
1.41657
1.41662
1.41668
1.41675
1.41682
1.41688
1.41692
1.41695
1.41696
1.41695
1.41692
1.41686
1.41679
1.41672
1.41664
1.41658
1.41653
1.41649
1.41646
1.41644
1.41645
1.41647
1.41648
1.4165
1.41652
1.41655
1.41657
1.41659
1.41662
1.41663
1.41666
1.41667
1.41667
1.41669
1.4167
1.41671
1.41671
1.41672
1.41671
1.4167
1.41668
1.41668
1.41666
1.41664
1.41661
1.4166
1.41659
1.41659
1.41661
1.41664
1.41667
1.41671
1.41677
1.41683
1.41689
1.41694
1.41698
1.417
1.41701
1.417
1.41697
1.41691
1.41684
1.41677
1.41669
1.41662
1.41656
1.41652
1.41651
1.4165
1.41651
1.41653
1.41655
1.41658
1.4166
1.41662
1.41662
1.41662
1.41662
1.41662
1.41661
1.41661
1.41662
1.41662
1.41664
1.41666
1.4167
1.41677
1.41685
1.41694
1.41705
1.41716
1.41725
1.41729
1.41728
1.41716
1.41695
1.41668
1.41639
1.41616
1.41603
1.41601
1.41606
1.41617
1.41628
1.41639
1.41647
1.41653
1.41657
1.4166
1.41663
1.41665
1.4167
1.41677
1.41686
1.41694
1.41699
1.41699
1.4169
1.41673
1.41651
1.41631
1.41617
1.41612
1.41614
1.41621
1.41632
1.41643
1.41653
1.41663
1.41672
1.41681
1.41692
1.41702
1.41713
1.41724
1.41734
1.41741
1.41744
1.4174
1.41728
1.41708
1.41683
1.41655
1.41629
1.41607
1.41592
1.41582
1.4158
1.41581
1.41586
1.41594
1.41601
1.41611
1.4162
1.4163
1.41638
1.41648
1.41657
1.41668
1.41679
1.41692
1.41704
1.41718
1.41733
1.41748
1.41762
1.41773
1.41776
1.41768
1.41749
1.41716
1.41676
1.41637
1.41607
1.41587
1.41582
1.41586
1.41596
1.41609
1.41622
1.41634
1.41644
1.41652
1.41658
1.41662
1.41665
1.41669
1.41672
1.41676
1.4168
1.41686
1.41692
1.417
1.41708
1.41717
1.41724
1.4173
1.41731
1.41726
1.41717
1.41705
1.41694
1.41687
1.41689
1.41699
1.41713
1.41725
1.41728
1.41716
1.4169
1.41655
1.41621
1.41598
1.41589
1.41593
1.41605
1.4162
1.41634
1.41646
1.41654
1.4166
1.41663
1.41663
1.41662
1.41661
1.4166
1.41659
1.41658
1.41657
1.41658
1.4166
1.41662
1.41664
1.41666
1.41668
1.4167
1.41674
1.41676
1.4168
1.41685
1.41691
1.41696
1.41702
1.41709
1.41715
1.41718
1.41719
1.41715
1.41708
1.41696
1.41683
1.41669
1.41655
1.41645
1.41638
1.41634
1.41634
1.41637
1.4164
1.41643
1.41646
1.41648
1.4165
1.41651
1.41651
1.41653
1.41654
1.41654
1.41656
1.41657
1.41658
1.41659
1.4166
1.41662
1.41663
1.41663
1.41663
1.41665
1.41665
1.41664
1.41665
1.41665
1.41665
1.41666
1.41669
1.41671
1.41673
1.41677
1.41681
1.41684
1.41687
1.41691
1.41693
1.41695
1.41697
1.41696
1.41695
1.41693
1.4169
1.41688
1.41686
1.41683
1.41679
1.41673
1.41667
1.4166
1.41653
1.41647
1.41642
1.41637
1.41633
1.41629
1.41626
1.41624
1.41624
1.41625
1.4163
1.41637
1.41647
1.41659
1.41674
1.4169
1.41704
1.41712
1.41712
1.41701
1.41682
1.41661
1.41643
1.41635
1.41637
1.41648
1.41661
1.41674
1.41681
1.41682
1.41675
1.41662
1.41647
1.41635
1.41627
1.41626
1.4163
1.41639
1.4165
1.41661
1.41672
1.41683
1.41691
1.41696
1.41695
1.41688
1.41673
1.41655
1.41637
1.41625
1.4162
1.41622
1.41632
1.41647
1.41662
1.4168
1.41694
1.41706
1.41712
1.41713
1.41709
1.41702
1.41692
1.41683
1.41676
1.41673
1.4167
1.41667
1.41664
1.41657
1.41653
1.41646
1.41641
1.41637
1.41636
1.41635
1.41634
1.41635
1.41637
1.4164
1.41644
1.41649
1.41656
1.41661
1.41666
1.41671
1.41675
1.41678
1.4168
1.4168
1.41677
1.41674
1.41669
1.41666
1.41663
1.41665
1.41669
1.41675
1.41679
1.41683
1.41681
1.41675
1.41665
1.41654
1.41643
1.41637
1.41633
1.41632
1.41633
1.41637
1.41641
1.41647
1.41653
1.41656
1.4166
1.41662
1.41664
1.41665
1.41665
1.41665
1.41665
1.41666
1.41669
1.41671
1.41673
1.41676
1.41679
1.41681
1.41684
1.41685
1.41687
1.41687
1.41686
1.41683
1.4168
1.41675
1.4167
1.41664
1.41657
1.41652
1.4165
1.41648
1.41647
1.41647
1.41649
1.41651
1.41654
1.41656
1.41661
1.41666
1.41672
1.4168
1.41689
1.417
1.41712
1.41723
1.4173
1.41725
1.41706
1.41671
1.41626
1.41585
1.41558
1.41551
1.41561
1.41582
1.41606
1.41632
1.41657
1.4168
1.41702
1.41722
1.41738
1.4175
1.41754
1.41752
1.41741
1.41725
1.41706
1.41686
1.41667
1.41649
1.41632
1.41617
1.41606
1.416
1.41599
1.41605
1.41616
1.41628
1.41641
1.41654
1.41664
1.41672
1.41678
1.41679
1.41676
1.4167
1.41662
1.41654
1.41648
1.41644
1.41643
1.41647
1.41655
1.41667
1.4168
1.41693
1.41706
1.41717
1.41723
1.41724
1.41719
1.41708
1.41694
1.41678
1.41665
1.41655
1.41649
1.41647
1.41646
1.41647
1.41647
1.41645
1.41643
1.4164
1.41637
