1.41658 0
1.41655 2.97483e-05
1.41668 0.000131672
1.41659 0.000131593
1.41661 0.000104813
1.41664 9.10402e-05
1.41664 7.71955e-05
1.41662 6.88901e-05
1.41663 6.24414e-05
1.4166 6.28629e-05
1.4166 5.75015e-05
1.41659 5.29359e-05
1.41658 4.9321e-05
1.4166 4.78307e-05
1.41658 4.67969e-05
1.41659 4.42019e-05
1.41659 4.15343e-05
1.4166 4.06374e-05
1.41659 3.93447e-05
1.4166 3.81059e-05
1.4166 3.62666e-05
1.4166 3.49385e-05
1.41661 3.3954e-05
1.41662 3.3105e-05
1.41661 3.18263e-05
1.41662 3.06734e-05
1.41662 2.98995e-05
1.41663 2.93276e-05
1.41662 2.85166e-05
1.41662 2.75514e-05
1.41662 2.67049e-05
1.41663 2.84068e-05
1.41663 2.81417e-05
1.41664 2.92926e-05
1.41663 2.88596e-05
1.41664 2.90074e-05
1.41663 2.85204e-05
1.41664 2.78424e-05
1.41664 2.71472e-05
1.41664 2.64747e-05
1.41664 2.58213e-05
1.41664 2.52505e-05
1.41664 2.4859e-05
1.41664 2.43016e-05
1.41664 2.37793e-05
1.41664 2.32672e-05
1.41663 2.28782e-05
1.41664 2.26838e-05
1.41664 2.2302e-05
1.41664 2.19538e-05
