1.2058 0
1.20745 0.00164987
1.20735 0.000957954
1.2052 0.00224811
1.20238 0.00332116
1.20091 0.00308259
1.1999 0.00279442
1.1988 0.00265989
1.19819 0.00242376
1.19903 0.00232706
1.19965 0.00219311
1.20229 0.00331535
1.20587 0.00470351
1.20872 0.00520148
1.2104 0.00512555
1.21399 0.00599114
1.21624 0.00606282
1.21899 0.00634036
1.22184 0.00663951
1.22495 0.00702553
1.22676 0.00692458
1.22809 0.00673447
1.22889 0.00648417
1.22888 0.00620812
1.22869 0.00595786
1.2285 0.0057272
1.22787 0.00554643
1.22744 0.00536184
1.22681 0.00521226
1.22655 0.00504211
1.22585 0.00492738
1.22569 0.00477375
1.22538 0.00463687
1.22425 0.00463775
1.22343 0.0045785
1.22256 0.00453343
1.22174 0.00448494
1.22122 0.00439539
1.22034 0.0043709
1.21999 0.00427497
1.21989 0.00417051
1.21997 0.00407081
1.22017 0.00397994
1.22051 0.00390345
1.22112 0.00386342
1.22157 0.00380584
1.22201 0.00374996
1.22245 0.00369638
1.22307 0.00367437
1.22342 0.00361694
