1.8087 0
1.81117 0.0024748
1.81102 0.00143693
1.80781 0.00337217
1.80356 0.00498173
1.80137 0.00462389
1.79985 0.00419163
1.79819 0.00398983
1.79728 0.00363564
1.79855 0.00349059
1.79947 0.00328967
1.80344 0.00497303
1.80881 0.00705527
1.81307 0.00780221
1.81559 0.00768832
1.82098 0.00898671
1.82437 0.00909423
1.82848 0.00951053
1.83275 0.00995927
1.83742 0.0105383
1.84014 0.0103869
1.84214 0.0101017
1.84333 0.00972625
1.84333 0.00931218
1.84303 0.00893679
1.84275 0.00859081
1.84181 0.00831965
1.84117 0.00804277
1.84022 0.00781838
1.83983 0.00756316
1.83877 0.00739107
1.83853 0.00716062
1.83807 0.0069553
1.83638 0.00695662
1.83514 0.00686775
1.83384 0.00680014
1.8326 0.0067274
1.83183 0.00659308
1.83051 0.00655635
1.82998 0.00641245
1.82984 0.00625576
1.82996 0.00610621
1.83026 0.00596992
1.83077 0.00585518
1.83168 0.00579514
1.83236 0.00570875
1.83302 0.00562494
1.83367 0.00554457
1.83461 0.00551156
1.83513 0.00542541
