0.0602436 0
0.0602702 2.65568e-05
0.0602489 2.61964e-05
0.060157 9.37902e-05
0.0600336 0.000143211
0.0599644 0.00013588
0.05991 0.000127062
0.0598542 0.000123394
0.0598281 0.000111898
0.0598687 0.000108002
0.0598983 0.000102066
0.0600262 0.000158289
0.0602044 0.000230119
0.0603522 0.00025931
0.0604401 0.000256891
0.0606094 0.000293969
0.0607197 0.000297328
0.0608557 0.000311589
0.0609972 0.00032695
0.0611492 0.000345419
0.0612415 0.000341275
0.0613086 0.000332242
0.061346 0.000319662
0.0613432 0.000306067
0.0613299 0.000293869
0.0613171 0.000282628
0.0612856 0.000273776
0.0612636 0.000264734
0.0612319 0.000257409
0.0612183 0.000249053
0.0611862 0.000243005
0.0611787 0.00023541
0.0611633 0.000228686
0.0611091 0.00022836
0.0610671 0.000225691
0.0610222 0.000223885
0.0609796 0.000221877
0.0609519 0.000217731
0.0609091 0.000216337
0.0608915 0.000211597
0.0608871 0.000206417
0.0608937 0.000201549
0.0609064 0.000197214
0.0609245 0.000193528
0.0609527 0.000191276
0.0609738 0.00018825
0.0609963 0.000185581
0.0610207 0.000183301
0.0610532 0.000182437
0.0610706 0.000179595
