-0.392121 0
-0.394625 0.00250455
-0.394342 0.00147342
-0.39122 0.0032917
-0.386953 0.00497027
-0.384723 0.00463053
-0.383214 0.00419462
-0.381575 0.00398532
-0.380646 0.00363545
-0.381943 0.00350102
-0.382875 0.00330113
-0.386846 0.0049848
-0.392225 0.00706826
-0.396478 0.00780452
-0.399013 0.00769508
-0.404396 0.0089881
-0.407778 0.00909504
-0.411882 0.00950653
-0.416163 0.00995945
-0.420823 0.0105351
-0.423546 0.0103842
-0.425533 0.0100982
-0.426722 0.00972221
-0.426711 0.00930831
-0.426418 0.00893301
-0.426134 0.00858726
-0.42519 0.0083168
-0.424542 0.00804047
-0.423596 0.00781575
-0.423209 0.0075606
-0.422154 0.00738837
-0.421896 0.00715843
-0.421444 0.0069528
-0.419741 0.00695686
-0.418506 0.0068671
-0.417197 0.00680094
-0.41597 0.00672741
-0.415198 0.00659333
-0.413875 0.00655684
-0.413344 0.00641286
-0.413199 0.00625616
-0.413319 0.00610657
-0.41362 0.00597042
-0.414132 0.00585559
-0.415041 0.00579571
-0.415723 0.00570922
-0.416386 0.00562566
-0.417031 0.00554485
-0.417976 0.00551216
-0.418497 0.0054258
