1.41639
1.41642
1.41646
1.41651
1.41656
1.4166
1.41663
1.41662
1.41658
1.41654
1.4165
1.41648
1.41648
1.41652
1.41659
1.41665
1.41672
1.41676
1.41678
1.41677
1.41674
1.41669
1.41661
1.41653
1.41646
1.41641
1.41638
1.41638
1.41639
1.41641
1.41644
1.41648
1.4165
1.41653
1.41654
1.41656
1.41657
1.41658
1.41659
1.41659
1.4166
1.41661
1.41663
1.41664
1.41666
1.41668
1.41669
1.4167
1.41672
1.41672
1.41673
1.41676
1.41681
1.41689
1.41701
1.41721
1.41744
1.41768
1.41784
1.41781
1.41749
1.41689
1.41621
1.41567
1.41538
1.41537
1.4155
1.4157
1.41591
1.4161
1.41624
1.41637
1.41645
1.41653
1.4166
1.41665
1.4167
1.41676
1.4168
1.41683
1.41688
1.41691
1.41695
1.41698
1.41702
1.41706
1.4171
1.41714
1.41717
1.41719
1.41717
1.41709
1.41693
1.41669
1.4164
1.41613
1.41591
1.4158
1.41579
1.41588
1.41604
1.41623
1.41645
1.41667
1.41686
1.417
1.41707
1.41707
1.41702
1.41696
1.41695
1.41698
1.41707
1.41716
1.41719
1.41712
1.41693
1.41667
1.41638
1.41614
1.416
1.41598
1.41603
1.41613
1.41625
1.41637
1.4165
1.41661
1.41668
1.41676
1.41682
1.41686
1.41688
1.41688
1.41688
1.41688
1.41688
1.41688
1.41687
1.41683
1.41676
1.41667
1.41656
1.41645
1.41637
1.41632
1.41632
1.41635
1.4164
1.41647
1.41653
1.41658
1.4166
1.41661
1.41659
1.41656
1.41652
1.41649
1.41645
1.41643
1.41642
1.41644
1.41648
1.41656
1.41665
1.41675
1.41686
1.41695
1.41699
1.41702
1.417
1.41695
1.41688
1.41682
1.41676
1.41674
1.41672
1.4167
1.41667
1.41663
1.41656
1.41645
1.41631
1.41617
1.41605
1.41597
1.41594
1.41596
1.41601
1.41607
1.41615
1.41624
1.41632
1.4164
1.41649
1.41656
1.41665
1.41674
1.41686
1.417
1.41716
1.41733
1.41745
1.41747
1.41735
1.41704
1.41661
1.41619
1.41589
1.41577
1.4158
1.4159
1.41603
1.41614
1.41622
1.41628
1.41633
1.41638
1.41642
1.41646
1.41649
1.41653
1.41654
1.41655
1.41654
1.41652
1.4165
1.41648
1.41645
1.41642
1.41642
1.41641
1.41643
1.41645
1.41649
1.41654
1.41659
1.41663
1.41665
1.41664
1.41661
1.41654
1.41646
1.41638
1.41629
1.41623
1.4162
1.41621
1.41623
1.41627
1.41633
1.41639
1.41646
1.41652
1.4166
1.41668
1.41675
1.41681
1.41687
1.41691
1.41692
1.4169
1.41684
1.41675
1.41664
1.41653
1.41645
1.4164
1.4164
1.41644
1.4165
1.41658
1.41668
1.41678
1.41687
1.41698
1.41711
1.41722
1.4173
1.41733
1.41728
1.41717
1.417
1.41681
1.41661
1.41644
1.4163
1.4162
1.41612
1.41609
1.41606
1.41605
1.41606
1.41609
1.41612
1.41615
1.41619
1.41623
1.41628
1.41632
1.41637
1.41642
1.41645
1.41648
1.4165
1.41653
1.41655
1.41656
1.41657
1.4166
1.41663
1.41666
1.41669
1.41673
1.41679
1.41686
1.41693
1.41701
1.41709
1.41718
1.41726
1.41733
1.41736
1.41733
1.41721
1.41698
1.41667
1.41636
1.41612
1.416
1.41599
1.41607
1.41617
1.41628
1.41638
1.41645
1.41651
1.41654
1.41656
1.41657
1.41659
1.4166
1.4166
1.41659
1.41657
1.41656
1.41656
1.41658
1.41662
1.41669
1.4168
1.41691
1.41705
1.41717
1.41725
1.41726
1.41717
1.41698
1.41671
1.41643
1.4162
1.41606
1.416
1.41601
1.41608
1.41616
1.41625
1.41633
1.41642
1.4165
1.41656
1.41661
1.41665
1.41669
1.41671
1.41672
1.41673
1.41673
1.41673
1.41669
1.41665
1.41658
1.4165
1.41641
1.41634
1.41628
1.41626
1.41628
1.41631
1.41637
1.41644
1.41655
1.41667
1.41681
1.41698
1.41716
1.41735
1.41754
1.41769
1.41771
1.41759
1.41728
1.41687
1.41649
1.41624
1.41614
1.41613
1.41618
1.41623
1.41626
1.41627
1.4163
1.41634
1.41642
1.41653
1.41666
1.41677
1.41687
1.41693
1.41695
1.41695
1.41694
1.41689
1.41683
1.41677
1.41671
1.41666
1.41663
1.41662
1.41661
1.41663
1.41664
1.41664
1.41665
1.41665
1.41665
1.41666
1.41667
1.41668
1.41668
1.41667
1.41666
1.41664
1.41663
1.41661
1.41661
1.41661
1.41661
1.41664
1.41667
1.4167
1.41675
1.4168
1.41684
1.41688
1.41693
1.41694
1.41694
1.41691
1.41686
1.41678
1.4167
1.41663
1.41658
1.41655
1.41655
1.41657
1.41662
1.41668
1.41675
1.41682
1.41688
1.41692
1.41695
1.41696
1.41695
1.41692
1.41686
1.41679
1.41672
1.41664
1.41658
1.41653
1.41649
1.41646
1.41644
1.41645
1.41647
1.41648
1.4165
1.41652
1.41655
1.41657
1.41659
1.41662
1.41663
1.41666
1.41667
1.41667
1.41669
1.4167
1.41671
1.41671
1.41672
1.41671
1.4167
1.41668
1.41668
1.41666
1.41664
1.41661
1.4166
1.41659
1.41659
1.41661
1.41664
1.41667
1.41671
1.41677
1.41683
1.41689
1.41694
1.41698
1.417
1.41701
1.417
1.41697
1.41691
1.41684
1.41677
1.41669
1.41662
1.41656
1.41652
1.41651
1.4165
1.41651
1.41653
1.41655
1.41658
1.4166
1.41662
1.41662
1.41662
1.41662
1.41662
1.41661
1.41661
1.41662
1.41662
1.41664
1.41666
1.4167
1.41677
1.41685
1.41694
1.41705
1.41716
1.41725
1.41729
1.41728
1.41716
1.41695
1.41668
1.41639
1.41616
1.41603
1.41601
1.41606
1.41617
1.41628
1.41639
1.41647
1.41653
1.41657
1.4166
1.41663
1.41665
1.4167
1.41677
1.41686
1.41694
1.41699
1.41699
1.4169
1.41673
1.41651
1.41631
1.41617
1.41612
1.41614
1.41621
1.41632
1.41643
1.41653
1.41663
1.41672
1.41681
1.41692
1.41702
1.41713
1.41724
1.41734
1.41741
1.41744
1.4174
1.41728
1.41708
1.41683
1.41655
1.41629
1.41607
1.41592
1.41582
1.4158
1.41581
1.41586
1.41594
1.41601
1.41611
1.4162
1.4163
1.41638
1.41648
1.41657
1.41668
1.41679
1.41692
1.41704
1.41718
1.41733
1.41748
1.41762
1.41773
1.41776
1.41768
1.41749
1.41716
1.41676
1.41637
1.41607
1.41587
1.41582
1.41586
1.41596
1.41609
1.41622
1.41634
1.41644
1.41652
1.41658
1.41662
1.41665
1.41669
1.41672
1.41676
1.4168
1.41686
1.41692
1.417
1.41708
1.41717
1.41724
1.4173
1.41731
1.41726
1.41717
1.41705
1.41694
1.41687
1.41689
1.41699
1.41713
1.41725
1.41728
1.41716
1.4169
1.41655
1.41621
1.41598
1.41589
1.41593
1.41605
1.4162
1.41634
1.41646
1.41654
1.4166
1.41663
1.41663
1.41662
1.41661
1.4166
1.41659
1.41658
1.41657
1.41658
1.4166
1.41662
1.41664
1.41666
1.41668
1.4167
1.41674
1.41676
1.4168
1.41685
1.41691
1.41696
1.41702
1.41709
1.41715
1.41718
1.41719
1.41715
1.41708
1.41696
1.41683
1.41669
1.41655
1.41645
1.41638
1.41634
1.41634
1.41637
1.4164
1.41643
1.41646
1.41648
1.4165
1.41651
1.41651
1.41653
1.41654
1.41654
1.41656
1.41657
1.41658
1.41659
1.4166
1.41662
1.41663
1.41663
1.41663
1.41665
1.41665
1.41664
1.41665
1.41665
1.41665
1.41666
1.41669
1.41671
1.41673
1.41677
1.41681
1.41684
1.41687
1.41691
1.41693
1.41695
1.41697
1.41696
1.41695
1.41693
1.4169
1.41688
1.41686
1.41683
1.41679
1.41673
1.41667
1.4166
1.41653
1.41647
1.41642
1.41637
1.41633
1.41629
1.41626
1.41624
1.41624
1.41625
1.4163
1.41637
1.41647
1.41659
1.41674
1.4169
1.41704
1.41712
1.41712
1.41701
1.41682
1.41661
1.41643
1.41635
1.41637
1.41648
1.41661
1.41674
1.41681
1.41682
1.41675
1.41662
1.41647
1.41635
1.41627
1.41626
1.4163
1.41639
1.4165
1.41661
1.41672
1.41683
1.41691
1.41696
1.41695
1.41688
1.41673
1.41655
1.41637
1.41625
1.4162
1.41622
1.41632
1.41647
1.41662
1.4168
1.41694
1.41706
1.41712
1.41713
1.41709
1.41702
1.41692
1.41683
1.41676
1.41673
1.4167
1.41667
1.41664
1.41657
1.41653
1.41646
1.41641
1.41637
1.41636
1.41635
1.41634
1.41635
1.41637
1.4164
1.41644
1.41649
1.41656
1.41661
1.41666
1.41671
1.41675
1.41678
1.4168
1.4168
1.41677
1.41674
1.41669
1.41666
1.41663
1.41665
1.41669
1.41675
1.41679
1.41683
1.41681
1.41675
1.41665
1.41654
1.41643
1.41637
1.41633
1.41632
1.41633
1.41637
1.41641
1.41647
1.41653
1.41656
1.4166
1.41662
1.41664
1.41665
1.41665
1.41665
1.41665
1.41666
1.41669
1.41671
1.41673
1.41676
1.41679
1.41681
1.41684
1.41685
1.41687
1.41687
1.41686
1.41683
1.4168
1.41675
1.4167
1.41664
1.41657
1.41652
1.4165
1.41648
1.41647
1.41647
1.41649
1.41651
1.41654
1.41656
1.41661
1.41666
1.41672
1.4168
1.41689
1.417
1.41712
1.41723
1.4173
1.41725
1.41706
1.41671
1.41626
1.41585
1.41558
1.41551
1.41561
1.41582
1.41606
1.41632
1.41657
1.4168
1.41702
1.41722
1.41738
1.4175
1.41754
1.41752
1.41741
1.41725
1.41706
1.41686
1.41667
1.41649
1.41632
1.41617
1.41606
1.416
1.41599
1.41605
1.41616
1.41628
1.41641
1.41654
1.41664
1.41672
1.41678
1.41679
1.41676
1.4167
1.41662
1.41654
1.41648
1.41644
1.41643
1.41647
1.41655
1.41667
1.4168
1.41693
1.41706
1.41717
1.41723
1.41724
1.41719
1.41708
1.41694
1.41678
1.41665
1.41655
1.41649
1.41647
1.41646
1.41647
1.41647
1.41645
1.41643
1.4164
1.41637
