-0.385571
-0.387518
-0.38911
-0.390248
-0.390937
-0.391236
-0.391275
-0.391245
-0.391375
-0.391834
-0.392715
-0.393912
-0.395166
-0.396153
-0.396598
-0.396351
-0.395386
-0.393844
-0.391948
-0.389993
-0.388282
-0.387092
-0.386615
-0.386934
-0.38798
-0.3896
-0.391601
-0.39375
-0.395874
-0.397838
-0.399566
-0.401024
-0.402227
-0.403198
-0.403981
-0.404599
-0.405093
-0.405488
-0.405804
-0.406048
-0.406203
-0.406263
-0.406212
-0.406039
-0.405715
-0.405247
-0.40463
-0.403863
-0.402971
-0.401978
-0.400843
-0.399507
-0.397806
-0.395459
-0.392022
-0.386947
-0.379719
-0.370038
-0.358257
-0.34581
-0.335263
-0.329556
-0.330475
-0.337626
-0.348776
-0.361214
-0.372959
-0.382953
-0.390915
-0.396931
-0.401292
-0.404277
-0.406171
-0.407184
-0.407491
-0.407213
-0.406434
-0.405204
-0.403567
-0.401551
-0.399143
-0.396386
-0.39327
-0.389813
-0.386003
-0.381824
-0.377263
-0.372296
-0.366953
-0.361342
-0.355778
-0.350785
-0.347098
-0.345511
-0.346619
-0.350566
-0.356975
-0.36498
-0.373533
-0.381616
-0.388414
-0.393377
-0.396203
-0.396826
-0.395436
-0.392453
-0.388487
-0.384264
-0.380352
-0.376992
-0.373989
-0.370877
-0.367119
-0.362485
-0.357239
-0.352126
-0.34826
-0.346683
-0.34797
-0.351919
-0.357698
-0.36421
-0.370504
-0.375954
-0.380222
-0.383216
-0.384954
-0.385556
-0.385196
-0.38403
-0.382277
-0.380133
-0.37776
-0.375264
-0.372691
-0.370046
-0.367331
-0.364586
-0.361925
-0.359557
-0.357746
-0.356788
-0.356894
-0.358094
-0.360253
-0.36304
-0.366062
-0.368932
-0.371359
-0.373168
-0.374354
-0.37502
-0.375349
-0.375541
-0.375825
-0.376333
-0.377176
-0.378384
-0.37994
-0.381761
-0.383694
-0.385544
-0.387077
-0.388022
-0.388152
-0.387299
-0.385403
-0.382567
-0.379045
-0.37517
-0.371377
-0.367993
-0.365205
-0.363032
-0.361396
-0.360147
-0.359177
-0.358416
-0.357874
-0.357666
-0.358016
-0.359231
-0.3616
-0.365252
-0.370134
-0.375953
-0.382292
-0.388688
-0.394742
-0.400173
-0.404809
-0.408587
-0.411498
-0.413573
-0.414834
-0.415311
-0.414956
-0.413688
-0.411359
-0.40775
-0.402649
-0.395919
-0.387716
-0.3787
-0.370173
-0.363939
-0.361584
-0.363678
-0.369446
-0.377246
-0.385411
-0.392854
-0.399116
-0.40422
-0.408372
-0.411788
-0.414641
-0.41702
-0.418966
-0.420497
-0.421637
-0.422427
-0.422982
-0.423395
-0.423825
-0.424385
-0.425176
-0.426255
-0.427637
-0.429297
-0.431116
-0.433003
-0.434799
-0.436362
-0.437559
-0.438303
-0.438569
-0.438394
-0.437941
-0.437433
-0.437146
-0.437386
-0.438385
-0.440268
-0.443013
-0.446429
-0.450266
-0.454216
-0.458022
-0.461469
-0.464399
-0.46673
-0.468404
-0.469413
-0.46973
-0.469356
-0.468323
-0.46663
-0.464337
-0.461568
-0.458529
-0.455519
-0.452891
-0.451021
-0.450169
-0.450417
-0.451615
-0.453445
-0.455499
-0.457367
-0.458745
-0.459395
-0.459174
-0.458006
-0.455829
-0.452532
-0.448056
-0.442443
-0.435876
-0.428797
-0.421874
-0.415849
-0.411357
-0.408763
-0.40812
-0.409268
-0.41192
-0.415738
-0.420387
-0.42556
-0.431032
-0.436608
-0.442163
-0.447597
-0.452827
-0.45779
-0.462408
-0.466623
-0.470399
-0.473718
-0.476589
-0.479044
-0.481156
-0.482961
-0.484538
-0.485904
-0.487121
-0.488204
-0.489136
-0.489893
-0.490427
-0.490695
-0.490618
-0.490116
-0.4891
-0.487492
-0.485227
-0.482232
-0.478448
-0.473822
-0.468368
-0.462149
-0.455412
-0.448667
-0.442731
-0.438651
-0.437352
-0.439177
-0.443749
-0.45003
-0.456856
-0.463284
-0.468797
-0.47322
-0.476629
-0.479247
-0.481257
-0.482855
-0.48415
-0.485224
-0.486116
-0.486892
-0.487635
-0.488427
-0.489334
-0.490369
-0.491466
-0.492455
-0.493093
-0.493069
-0.492084
-0.489925
-0.486416
-0.481614
-0.475796
-0.469546
-0.463747
-0.459427
-0.457452
-0.458241
-0.461557
-0.466723
-0.47284
-0.479098
-0.484917
-0.489991
-0.494171
-0.497476
-0.499934
-0.50165
-0.502744
-0.503301
-0.503414
-0.503177
-0.502666
-0.50195
-0.501086
-0.500145
-0.499222
-0.498484
-0.498099
-0.498303
-0.499276
-0.501129
-0.50379
-0.507088
-0.510719
-0.514381
-0.517801
-0.520715
-0.52292
-0.524219
-0.52443
-0.523339
-0.520727
-0.516352
-0.510025
-0.501682
-0.49162
-0.480658
-0.470197
-0.461992
-0.457448
-0.456904
-0.459552
-0.463946
-0.468741
-0.473191
-0.477113
-0.480657
-0.484002
-0.487124
-0.489864
-0.491928
-0.493034
-0.493011
-0.491848
-0.489654
-0.486683
-0.483242
-0.479627
-0.476136
-0.473046
-0.470525
-0.468655
-0.467445
-0.466786
-0.466513
-0.466456
-0.466452
-0.466388
-0.466224
-0.465944
-0.465533
-0.465023
-0.464408
-0.46369
-0.462886
-0.462025
-0.461156
-0.460332
-0.459614
-0.459055
-0.458672
-0.458442
-0.458321
-0.458245
-0.458134
-0.457884
-0.457427
-0.456701
-0.455604
-0.454086
-0.452113
-0.449669
-0.446813
-0.443693
-0.440491
-0.437476
-0.434905
-0.433006
-0.431878
-0.431513
-0.43178
-0.43246
-0.433287
-0.434
-0.434367
-0.434216
-0.433445
-0.432004
-0.429917
-0.427281
-0.42423
-0.420977
-0.417752
-0.414789
-0.41231
-0.410461
-0.409345
-0.408973
-0.409297
-0.41021
-0.411574
-0.413241
-0.415069
-0.416911
-0.418668
-0.420276
-0.42168
-0.422844
-0.423749
-0.424404
-0.424817
-0.42499
-0.424967
-0.42475
-0.424376
-0.423872
-0.423235
-0.422515
-0.421715
-0.420871
-0.42001
-0.419186
-0.418431
-0.417806
-0.417347
-0.417114
-0.41713
-0.417395
-0.417847
-0.418425
-0.41905
-0.419582
-0.419938
-0.420016
-0.419712
-0.418944
-0.417677
-0.415896
-0.413618
-0.41091
-0.407876
-0.40466
-0.401445
-0.398461
-0.395916
-0.393979
-0.392773
-0.392347
-0.392652
-0.393568
-0.394934
-0.396571
-0.398333
-0.400067
-0.401677
-0.403106
-0.404328
-0.405368
-0.406237
-0.406996
-0.40768
-0.408331
-0.408993
-0.40968
-0.410386
-0.411075
-0.411708
-0.412188
-0.412419
-0.412261
-0.411548
-0.410121
-0.407815
-0.404492
-0.400083
-0.394678
-0.388566
-0.38231
-0.376756
-0.372879
-0.371491
-0.372982
-0.377043
-0.382854
-0.389373
-0.39567
-0.401116
-0.405437
-0.408622
-0.41084
-0.412298
-0.41325
-0.413854
-0.414199
-0.414264
-0.413885
-0.412876
-0.411043
-0.40833
-0.404905
-0.40125
-0.39814
-0.396404
-0.396677
-0.399058
-0.403117
-0.408063
-0.413091
-0.417566
-0.421119
-0.423623
-0.425071
-0.425501
-0.424979
-0.423517
-0.421077
-0.417648
-0.413155
-0.407585
-0.400994
-0.393565
-0.385668
-0.377878
-0.370931
-0.365605
-0.362565
-0.362238
-0.364672
-0.369572
-0.37638
-0.384415
-0.392982
-0.401552
-0.409699
-0.417165
-0.423828
-0.429588
-0.434444
-0.438365
-0.441355
-0.443369
-0.444399
-0.444406
-0.443343
-0.441139
-0.437722
-0.432986
-0.426827
-0.419193
-0.41013
-0.399872
-0.388979
-0.378342
-0.369135
-0.362666
-0.359895
-0.36113
-0.365894
-0.373133
-0.381524
-0.389921
-0.397518
-0.403909
-0.408974
-0.412803
-0.415571
-0.417479
-0.418726
-0.41945
-0.419756
-0.419696
-0.419303
-0.418565
-0.417425
-0.415799
-0.413612
-0.410726
-0.407028
-0.402446
-0.396989
-0.39081
-0.384279
-0.377938
-0.372374
-0.368029
-0.364953
-0.362744
-0.360639
-0.357834
-0.35378
-0.348418
-0.342344
-0.336745
-0.333123
-0.332707
-0.335846
-0.341842
-0.34934
-0.356929
-0.363605
-0.36889
-0.372711
-0.375276
-0.376882
-0.377834
-0.378424
-0.378888
-0.379361
-0.379937
-0.380659
-0.381532
-0.382511
-0.383568
-0.38462
-0.385625
-0.386544
-0.387338
-0.38795
-0.388348
-0.388497
-0.388343
-0.387857
-0.386968
-0.385625
-0.38377
-0.381352
-0.37833
-0.374692
-0.370502
-0.365896
-0.361072
-0.356384
-0.352201
-0.348936
-0.346911
-0.346315
-0.347114
-0.349095
-0.351908
-0.355181
-0.358582
-0.361868
-0.3649
-0.367616
-0.370023
-0.372144
-0.374009
-0.375688
-0.377198
-0.378562
-0.379809
-0.380955
-0.381989
-0.38293
-0.38378
-0.384542
-0.385233
-0.385842
-0.386394
-0.386895
-0.387355
-0.38776
-0.388133
-0.388464
-0.388738
-0.388944
-0.389077
-0.389083
-0.388943
-0.388631
-0.388094
-0.387293
-0.386183
-0.38474
-0.382944
-0.380788
-0.37834
-0.375657
-0.372846
-0.370045
-0.367348
-0.36482
-0.362517
-0.360427
-0.358592
-0.357058
-0.355932
-0.355312
-0.355305
-0.355978
-0.357335
-0.359331
-0.361886
-0.364937
-0.368395
-0.372214
-0.376338
-0.380698
-0.385173
-0.389599
-0.393742
-0.397347
-0.400102
-0.401737
-0.40198
-0.400705
-0.397972
-0.394156
-0.389972
-0.386412
-0.384427
-0.384563
-0.386681
-0.389992
-0.393465
-0.396175
-0.39763
-0.397779
-0.396967
-0.395795
-0.394992
-0.395178
-0.396718
-0.399582
-0.403426
-0.407687
-0.411778
-0.415216
-0.417692
-0.419049
-0.419237
-0.418318
-0.416462
-0.413974
-0.411324
-0.409137
-0.408077
-0.40866
-0.411056
-0.414974
-0.419763
-0.424619
-0.428776
-0.431652
-0.432979
-0.432622
-0.430729
-0.42756
-0.423552
-0.419181
-0.414969
-0.411364
-0.408653
-0.406888
-0.405929
-0.405518
-0.405432
-0.405573
-0.405984
-0.406856
-0.408285
-0.410363
-0.412985
-0.41602
-0.41931
-0.42275
-0.426235
-0.429656
-0.432881
-0.4358
-0.438313
-0.440326
-0.441799
-0.442735
-0.443151
-0.443069
-0.442546
-0.441654
-0.440516
-0.439295
-0.438195
-0.437377
-0.436976
-0.436975
-0.437231
-0.437468
-0.437392
-0.436789
-0.435601
-0.433983
-0.432329
-0.431097
-0.430722
-0.431427
-0.433209
-0.435841
-0.439054
-0.442494
-0.445879
-0.448983
-0.451642
-0.453783
-0.45539
-0.45653
-0.457269
-0.457715
-0.457953
-0.458073
-0.458125
-0.458141
-0.458097
-0.457976
-0.457734
-0.457348
-0.456754
-0.455931
-0.454841
-0.453489
-0.451886
-0.450077
-0.448126
-0.44615
-0.44426
-0.442584
-0.441251
-0.440375
-0.440031
-0.440254
-0.441028
-0.442273
-0.443877
-0.445737
-0.447722
-0.449716
-0.451596
-0.453297
-0.454751
-0.455887
-0.456626
-0.456895
-0.456587
-0.455568
-0.453684
-0.450751
-0.446648
-0.441367
-0.435201
-0.428925
-0.423858
-0.421627
-0.423538
-0.429847
-0.43953
-0.450751
-0.461667
-0.470969
-0.477966
-0.482408
-0.484302
-0.483798
-0.481011
-0.476147
-0.469484
-0.461434
-0.452582
-0.443655
-0.435443
-0.428604
-0.423558
-0.420466
-0.419324
-0.420043
-0.422547
-0.426664
-0.432099
-0.438386
-0.44493
-0.451122
-0.456461
-0.460635
-0.463504
-0.46507
-0.465502
-0.464999
-0.463863
-0.462459
-0.461161
-0.460318
-0.460188
-0.460873
-0.462309
-0.464284
-0.466447
-0.468397
-0.469757
-0.470183
-0.469441
-0.467388
-0.464006
-0.459463
-0.454084
-0.448358
-0.442875
-0.43822
-0.434829
-0.432898
-0.432343
-0.432878
-0.434139
-0.435766
-0.437514
-0.43927
-0.441046
-0.442912
-0.444939
-0.447212
-0.449712
