1.20131
1.20262
1.20371
1.20451
1.205
1.20522
1.20527
1.20525
1.20531
1.20558
1.20614
1.20693
1.20777
1.20845
1.20879
1.20867
1.20807
1.20707
1.20582
1.20451
1.20335
1.20252
1.20215
1.20231
1.20296
1.20401
1.20532
1.20675
1.20818
1.2095
1.21067
1.21167
1.21249
1.21315
1.21368
1.2141
1.21444
1.21471
1.21493
1.21509
1.2152
1.21525
1.21522
1.21512
1.21492
1.21462
1.21421
1.21371
1.21313
1.21246
1.21172
1.21085
1.20974
1.20823
1.20602
1.20277
1.19811
1.19181
1.18407
1.17575
1.1685
1.1643
1.16446
1.16886
1.17611
1.18439
1.1923
1.1991
1.20455
1.20869
1.21169
1.21376
1.21508
1.21581
1.21606
1.21591
1.21543
1.21464
1.21358
1.21226
1.21068
1.20886
1.20681
1.20453
1.20201
1.19926
1.19624
1.19296
1.18942
1.18569
1.18197
1.17859
1.17602
1.1748
1.17534
1.17779
1.18192
1.18718
1.19288
1.19833
1.20297
1.20641
1.20844
1.209
1.2082
1.2063
1.20371
1.20089
1.19825
1.19597
1.19396
1.1919
1.18946
1.18643
1.18295
1.1795
1.17679
1.17557
1.17623
1.17871
1.18247
1.18679
1.19102
1.19472
1.19765
1.19973
1.20097
1.20144
1.20125
1.20053
1.1994
1.19799
1.19642
1.19476
1.19305
1.19128
1.18948
1.18765
1.18586
1.18425
1.18301
1.18231
1.1823
1.18303
1.18441
1.18624
1.18825
1.19019
1.19184
1.19309
1.19393
1.1944
1.19463
1.19477
1.19494
1.19526
1.1958
1.19658
1.1976
1.19879
1.20008
1.20132
1.20237
1.20305
1.2032
1.2027
1.20151
1.19968
1.19736
1.19479
1.19225
1.18996
1.18805
1.18657
1.18544
1.18459
1.18393
1.18341
1.18303
1.18286
1.18305
1.18379
1.18527
1.18762
1.19079
1.19462
1.19882
1.2031
1.20717
1.21083
1.21398
1.21655
1.21855
1.21998
1.22088
1.22125
1.22107
1.22029
1.21881
1.2165
1.2132
1.20883
1.20345
1.19745
1.19168
1.18732
1.18546
1.18658
1.19023
1.19534
1.20081
1.20583
1.21009
1.21357
1.21639
1.21871
1.22065
1.22227
1.22359
1.22464
1.22542
1.22597
1.22635
1.22663
1.22691
1.22727
1.22778
1.22849
1.22939
1.23048
1.23169
1.23294
1.23415
1.23521
1.23603
1.23656
1.23677
1.23669
1.2364
1.23605
1.23584
1.23595
1.23657
1.23776
1.23953
1.24178
1.24431
1.24695
1.2495
1.25183
1.25382
1.25541
1.25658
1.25729
1.25755
1.25736
1.25671
1.25563
1.25414
1.25232
1.2503
1.24828
1.24649
1.24518
1.24454
1.24463
1.24538
1.24656
1.24793
1.24921
1.25016
1.25065
1.25057
1.24985
1.24846
1.24634
1.24344
1.23977
1.23545
1.23075
1.22611
1.22201
1.21891
1.21705
1.21649
1.21714
1.21882
1.22129
1.22434
1.22776
1.23139
1.23511
1.23882
1.24246
1.24597
1.2493
1.2524
1.25524
1.25778
1.26003
1.26197
1.26364
1.26507
1.2663
1.26736
1.26829
1.26911
1.26984
1.27047
1.27099
1.27137
1.27157
1.27154
1.27123
1.27059
1.26957
1.26811
1.26616
1.26369
1.26067
1.25708
1.25299
1.24852
1.244
1.23996
1.23709
1.23601
1.23703
1.23991
1.24402
1.24857
1.2529
1.25664
1.25966
1.26201
1.2638
1.26518
1.26626
1.26714
1.26786
1.26847
1.26899
1.26949
1.27001
1.2706
1.27129
1.27202
1.27269
1.27314
1.27317
1.27259
1.27123
1.26898
1.26586
1.26203
1.25787
1.25394
1.25094
1.24944
1.24978
1.25184
1.25519
1.25922
1.26341
1.26733
1.27076
1.27362
1.27587
1.27757
1.27876
1.27953
1.27994
1.28004
1.27991
1.27958
1.27911
1.27854
1.27792
1.2773
1.27678
1.2765
1.27659
1.27719
1.27836
1.28009
1.28225
1.28466
1.28711
1.28941
1.29139
1.29291
1.29384
1.29406
1.29344
1.2918
1.28901
1.28492
1.27948
1.27287
1.26558
1.25852
1.25285
1.24954
1.24893
1.25053
1.25339
1.25658
1.25958
1.26223
1.26461
1.26685
1.26895
1.2708
1.27223
1.27304
1.27311
1.27241
1.27102
1.26908
1.2668
1.26439
1.26205
1.25996
1.25824
1.25695
1.2561
1.25563
1.25543
1.25538
1.25538
1.25534
1.25524
1.25505
1.25479
1.25445
1.25404
1.25357
1.25304
1.25247
1.25189
1.25133
1.25085
1.25047
1.2502
1.25004
1.24995
1.2499
1.24983
1.24968
1.2494
1.24893
1.24823
1.24726
1.24597
1.24437
1.24249
1.24042
1.23829
1.23626
1.23451
1.23319
1.23239
1.2321
1.23224
1.23267
1.23322
1.23371
1.23399
1.23393
1.23346
1.23255
1.2312
1.22947
1.22746
1.22529
1.22314
1.22114
1.21944
1.21817
1.21737
1.21708
1.21725
1.21782
1.21871
1.2198
1.22101
1.22224
1.22342
1.22451
1.22546
1.22624
1.22687
1.22732
1.2276
1.22774
1.22773
1.2276
1.22737
1.22703
1.22662
1.22614
1.22561
1.22505
1.22448
1.22393
1.22342
1.22299
1.22268
1.22252
1.22252
1.22267
1.22296
1.22334
1.22376
1.22413
1.22439
1.22446
1.22428
1.22381
1.223
1.22185
1.22037
1.21859
1.21659
1.21445
1.2123
1.21029
1.20855
1.20721
1.20636
1.20603
1.20618
1.20675
1.20764
1.20872
1.20989
1.21105
1.21214
1.2131
1.21394
1.21464
1.21523
1.21574
1.2162
1.21663
1.21707
1.21753
1.218
1.21846
1.21889
1.21922
1.21939
1.21931
1.21888
1.21798
1.21651
1.21436
1.2115
1.20795
1.20391
1.19972
1.19594
1.19322
1.19211
1.19291
1.19547
1.19926
1.20359
1.20782
1.21152
1.21448
1.21668
1.21821
1.21922
1.21988
1.2203
1.22055
1.22061
1.22039
1.21976
1.2186
1.21685
1.2146
1.21216
1.21002
1.20876
1.20879
1.21025
1.21286
1.21612
1.21949
1.22252
1.22496
1.2267
1.22773
1.22809
1.2278
1.22688
1.22533
1.22311
1.22019
1.21655
1.21222
1.20731
1.20207
1.19685
1.19214
1.18846
1.18627
1.18586
1.18731
1.19043
1.19487
1.20016
1.20586
1.21158
1.21704
1.22207
1.22656
1.23047
1.23377
1.23644
1.23849
1.2399
1.24065
1.24072
1.24009
1.2387
1.23651
1.23344
1.22944
1.22445
1.2185
1.21173
1.20449
1.19735
1.19108
1.18655
1.18444
1.185
1.18797
1.19267
1.19823
1.20385
1.20899
1.21333
1.2168
1.21943
1.22134
1.22267
1.22354
1.22405
1.22427
1.22426
1.22402
1.22355
1.22282
1.22177
1.22036
1.21848
1.21607
1.21308
1.20949
1.2054
1.20106
1.1968
1.19303
1.19005
1.18793
1.18641
1.18502
1.18322
1.18061
1.17711
1.17308
1.16927
1.16668
1.16617
1.16804
1.17188
1.17682
1.18191
1.18644
1.19006
1.1927
1.19449
1.19561
1.19629
1.19671
1.19701
1.19732
1.1977
1.19817
1.19875
1.1994
1.20009
1.2008
1.20149
1.20211
1.20265
1.20307
1.20335
1.20347
1.20339
1.20308
1.20252
1.20165
1.20045
1.19888
1.1969
1.19452
1.19177
1.18871
1.18551
1.18236
1.17952
1.17727
1.17583
1.17533
1.17578
1.17703
1.17886
1.18102
1.18328
1.18549
1.18753
1.18937
1.19099
1.19241
1.19367
1.1948
1.19581
1.19673
1.19757
1.19833
1.19903
1.19967
1.20024
1.20076
1.20122
1.20164
1.20201
1.20235
1.20266
1.20294
1.20319
1.20341
1.20359
1.20373
1.20382
1.20383
1.20375
1.20356
1.20322
1.20271
1.20199
1.20105
1.19988
1.19847
1.19685
1.19507
1.19321
1.19134
1.18953
1.18783
1.18628
1.18487
1.18363
1.18259
1.18181
1.18136
1.18132
1.18172
1.18258
1.18387
1.18554
1.18754
1.18982
1.19234
1.19507
1.19796
1.20094
1.2039
1.20669
1.20914
1.21105
1.21222
1.21248
1.21174
1.21001
1.20752
1.20473
1.20228
1.20083
1.20078
1.20207
1.20423
1.20656
1.20843
1.2095
1.20968
1.20919
1.20841
1.20783
1.20787
1.20879
1.21062
1.21313
1.21596
1.21872
1.22107
1.22279
1.22377
1.22397
1.22343
1.22225
1.22062
1.21885
1.21734
1.21654
1.21681
1.21829
1.22081
1.22397
1.22723
1.23006
1.23208
1.23307
1.23294
1.23178
1.22975
1.22711
1.22421
1.22138
1.21892
1.21705
1.21581
1.21513
1.21483
1.21476
1.21483
1.21508
1.21562
1.21654
1.21788
1.2196
1.2216
1.22378
1.22607
1.22839
1.23067
1.23283
1.2348
1.2365
1.23788
1.2389
1.23957
1.23988
1.23985
1.23953
1.23896
1.23821
1.2374
1.23664
1.23608
1.23578
1.23575
1.23591
1.23608
1.23606
1.23569
1.23493
1.23387
1.23276
1.2319
1.23158
1.23197
1.23309
1.23481
1.23692
1.23921
1.24148
1.24357
1.24537
1.24683
1.24794
1.24873
1.24924
1.24956
1.24973
1.24981
1.24985
1.24986
1.24983
1.24976
1.24961
1.24937
1.24899
1.24846
1.24775
1.24687
1.24581
1.24462
1.24333
1.24201
1.24074
1.23961
1.2387
1.23808
1.23782
1.23793
1.2384
1.2392
1.24025
1.24148
1.24279
1.24412
1.24539
1.24654
1.24752
1.2483
1.24882
1.24903
1.24887
1.24824
1.24705
1.24517
1.24251
1.23906
1.235
1.23079
1.22728
1.22556
1.22654
1.23047
1.23674
1.24417
1.25152
1.25786
1.26268
1.26582
1.26725
1.26706
1.26535
1.26224
1.25791
1.25262
1.24675
1.24078
1.23524
1.23057
1.22708
1.22488
1.22399
1.22436
1.22591
1.22856
1.2321
1.23625
1.24062
1.24478
1.24841
1.25128
1.25327
1.25441
1.25476
1.25448
1.25376
1.25283
1.25195
1.25135
1.25121
1.25161
1.25253
1.25381
1.25525
1.25658
1.25754
1.2579
1.25749
1.25621
1.25405
1.25109
1.24754
1.24373
1.24004
1.23687
1.23451
1.23312
1.23266
1.23295
1.23375
1.23482
1.23599
1.23716
1.23834
1.23958
1.24092
1.24241
1.24406
