0.0600767
0.0601352
0.0601829
0.0602163
0.0602351
0.0602414
0.0602387
0.0602326
0.0602302
0.0602378
0.0602585
0.0602895
0.0603233
0.0603499
0.0603604
0.0603495
0.0603162
0.0602642
0.0602003
0.0601337
0.0600738
0.0600294
0.0600068
0.0600085
0.0600334
0.060077
0.060133
0.0601947
0.0602562
0.0603133
0.0603634
0.0604057
0.0604401
0.0604676
0.0604892
0.0605063
0.0605199
0.0605308
0.0605395
0.0605464
0.0605512
0.0605538
0.0605535
0.0605499
0.0605424
0.0605307
0.0605147
0.0604948
0.0604714
0.0604449
0.0604151
0.0603799
0.0603345
0.0602703
0.0601742
0.0600294
0.0598187
0.0595316
0.0591759
0.0587922
0.0584572
0.0582633
0.0582726
0.0584802
0.0588202
0.0592085
0.0595793
0.0598974
0.0601517
0.0603449
0.060485
0.0605816
0.0606434
0.0606776
0.0606898
0.0606837
0.0606622
0.0606269
0.060579
0.060519
0.0604475
0.0603647
0.0602711
0.0601668
0.0600516
0.0599251
0.0597864
0.0596348
0.0594707
0.0592976
0.059124
0.0589655
0.0588443
0.0587852
0.0588079
0.0589192
0.0591085
0.0593506
0.0596131
0.0598639
0.060077
0.0602344
0.0603261
0.0603495
0.0603096
0.0602186
0.0600954
0.0599619
0.059837
0.0597295
0.0596348
0.0595381
0.059423
0.0592806
0.0591165
0.0589531
0.058824
0.0587633
0.0587908
0.0589027
0.0590745
0.0592726
0.0594666
0.0596356
0.0597687
0.0598624
0.0599173
0.0599369
0.0599259
0.0598904
0.0598364
0.0597701
0.0596965
0.0596189
0.0595392
0.0594577
0.0593742
0.0592898
0.0592075
0.0591335
0.0590762
0.0590444
0.059045
0.05908
0.0591454
0.0592317
0.0593267
0.0594182
0.0594964
0.059556
0.0595961
0.0596195
0.0596318
0.0596396
0.0596492
0.0596659
0.0596928
0.0597313
0.0597809
0.0598392
0.059902
0.0599633
0.0600156
0.060051
0.0600618
0.0600426
0.0599911
0.0599098
0.0598058
0.0596902
0.0595754
0.0594722
0.0593867
0.0593204
0.0592706
0.0592332
0.059204
0.0591807
0.0591633
0.0591549
0.0591623
0.0591948
0.0592614
0.0593674
0.0595118
0.0596865
0.0598787
0.0600739
0.0602597
0.0604268
0.0605698
0.0606865
0.0607767
0.0608413
0.0608814
0.0608975
0.0608887
0.0608525
0.0607845
0.0606782
0.0605264
0.0603244
0.0600753
0.0597973
0.0595294
0.0593267
0.0592408
0.0592938
0.0594653
0.0597056
0.0599618
0.0601976
0.0603974
0.0605604
0.0606928
0.0608019
0.0608933
0.06097
0.0610334
0.061084
0.0611225
0.0611505
0.0611708
0.0611869
0.061203
0.0612231
0.0612504
0.0612869
0.0613331
0.0613878
0.0614485
0.0615115
0.0615724
0.0616266
0.06167
0.0616997
0.0617144
0.0617154
0.0617069
0.0616956
0.0616903
0.0617004
0.0617335
0.0617938
0.061881
0.0619901
0.0621131
0.0622408
0.0623647
0.062478
0.0625758
0.0626553
0.0627148
0.0627535
0.0627712
0.0627679
0.0627435
0.0626985
0.0626345
0.0625549
0.0624657
0.0623759
0.0622966
0.0622393
0.0622126
0.0622196
0.0622567
0.0623143
0.0623799
0.062441
0.0624871
0.0625109
0.062508
0.0624755
0.0624112
0.0623127
0.0621778
0.0620065
0.0618041
0.0615835
0.0613647
0.061171
0.0610226
0.0609316
0.0609007
0.0609256
0.0609974
0.061106
0.0612408
0.0613924
0.0615533
0.0617178
0.0618819
0.0620425
0.0621972
0.0623437
0.0624798
0.0626038
0.0627146
0.0628117
0.0628954
0.0629669
0.0630277
0.0630796
0.0631245
0.0631641
0.0631995
0.0632312
0.0632591
0.0632825
0.0633001
0.0633101
0.0633103
0.0632982
0.0632715
0.0632274
0.0631635
0.0630775
0.0629675
0.062832
0.0626705
0.0624849
0.0622817
0.0620758
0.0618917
0.0617614
0.0617147
0.0617651
0.0619027
0.0620973
0.0623123
0.0625172
0.0626941
0.0628371
0.0629483
0.0630338
0.0631001
0.063153
0.0631963
0.0632326
0.0632636
0.0632911
0.0633174
0.063345
0.0633764
0.0634121
0.0634502
0.063486
0.0635117
0.0635181
0.063496
0.0634373
0.0633374
0.0631964
0.0630222
0.0628318
0.0626517
0.0625137
0.0624459
0.0624628
0.06256
0.0627169
0.0629057
0.0631007
0.0632833
0.0634427
0.0635746
0.0636784
0.063756
0.0638104
0.0638446
0.0638619
0.0638653
0.0638575
0.0638407
0.0638172
0.063789
0.0637582
0.0637277
0.0637019
0.0636867
0.0636891
0.0637151
0.063768
0.0638469
0.0639462
0.0640574
0.064171
0.0642779
0.0643704
0.064442
0.0644869
0.0644991
0.0644723
0.0643993
0.0642726
0.0640856
0.0638362
0.0635316
0.063195
0.0628685
0.0626061
0.0624539
0.0624273
0.0625038
0.0626387
0.0627891
0.0629295
0.0630532
0.0631641
0.0632678
0.0633651
0.063451
0.0635168
0.0635539
0.0635563
0.0635227
0.0634566
0.063365
0.0632572
0.0631432
0.0630323
0.0629327
0.06285
0.0627874
0.062745
0.0627198
0.062707
0.062701
0.0626967
0.0626909
0.0626814
0.0626679
0.0626504
0.0626294
0.062605
0.0625774
0.062547
0.0625147
0.0624817
0.0624499
0.0624213
0.0623973
0.0623787
0.0623651
0.0623553
0.062347
0.0623379
0.0623255
0.062307
0.0622802
0.0622426
0.0621923
0.0621279
0.0620491
0.0619575
0.0618569
0.0617536
0.0616552
0.0615701
0.0615051
0.0614641
0.0614474
0.061451
0.0614683
0.0614913
0.0615116
0.0615222
0.0615173
0.0614934
0.0614489
0.0613842
0.0613019
0.0612065
0.0611041
0.0610018
0.0609069
0.0608261
0.0607647
0.0607257
0.0607098
0.0607157
0.0607402
0.0607791
0.0608277
0.0608815
0.0609365
0.0609893
0.0610375
0.0610794
0.0611141
0.0611411
0.0611603
0.0611722
0.0611771
0.0611757
0.0611687
0.0611568
0.0611407
0.0611212
0.0610988
0.0610743
0.0610485
0.0610223
0.0609969
0.0609738
0.0609546
0.0609411
0.0609343
0.0609352
0.0609437
0.0609586
0.0609779
0.0609987
0.0610179
0.0610319
0.0610374
0.0610315
0.0610119
0.0609771
0.0609264
0.0608601
0.0607801
0.0606893
0.0605922
0.0604947
0.0604033
0.0603245
0.0602641
0.0602261
0.0602118
0.0602201
0.0602477
0.0602896
0.0603405
0.060395
0.060449
0.0604993
0.060544
0.0605824
0.0606145
0.0606413
0.0606642
0.0606846
0.0607042
0.0607239
0.0607445
0.0607659
0.0607872
0.0608069
0.0608225
0.0608307
0.0608275
0.0608081
0.0607671
0.0606994
0.0606004
0.0604678
0.0603033
0.060115
0.0599198
0.0597429
0.0596145
0.0595616
0.0595972
0.0597147
0.0598898
0.06009
0.0602857
0.0604564
0.0605924
0.0606929
0.0607624
0.0608082
0.0608376
0.0608565
0.0608676
0.0608703
0.0608606
0.0608322
0.060779
0.0606986
0.0605952
0.0604828
0.0603845
0.0603268
0.0603301
0.0603998
0.060524
0.0606791
0.0608392
0.060984
0.0611014
0.0611866
0.061239
0.0612602
0.0612519
0.0612147
0.0611481
0.0610507
0.0609207
0.0607571
0.0605611
0.060338
0.0600986
0.0598598
0.0596438
0.0594748
0.0593745
0.0593567
0.0594247
0.0595701
0.0597762
0.0600216
0.0602854
0.0605496
0.0608016
0.0610329
0.0612391
0.061418
0.0615686
0.0616905
0.0617834
0.0618468
0.0618801
0.0618824
0.0618521
0.0617874
0.0616854
0.0615431
0.0613572
0.0611256
0.0608491
0.0605342
0.0601965
0.0598626
0.0595691
0.0593558
0.0592546
0.0592778
0.0594133
0.059629
0.0598846
0.0601431
0.0603784
0.0605766
0.0607337
0.0608519
0.0609368
0.0609947
0.0610315
0.0610521
0.0610599
0.0610569
0.0610439
0.0610207
0.0609859
0.0609371
0.0608712
0.0607845
0.0606733
0.0605347
0.0603688
0.0601799
0.0599786
0.0597813
0.0596066
0.0594687
0.0593707
0.059301
0.0592371
0.0591536
0.0590318
0.0588678
0.0586777
0.0584971
0.0583725
0.0583442
0.0584266
0.0586012
0.0588268
0.059059
0.0592648
0.0594278
0.0595451
0.0596222
0.0596685
0.0596938
0.0597071
0.0597156
0.0597244
0.0597367
0.0597537
0.0597757
0.0598016
0.05983
0.0598594
0.059888
0.0599143
0.0599369
0.0599545
0.0599661
0.0599702
0.0599658
0.0599513
0.0599252
0.0598856
0.0598306
0.0597586
0.0596682
0.059559
0.0594324
0.0592918
0.059144
0.0589985
0.0588673
0.0587631
0.0586966
0.0586737
0.0586944
0.0587522
0.0588369
0.0589367
0.0590413
0.0591428
0.0592365
0.0593202
0.059394
0.0594585
0.0595154
0.059566
0.0596114
0.0596527
0.0596904
0.0597249
0.0597565
0.0597853
0.0598115
0.0598353
0.0598569
0.0598766
0.0598946
0.0599112
0.0599265
0.0599409
0.0599542
0.0599665
0.0599774
0.0599866
0.0599936
0.0599975
0.0599974
0.0599922
0.0599806
0.0599611
0.0599325
0.0598936
0.0598437
0.0597831
0.0597128
0.0596352
0.0595535
0.0594712
0.0593916
0.0593172
0.059249
0.0591877
0.0591337
0.0590887
0.0590551
0.0590366
0.0590364
0.0590568
0.059098
0.0591589
0.0592372
0.0593304
0.0594364
0.0595536
0.0596804
0.0598146
0.0599531
0.0600908
0.0602208
0.0603351
0.0604244
0.0604796
0.0604929
0.0604594
0.0603801
0.0602652
0.0601362
0.0600231
0.0599567
0.0599558
0.060018
0.0601207
0.0602317
0.0603218
0.0603739
0.0603849
0.0603641
0.0603301
0.060305
0.0603093
0.0603551
0.0604434
0.0605639
0.0606996
0.0608322
0.0609463
0.0610315
0.0610822
0.0610968
0.0610769
0.0610273
0.060957
0.06088
0.0608151
0.0607833
0.0608014
0.0608761
0.061
0.0611538
0.0613121
0.0614509
0.0615519
0.0616045
0.0616055
0.0615577
0.0614692
0.0613524
0.0612226
0.0610959
0.0609865
0.0609037
0.0608501
0.0608218
0.0608109
0.0608098
0.0608149
0.0608276
0.0608529
0.0608956
0.0609574
0.0610361
0.0611277
0.0612275
0.0613319
0.0614377
0.0615416
0.06164
0.0617292
0.0618058
0.0618674
0.0619127
0.0619412
0.0619534
0.0619501
0.0619329
0.061904
0.061867
0.0618269
0.0617896
0.0617609
0.0617447
0.0617411
0.061746
0.0617513
0.0617476
0.0617277
0.0616889
0.061636
0.0615798
0.0615351
0.0615153
0.0615285
0.0615753
0.0616498
0.0617426
0.0618435
0.0619433
0.0620349
0.0621133
0.0621758
0.0622219
0.0622531
0.0622719
0.0622814
0.0622847
0.0622844
0.0622822
0.0622788
0.0622744
0.0622682
0.0622591
0.0622457
0.0622266
0.0622007
0.0621672
0.0621257
0.0620768
0.0620217
0.0619625
0.0619022
0.0618445
0.0617934
0.0617529
0.0617264
0.0617166
0.0617244
0.0617495
0.0617899
0.0618425
0.0619035
0.0619691
0.0620354
0.0620993
0.0621581
0.0622095
0.0622516
0.0622822
0.0622989
0.0622984
0.0622766
0.0622285
0.0621487
0.0620326
0.0618795
0.0616969
0.061507
0.0613491
0.061274
0.0613245
0.0615129
0.061811
0.0621633
0.0625117
0.0628131
0.063044
0.0631959
0.0632689
0.0632664
0.0631931
0.0630547
0.0628592
0.0626188
0.0623509
0.062078
0.0618241
0.0616103
0.0614506
0.0613508
0.0613108
0.0613283
0.0614004
0.0615225
0.0616861
0.0618771
0.0620774
0.0622681
0.0624333
0.0625625
0.0626509
0.0626986
0.0627098
0.0626912
0.0626518
0.0626026
0.0625553
0.062521
0.0625082
0.0625208
0.0625574
0.0626114
0.0626727
0.0627292
0.0627687
0.0627807
0.0627569
0.0626928
0.0625875
0.0624455
0.0622762
0.0620945
0.0619185
0.0617666
0.0616531
0.0615846
0.0615596
0.0615697
0.0616035
0.0616497
0.0617004
0.0617514
0.0618027
0.0618561
0.0619146
0.0619801
0.0620533
