1.80196
1.80393
1.80557
1.80676
1.80749
1.80784
1.8079
1.80787
1.80796
1.80838
1.80922
1.81039
1.81165
1.81268
1.81318
1.813
1.81211
1.81061
1.80873
1.80677
1.80502
1.80378
1.80323
1.80346
1.80444
1.80601
1.80798
1.81013
1.81227
1.81425
1.81601
1.8175
1.81873
1.81973
1.82052
1.82116
1.82166
1.82207
1.82239
1.82264
1.8228
1.82287
1.82284
1.82268
1.82238
1.82192
1.82132
1.82057
1.81969
1.81869
1.81758
1.81627
1.81462
1.81234
1.80904
1.80415
1.79716
1.78772
1.7761
1.76362
1.75275
1.74645
1.74669
1.75329
1.76416
1.77658
1.78846
1.79866
1.80682
1.81303
1.81754
1.82064
1.82263
1.82372
1.82409
1.82387
1.82314
1.82196
1.82037
1.81838
1.81602
1.8133
1.81022
1.80679
1.80302
1.79888
1.79436
1.78944
1.78412
1.77853
1.77295
1.76788
1.76403
1.7622
1.76302
1.76669
1.77288
1.78078
1.78932
1.79749
1.80445
1.80961
1.81266
1.8135
1.8123
1.80945
1.80556
1.80133
1.79737
1.79395
1.79094
1.78786
1.78419
1.77964
1.77443
1.76925
1.76519
1.76335
1.76435
1.76806
1.7737
1.78019
1.78654
1.79208
1.79647
1.79959
1.80145
1.80216
1.80188
1.80079
1.7991
1.79699
1.79464
1.79214
1.78957
1.78693
1.78422
1.78147
1.77879
1.77638
1.77451
1.77346
1.77345
1.77455
1.77662
1.77936
1.78238
1.78529
1.78776
1.78964
1.79089
1.7916
1.79195
1.79216
1.79242
1.7929
1.7937
1.79487
1.79639
1.79819
1.80012
1.80199
1.80356
1.80458
1.8048
1.80405
1.80226
1.79951
1.79604
1.79219
1.78838
1.78494
1.78208
1.77985
1.77816
1.77688
1.77589
1.77511
1.77454
1.77429
1.77457
1.77568
1.77791
1.78143
1.78619
1.79193
1.79823
1.80464
1.81075
1.81625
1.82096
1.82482
1.82782
1.82997
1.83132
1.83187
1.8316
1.83043
1.82821
1.82475
1.81981
1.81325
1.80517
1.79617
1.78752
1.78098
1.77819
1.77987
1.78534
1.79302
1.80121
1.80875
1.81514
1.82036
1.82459
1.82807
1.83097
1.8334
1.83539
1.83696
1.83813
1.83895
1.83952
1.83995
1.84037
1.84091
1.84168
1.84273
1.84409
1.84572
1.84753
1.84941
1.85122
1.85281
1.85405
1.85484
1.85516
1.85503
1.85459
1.85408
1.85376
1.85393
1.85485
1.85664
1.8593
1.86266
1.86647
1.87042
1.87426
1.87774
1.88073
1.88312
1.88486
1.88593
1.88633
1.88604
1.88507
1.88344
1.88121
1.87848
1.87545
1.87242
1.86973
1.86777
1.86681
1.86695
1.86806
1.86985
1.8719
1.87381
1.87525
1.87598
1.87585
1.87478
1.87269
1.86951
1.86516
1.85966
1.85318
1.84613
1.83916
1.83302
1.82836
1.82557
1.82474
1.82571
1.82822
1.83194
1.83651
1.84165
1.84709
1.85266
1.85823
1.86368
1.86895
1.87394
1.8786
1.88286
1.88668
1.89004
1.89296
1.89547
1.89761
1.89945
1.90104
1.90243
1.90367
1.90476
1.90571
1.90649
1.90705
1.90735
1.90731
1.90685
1.90589
1.90435
1.90216
1.89924
1.89554
1.891
1.88563
1.87948
1.87278
1.866
1.85994
1.85563
1.85402
1.85554
1.85986
1.86603
1.87285
1.87935
1.88497
1.8895
1.89301
1.89569
1.89776
1.89939
1.90071
1.90179
1.9027
1.90349
1.90423
1.90502
1.90591
1.90693
1.90803
1.90903
1.90971
1.90976
1.90889
1.90684
1.90347
1.89878
1.89304
1.8868
1.88092
1.8764
1.87417
1.87467
1.87776
1.88278
1.88884
1.89511
1.90099
1.90615
1.91042
1.9138
1.91635
1.91815
1.9193
1.91991
1.92007
1.91986
1.91938
1.91867
1.91781
1.91687
1.91595
1.91518
1.91475
1.91488
1.91578
1.91754
1.92013
1.92337
1.92698
1.93066
1.93411
1.93708
1.93936
1.94077
1.9411
1.94015
1.9377
1.93351
1.92738
1.91923
1.90931
1.89837
1.88778
1.87928
1.87432
1.8734
1.8758
1.88008
1.88488
1.88937
1.89334
1.89692
1.90027
1.90342
1.90621
1.90835
1.90956
1.90967
1.90862
1.90653
1.90362
1.9002
1.89658
1.89308
1.88994
1.88735
1.88543
1.88415
1.88345
1.88315
1.88307
1.88307
1.88302
1.88286
1.88258
1.88218
1.88167
1.88106
1.88035
1.87956
1.8787
1.87783
1.877
1.87628
1.8757
1.8753
1.87506
1.87493
1.87485
1.87475
1.87452
1.8741
1.8734
1.87235
1.87088
1.86895
1.86655
1.86374
1.86063
1.85743
1.85439
1.85177
1.84979
1.84858
1.84815
1.84836
1.84901
1.84984
1.85057
1.85098
1.8509
1.85019
1.84882
1.84679
1.8442
1.84118
1.83794
1.8347
1.83171
1.82917
1.82725
1.82606
1.82562
1.82588
1.82674
1.82806
1.8297
1.83151
1.83336
1.83513
1.83676
1.83818
1.83937
1.8403
1.84097
1.84141
1.84161
1.8416
1.84141
1.84105
1.84055
1.83993
1.83921
1.83842
1.83758
1.83673
1.83589
1.83513
1.83449
1.83402
1.83378
1.83377
1.83401
1.83444
1.83502
1.83564
1.83619
1.83658
1.83669
1.83642
1.83571
1.8345
1.83278
1.83056
1.82789
1.82488
1.82167
1.81845
1.81543
1.81283
1.81082
1.80954
1.80904
1.80927
1.81013
1.81146
1.81308
1.81483
1.81657
1.8182
1.81966
1.82091
1.82196
1.82285
1.82361
1.8243
1.82495
1.82561
1.82629
1.827
1.82769
1.82833
1.82883
1.82908
1.82896
1.82832
1.82697
1.82476
1.82154
1.81724
1.81193
1.80586
1.79958
1.79392
1.78982
1.78817
1.78937
1.7932
1.79889
1.80538
1.81173
1.81728
1.82172
1.82501
1.82731
1.82883
1.82982
1.83045
1.83083
1.83091
1.83059
1.82965
1.8279
1.82527
1.8219
1.81824
1.81504
1.81314
1.81319
1.81537
1.81929
1.82418
1.82923
1.83378
1.83744
1.84005
1.8416
1.84213
1.8417
1.84033
1.838
1.83467
1.83029
1.82483
1.81833
1.81097
1.8031
1.79528
1.78821
1.78269
1.7794
1.77879
1.78096
1.78564
1.7923
1.80024
1.80878
1.81736
1.82556
1.8331
1.83984
1.8457
1.85065
1.85466
1.85773
1.85985
1.86097
1.86108
1.86013
1.85806
1.85477
1.85017
1.84416
1.83668
1.82775
1.8176
1.80674
1.79602
1.78662
1.77983
1.77666
1.7775
1.78196
1.78901
1.79734
1.80578
1.81348
1.82
1.82519
1.82914
1.83201
1.834
1.8353
1.83607
1.83641
1.83639
1.83603
1.83532
1.83422
1.83266
1.83053
1.82772
1.82411
1.81961
1.81423
1.80811
1.80159
1.7952
1.78955
1.78508
1.78189
1.77961
1.77753
1.77483
1.77091
1.76567
1.75962
1.75391
1.75002
1.74926
1.75205
1.75782
1.76523
1.77286
1.77966
1.78509
1.78905
1.79173
1.79342
1.79444
1.79506
1.79552
1.79599
1.79655
1.79726
1.79812
1.79909
1.80014
1.8012
1.80223
1.80317
1.80397
1.80461
1.80503
1.8052
1.80508
1.80462
1.80377
1.80248
1.80068
1.79831
1.79535
1.79178
1.78765
1.78307
1.77826
1.77353
1.76928
1.7659
1.76374
1.763
1.76367
1.76554
1.76828
1.77152
1.77493
1.77823
1.7813
1.78405
1.78648
1.78862
1.79051
1.79219
1.79371
1.79509
1.79635
1.7975
1.79855
1.7995
1.80036
1.80114
1.80183
1.80246
1.80302
1.80353
1.80399
1.80441
1.80478
1.80511
1.80539
1.8056
1.80573
1.80575
1.80563
1.80534
1.80483
1.80406
1.80299
1.80158
1.79982
1.7977
1.79527
1.79261
1.78982
1.78701
1.78429
1.78175
1.77941
1.77731
1.77545
1.77389
1.77272
1.77204
1.77197
1.77258
1.77387
1.7758
1.77831
1.78131
1.78472
1.78851
1.7926
1.79694
1.80141
1.80585
1.81004
1.81371
1.81657
1.81833
1.81872
1.8176
1.81501
1.81128
1.80709
1.80342
1.80124
1.80117
1.80311
1.80634
1.80983
1.81265
1.81424
1.81452
1.81378
1.81262
1.81174
1.8118
1.81319
1.81593
1.8197
1.82394
1.82807
1.8316
1.83419
1.83566
1.83596
1.83515
1.83337
1.83093
1.82828
1.82601
1.82481
1.82521
1.82743
1.83122
1.83596
1.84084
1.84509
1.84812
1.8496
1.84942
1.84767
1.84462
1.84067
1.83631
1.83206
1.82838
1.82558
1.82372
1.82269
1.82225
1.82214
1.82224
1.82262
1.82343
1.82481
1.82683
1.8294
1.83239
1.83567
1.8391
1.84258
1.846
1.84925
1.8522
1.85475
1.85682
1.85835
1.85935
1.85981
1.85978
1.8593
1.85844
1.85732
1.85609
1.85497
1.85412
1.85367
1.85363
1.85386
1.85411
1.85408
1.85353
1.85239
1.85081
1.84914
1.84785
1.84737
1.84796
1.84964
1.85222
1.85538
1.85881
1.86221
1.86535
1.86806
1.87025
1.87192
1.87309
1.87387
1.87433
1.87459
1.87472
1.87478
1.87479
1.87475
1.87464
1.87442
1.87405
1.87349
1.87269
1.87163
1.8703
1.86872
1.86693
1.865
1.86302
1.86112
1.85942
1.85805
1.85712
1.85673
1.85689
1.8576
1.8588
1.86038
1.86222
1.86419
1.86618
1.86808
1.86981
1.87129
1.87245
1.87323
1.87355
1.87331
1.87237
1.87057
1.86775
1.86377
1.8586
1.8525
1.84618
1.84092
1.83834
1.8398
1.8457
1.85511
1.86626
1.87728
1.88679
1.89403
1.89872
1.90088
1.90059
1.89803
1.89336
1.88687
1.87893
1.87012
1.86117
1.85286
1.84585
1.84061
1.83733
1.83599
1.83654
1.83887
1.84283
1.84816
1.85438
1.86092
1.86717
1.87262
1.87691
1.87991
1.88161
1.88214
1.88172
1.88064
1.87925
1.87792
1.87702
1.87681
1.87742
1.87879
1.88072
1.88288
1.88487
1.88631
1.88685
1.88624
1.88432
1.88107
1.87663
1.87131
1.8656
1.86006
1.8553
1.85177
1.84968
1.84899
1.84943
1.85063
1.85223
1.85398
1.85574
1.85752
1.85936
1.86137
1.86361
1.86608
