1.20765 0
1.19607 0.0115777
1.20099 0.00830074
1.19782 0.00666903
1.20125 0.0061996
1.19715 0.00651766
1.19544 0.00576672
1.1924 0.00584732
1.18983 0.0057625
1.1892 0.00519245
1.18925 0.00469704
1.18845 0.00436242
1.18887 0.00403547
1.18904 0.00373989
1.19008 0.00363416
1.19066 0.00344845
1.19222 0.0035924
1.19428 0.00396461
1.19421 0.00375065
1.1959 0.00393621
1.19709 0.00393063
1.19895 0.00418374
1.20005 0.00414608
1.20131 0.00416514
1.20231 0.00411738
1.20258 0.00396491
1.20295 0.00383324
1.20275 0.00369923
1.20286 0.00357106
1.20252 0.00346676
1.20248 0.00335331
1.20272 0.00325615
1.20254 0.00316114
1.20208 0.00310075
1.20215 0.00301161
1.20198 0.00293161
1.2014 0.00291026
1.20151 0.00283493
1.20117 0.00278196
1.20067 0.00275835
1.20014 0.00274251
1.1994 0.00277439
1.19893 0.00275089
1.19823 0.00277589
1.19776 0.00275403
1.19753 0.00270375
1.19729 0.00265617
1.19704 0.00261235
1.19693 0.00256095
1.19658 0.00253255
