1.19618 0
1.19567 0.000516966
1.19671 0.00109078
1.20003 0.00340814
1.19869 0.00296258
1.20208 0.00416438
1.20431 0.00416787
1.20604 0.00400275
1.20573 0.00354379
1.20724 0.00350874
1.20778 0.00321952
1.20793 0.00294322
1.20736 0.00276693
1.20658 0.00268019
1.2059 0.00258526
1.20509 0.00254931
1.20374 0.00274972
1.20384 0.00259434
1.20407 0.00246468
1.20403 0.00233849
1.20462 0.00230128
1.20472 0.00219632
1.20443 0.00211862
1.20414 0.00204904
1.20397 0.0019724
1.20343 0.00196972
1.20375 0.0019215
1.20366 0.00185389
1.20431 0.00190503
1.20422 0.00184271
1.20424 0.00178235
1.20351 0.00187419
1.203 0.00188655
1.20201 0.00208044
1.20111 0.00221244
1.20012 0.0023642
1.19937 0.00242071
1.19855 0.00249318
1.19771 0.00257039
1.19719 0.00255955
1.19685 0.00251909
1.19583 0.0026619
1.19501 0.00272574
1.19414 0.00280184
1.1931 0.00292901
1.1926 0.00290769
1.19214 0.00288131
1.1919 0.00283123
1.19209 0.00277937
1.192 0.00272459
