1.20244 0
1.19139 0.0110485
1.19025 0.00648109
1.18746 0.00536284
1.18202 0.00684565
1.18059 0.00576987
1.17883 0.00518498
1.17874 0.00449126
1.17995 0.00414158
1.18122 0.00391852
1.18464 0.00492401
1.18677 0.00497245
1.18811 0.00476653
1.18939 0.00459368
1.18905 0.00428996
1.18952 0.00404118
1.19013 0.00384406
1.1899 0.00363143
1.19077 0.00354405
1.18987 0.00348069
1.18846 0.0035985
1.18718 0.0036639
1.18551 0.00387896
1.18431 0.00390059
1.18374 0.00378427
1.18325 0.00366996
1.18316 0.00353248
1.18418 0.00355357
1.18506 0.00353953
1.18635 0.00365472
1.18759 0.0037475
1.18916 0.00395463
1.19016 0.00396088
1.19145 0.00405271
1.19247 0.00406426
1.19367 0.00413041
1.19501 0.00423266
1.19614 0.00427265
1.19748 0.00437265
1.19865 0.00441761
1.19994 0.00449829
1.20085 0.00448346
1.2019 0.00450127
1.20277 0.00448384
1.2035 0.00444297
1.20403 0.00437745
1.20481 0.00435396
1.20528 0.00428836
1.20564 0.00421552
1.20643 0.00420475
