1.20448 0
1.20965 0.00516731
1.21151 0.00351595
1.20631 0.00576259
1.20503 0.00464292
1.20235 0.00464356
1.20111 0.0041155
1.19536 0.00676969
1.19574 0.00598262
1.19195 0.00655891
1.1912 0.00597932
1.19005 0.00557892
1.18881 0.00527964
1.18823 0.00492252
1.18805 0.00458602
1.18862 0.0043275
1.18876 0.00406752
1.18958 0.0039205
1.19052 0.00382643
1.19125 0.00370305
1.1926 0.00376948
1.19451 0.00406981
1.19663 0.00443261
1.19903 0.00487312
1.20075 0.0049816
1.20278 0.00519767
1.2031 0.00501187
1.20376 0.00487481
1.20401 0.00471034
1.20366 0.00456424
1.203 0.00446353
1.2025 0.00435015
1.20157 0.00431976
1.20092 0.00423958
1.20019 0.00418109
1.19996 0.00406992
1.20001 0.00395875
1.20002 0.00385317
1.20029 0.00376277
1.19981 0.00369853
1.19938 0.00363348
1.19877 0.00359769
1.1984 0.00353211
1.1984 0.0034509
1.19829 0.00337497
1.1984 0.00330257
1.19861 0.00323832
1.19897 0.00319046
1.19932 0.00314405
1.19934 0.00308063
