113.72
82.62
101.58
102.58
122.48
131.3
80.68
84.06
110.32
80.04
95.42
124.86
105.74
96.8
103.38
88.66
82.98
95.92
76.4
80.12
89.4
97.52
79.86
109.6
81.86
95.74
91.02
98.2
111.36
95.72
100.32
78.78
106.62
86.04
87.16
66.18
115.82
102.14
81.14
80.88
116.5
74.66
102.8
85.62
110.52
87.78
120.12
76.24
113.42
87.5
82.38
106.98
112.8
87.02
85.2
98.76
93.02
115.06
85.5
94.1
105.82
80.5
88.08
115.34
105.2
77.4
96.38
96.1
107.04
72.88
105.84
80.48
93.94
82.76
114.08
95.3
83.56
103.1
103.02
98.84
73.22
70.62
88.4
97.02
95.98
79.3
100.48
127.36
102.4
93
100.06
104.02
76.28
124.08
100.84
87.68
108.18
98.62
126.02
104.78
