0.00011437
-0.000100819
-2.1764e-05
-0.000151053
-0.00018199
-0.000108798
-6.42632e-05
8.45669e-06
7.86183e-06
1.76003e-05
-3.89693e-05
-2.43504e-05
-4.72362e-05
-6.99289e-05
-8.13414e-05
-6.73262e-05
-2.6433e-05
-3.69267e-05
-2.27611e-05
-3.91723e-05
-3.67343e-05
-3.59554e-05
-2.45131e-05
-2.73199e-06
1.62427e-05
2.04946e-05
1.85134e-05
3.67182e-05
3.53119e-05
4.03903e-05
3.57308e-05
3.70827e-05
5.00024e-05
5.41517e-05
5.31381e-05
5.7208e-05
6.28204e-05
6.79396e-05
6.09942e-05
6.54362e-05
7.309e-05
8.37793e-05
8.39994e-05
8.80161e-05
7.73227e-05
6.87713e-05
6.36608e-05
5.49966e-05
4.56512e-05
4.48016e-05
3.81525e-05
4.64955e-05
4.7463e-05
4.36949e-05
4.72183e-05
4.29609e-05
3.98548e-05
3.64947e-05
2.97074e-05
2.94607e-05
3.10064e-05
3.39407e-05
3.17633e-05
2.30208e-05
2.46323e-05
2.93036e-05
2.55868e-05
2.79163e-05
2.3986e-05
2.3819e-05
3.19123e-05
3.07413e-05
3.58083e-05
3.74672e-05
4.63595e-05
4.43383e-05
4.08887e-05
3.76667e-05
3.77405e-05
3.27234e-05
3.5412e-05
3.22285e-05
2.82545e-05
2.52356e-05
2.91824e-05
3.17415e-05
3.85138e-05
3.78268e-05
3.06532e-05
3.17551e-05
3.16178e-05
3.09832e-05
2.58514e-05
2.61706e-05
2.4682e-05
2.35098e-05
2.12597e-05
2.22514e-05
2.06632e-05
2.14963e-05
