0.475487
0.417158
0.396558
0.470926
0.491613
0.615298
0.374144
0.282043
0.428542
0.614696
0.675026
0.549771
0.442852
0.542215
0.403525
0.616232
0.502051
0.567489
0.618499
0.575567
0.263847
0.419774
0.270389
0.377695
0.622241
0.512577
0.467898
0.348486
0.48379
0.454455
0.572441
0.511376
0.475668
0.556407
0.494266
0.664976
0.600464
0.653323
0.514915
0.515802
0.540889
0.43896
0.586507
0.384725
0.480891
0.47099
0.45908
0.600312
0.547926
0.434642
0.463006
0.661751
0.59444
0.360537
0.424317
0.39858
0.424872
0.474323
0.416495
0.573964
0.43779
0.512756
0.453125
0.47282
0.491045
0.67289
0.601549
0.485595
0.511109
0.468106
0.448449
0.343038
0.356043
0.64669
0.474088
0.676864
0.404831
0.585748
0.392692
0.5757
0.684082
0.605249
0.592249
0.575257
0.6564
0.45403
0.557796
0.566212
0.482993
0.401625
0.488013
0.522786
0.736368
0.526807
0.515762
0.549563
0.577258
0.525779
0.41896
0.613615
0.4232
0.46996
0.358979
0.573521
0.524442
0.62535
0.409526
0.436421
0.52619
0.502509
0.339753
0.468753
0.534421
0.63818
0.591132
0.455866
0.415837
0.616659
0.638385
0.650242
0.550758
0.420997
0.550573
0.467555
0.521071
0.561201
0.469207
0.584382
0.45362
0.458603
0.39603
0.660854
0.652699
0.472594
0.533915
0.456116
0.443599
0.537969
0.650078
0.323951
0.512445
0.438148
0.231606
0.670502
0.465817
0.471581
0.479084
0.525516
0.546966
0.475648
0.634868
0.623079
0.433687
0.554442
0.668346
0.607363
0.506205
0.613811
0.541314
0.373399
0.411713
0.639086
0.35236
0.522457
0.565474
0.357957
0.609937
0.656117
0.516693
0.512983
0.6096
0.55267
0.370628
0.525246
0.49164
0.464001
0.396708
0.462715
0.431155
0.540645
0.365705
0.533881
0.463344
0.537242
0.447266
0.509294
0.672641
0.570139
0.462425
0.530634
0.375029
0.493431
0.423981
0.498994
0.498719
0.429239
0.410894
0.541083
0.519089
0.432598
0.411165
0.534082
0.629631
0.390807
0.430917
0.526927
0.531379
0.551665
0.305694
0.527811
0.499103
0.544535
0.463271
0.634751
0.233327
0.402695
0.575539
0.568058
0.433004
0.514993
0.400332
0.520631
0.62448
0.529329
0.452326
0.473977
0.458131
0.400035
0.555419
0.434933
0.534874
0.515755
0.51731
0.430052
0.550498
0.463938
0.430233
0.451702
0.74658
0.482615
0.440126
0.581905
0.532495
0.419655
0.639767
0.427
0.593832
0.564199
0.5297
0.57826
0.528313
0.534558
0.554065
0.370576
0.451075
0.601323
0.456697
0.543416
0.586977
0.494037
0.516196
0.415239
0.718345
0.684247
0.506871
0.464616
0.482399
0.657336
0.395831
0.468317
0.613325
0.480026
0.424702
0.578679
0.299796
0.640006
0.637781
0.729563
0.379475
0.37865
0.506692
0.642284
0.517864
0.457332
0.664893
0.559897
0.419594
0.592366
0.50369
0.370262
0.59608
0.263139
0.594652
0.485351
0.464204
0.442543
0.591634
0.626283
0.576506
0.418315
0.528895
0.420594
0.584116
0.568466
0.470061
0.450315
0.509464
0.523464
0.37598
0.396412
0.456564
0.292424
0.447791
0.507223
0.512473
0.350028
0.664813
0.57552
0.594283
0.375476
0.375137
0.640882
0.471807
0.504284
0.510089
0.741075
0.54689
0.498262
0.58202
0.618187
0.396051
0.45857
0.488131
0.342274
0.483965
0.50124
0.581376
0.44733
0.331045
0.484124
0.582698
0.381401
0.369194
0.518723
0.497211
0.454716
0.445567
0.51991
0.560141
0.526714
0.434947
0.541085
0.476699
0.404905
0.297156
0.411806
0.533277
0.535523
0.666675
0.639524
0.44568
0.647935
0.487427
0.656522
0.473364
0.571862
0.606494
0.587739
0.466948
0.478422
0.516265
0.584644
0.429538
0.503108
0.685339
0.314915
0.56069
0.490796
0.444275
0.417144
0.315105
0.55993
0.493045
0.524375
0.646465
0.715063
0.272855
0.429772
0.520047
0.54395
0.395758
0.512283
0.466089
0.517448
0.451275
0.459665
0.409125
0.567471
0.510024
0.420776
0.4468
0.550316
0.620125
0.488587
0.464959
0.409679
0.542946
0.559882
0.464086
0.535732
0.600524
0.537136
0.635442
0.473654
0.507784
0.432627
0.463542
0.367033
0.438452
0.604328
0.644885
0.428603
0.324361
0.597683
0.401138
0.612803
0.413583
0.586905
0.528253
0.521666
0.413669
0.503935
0.361272
0.607607
0.521995
0.512768
0.447873
0.543673
0.496032
0.33136
0.511973
0.513873
0.542136
0.422879
0.451987
0.53324
0.50221
0.472566
0.456648
0.539286
0.493411
0.436042
0.434527
0.603565
0.506817
0.48939
0.54173
0.494082
0.396776
0.530907
0.45548
0.676305
0.393433
0.378915
0.57961
0.572601
0.446705
0.479593
0.481238
0.406904
0.360774
0.483285
0.44623
0.443492
0.603914
0.567295
0.504273
0.485762
0.579305
0.477699
0.512709
0.432927
0.618203
0.432248
0.601551
0.499595
0.407669
0.370945
0.67037
0.585211
0.490812
0.360437
0.391034
0.537386
0.678298
0.45287
0.608565
0.385162
0.485643
0.46941
0.445651
0.625288
0.561602
0.423137
0.60464
0.526631
0.398743
0.61558
0.424117
0.474854
0.51808
0.435662
0.385449
0.511539
0.595404
0.359388
0.577974
0.428972
0.447761
0.493101
0.519766
0.463807
0.524275
0.622706
0.594226
0.489891
0.646326
0.525756
0.400986
0.442555
0.417846
0.472844
0.432944
0.513683
0.377298
0.589281
0.37948
0.638943
0.388681
0.467547
0.419221
0.655553
0.469667
0.315568
0.503988
0.541029
0.530786
0.495361
0.44884
0.450344
0.450334
0.551173
0.631414
0.551019
0.53547
0.445717
0.267044
0.412625
0.420745
0.617672
0.564411
0.439287
0.531092
0.643147
0.579776
0.540733
0.387085
0.528313
0.576117
0.519534
0.456051
0.379972
0.456763
0.509147
0.453414
0.595341
0.581432
0.329467
0.374409
0.581858
0.38582
0.433566
0.487117
0.462375
0.514198
0.501374
0.643514
0.340602
0.437752
0.593066
0.566046
0.496209
0.469661
0.606955
0.543
0.548541
0.501226
0.493715
0.516722
0.372405
0.471598
0.560811
0.374539
0.368934
0.346988
0.458013
0.552979
0.389069
0.523468
0.366937
0.54172
0.476714
0.4808
0.524545
0.524423
0.54317
0.60298
0.692619
0.619431
0.503972
0.444477
0.542205
0.384077
0.603786
0.459439
0.554088
0.422116
0.424558
0.524387
0.64338
0.484599
0.516645
0.473249
0.498323
0.680282
0.612159
0.426805
0.480466
0.512424
0.474342
0.536958
0.465374
0.734642
0.506247
0.379481
0.510087
0.469241
0.586609
0.517197
0.515567
0.557249
0.620259
0.51881
0.409388
0.410137
0.485001
0.456915
0.405989
0.609012
0.52639
0.521964
0.508796
0.647828
0.696384
0.477267
0.500607
0.542968
0.551369
0.543382
0.625599
0.532308
0.5196
0.438534
0.49841
0.562669
0.517606
0.514968
0.382736
0.415331
0.539679
0.619452
0.563937
0.445087
0.564057
0.569392
0.497167
0.309069
0.51397
0.674329
0.544581
0.53738
0.681224
0.645861
0.622197
0.548341
0.564578
0.52731
0.459029
0.636925
0.59462
0.337736
0.528128
0.56578
0.611472
0.463188
0.64122
0.463962
0.531107
0.541363
0.505622
0.389319
0.480641
0.37411
0.524203
0.536255
0.50247
0.465513
0.476136
0.671351
0.621672
0.521577
0.448251
0.555122
0.640597
0.560779
0.493819
0.458978
0.369133
0.673096
0.477627
0.512217
0.318647
0.428327
0.423237
0.414675
0.482125
0.47287
0.310363
0.526438
0.492588
0.367364
0.377301
0.596785
0.596381
0.605889
0.465432
0.520346
0.397453
0.620706
0.499777
0.609197
0.523296
0.514809
0.631691
0.445447
0.632728
0.57781
0.47675
0.529588
0.430249
0.528995
0.36296
0.365737
0.571211
0.394657
0.461421
0.425605
0.436602
0.565081
0.503626
0.50887
0.52574
0.589855
0.596603
0.568367
0.459747
0.458456
0.629133
0.594326
0.508155
0.576337
0.619307
0.452644
0.545578
0.685024
0.485744
0.447961
0.414871
0.588027
0.531771
0.533115
0.617759
0.632619
0.413947
0.612301
0.273437
0.460856
0.623326
0.486056
0.48017
0.581462
0.639869
0.561974
0.584462
0.527499
0.527471
0.605842
0.606897
0.553022
0.419096
0.633634
0.593266
0.585201
0.398518
0.545647
0.554151
0.486658
0.417249
0.479766
0.625653
0.296082
0.392199
0.511698
0.528481
0.603422
0.411712
0.555743
0.422165
0.579283
0.534601
0.520477
0.645664
0.516395
0.498869
0.34951
0.505199
0.454334
0.463809
0.428231
0.614643
0.546931
0.491239
0.463272
0.413359
0.495116
0.428622
0.442175
0.480887
0.406184
0.38888
0.55655
0.437422
0.553798
0.528734
0.522761
0.563556
0.50129
0.509428
0.460004
0.392286
0.414114
0.380734
0.38638
0.520828
0.525591
0.461161
0.569369
0.459285
0.633365
0.594322
0.417887
0.37779
0.492258
0.543453
0.428897
0.433233
0.632517
0.443096
0.402305
0.451239
0.570701
0.558996
0.413683
0.508587
0.493762
0.5143
0.385109
0.505791
0.485135
0.422161
0.520234
0.439093
0.524939
0.521899
0.57043
0.475659
0.534688
0.547885
0.574669
0.50529
0.350162
0.367363
0.466588
0.486485
0.494402
0.50544
0.267919
0.424256
0.486047
0.432522
0.388313
0.611584
0.256531
0.421478
0.527308
0.435964
0.562921
0.488888
0.425019
0.497007
0.57149
0.516714
0.433878
0.400618
0.450357
0.607801
0.484536
0.489755
0.44784
0.360629
0.494853
0.541362
0.646445
0.555774
0.621636
0.403558
0.370677
0.428563
0.480595
0.466713
0.590157
0.459435
0.460767
0.356573
0.597812
0.44558
0.435435
0.407118
0.456172
0.424404
0.522338
0.415381
0.493101
0.401469
0.671772
0.499981
0.391563
0.492515
0.561951
0.479651
0.556315
0.52127
0.456777
0.55757
0.553688
0.521734
0.531945
0.541867
0.40891
0.475685
0.601115
0.352146
0.50869
0.473166
0.474627
0.356468
0.49509
0.515765
0.459041
0.552709
0.349961
0.489508
0.556572
0.352787
0.357523
0.516232
0.54924
0.547732
0.395952
0.649335
0.353363
0.526171
0.547087
0.511821
0.405804
0.688251
0.526705
0.481596
0.494137
0.541641
0.526031
0.411017
0.568707
0.485698
0.518485
0.524684
0.57533
0.484486
0.523916
0.371558
0.523153
0.598836
0.33587
0.31446
0.352984
0.492144
0.505711
0.322078
0.597183
0.344194
0.340702
0.585617
0.622986
0.501766
0.411431
0.514274
0.526904
0.46435
0.777249
0.370738
0.398637
0.447825
0.426671
0.389957
0.398722
0.388456
0.592964
0.681438
0.494893
0.44415
0.443435
0.447378
0.277951
0.619376
0.454218
0.455964
0.628683
0.584758
0.470617
0.291192
0.533176
0.481808
0.516378
0.457619
0.444658
0.297861
0.453513
0.550444
0.465739
0.565765
0.5076
0.408401
0.475766
0.38742
0.461749
0.648939
0.653731
0.4998
0.485727
0.542207
0.547999
0.496623
0.704985
0.612394
0.319858
0.688334
0.527649
0.36201
0.438723
0.327664
0.53578
0.496716
0.532562
0.347474
0.610516
0.385348
0.497933
0.552197
0.498989
0.52181
0.449765
0.573691
0.644165
0.462536
0.441832
0.346831
0.487074
0.595273
0.61462
0.479741
0.314149
0.551939
0.428094
0.388058
0.560687
0.51036
0.512633
0.632183
0.39473
0.636721
0.522193
0.440973
0.493923
0.702589
0.499542
0.524899
0.591225
0.567404
0.464173
0.476176
0.503596
0.549362
0.509319
0.522965
0.571069
0.314646
0.345229
0.649211
0.421932
0.596989
0.651681
0.411265
0.542969
0.516595
0.503482
0.476941
0.472041
0.499463
0.508466
0.282207
0.54354
0.405193
0.548314
0.445213
0.505545
0.453393
0.438272
0.596937
0.290776
0.59582
0.522645
0.382202
0.561743
0.513445
0.598718
0.454407
0.463746
0.524633
0.612526
0.531801
0.507683
0.472682
0.495708
0.50268
0.467888
0.617993
0.413416
0.261434
0.618518
0.492164
0.569072
0.726849
0.54527
0.578342
0.462527
0.538675
0.457516
0.464197
0.423957
0.647936
0.489196
0.570911
0.546613
0.511029
0.415111
0.4936
0.417347
0.667167
0.522538
0.495637
0.694564
0.523274
0.466354
0.481356
0.509089
0.38996
0.29916
0.528654
0.364193
0.506717
0.606154
0.495045
0.586784
0.36405
0.58781
0.517744
0.432595
0.574753
0.521669
0.610401
0.573942
0.56608
0.497863
0.416114
0.599432
0.559102
0.461242
0.408408
0.430761
0.371064
0.606285
0.538883
0.312546
0.321085
0.459234
0.512267
0.556901
0.539083
0.445185
0.626644
0.425249
0.472334
0.476146
0.548649
0.405647
0.553597
0.509347
0.600484
0.594688
0.439293
0.413396
0.717578
0.41881
0.44573
0.443102
0.492834
0.530641
0.705899
0.462135
0.355337
0.491769
0.338935
0.465921
0.438524
0.404136
0.668806
0.445465
0.574766
0.378004
0.448383
0.696108
0.410415
0.425251
0.439537
0.613442
0.367329
0.642512
0.269462
0.33196
0.483993
0.399483
0.527934
0.350239
0.451319
0.473471
0.489773
0.549772
0.615284
0.572058
0.441281
0.652838
0.350583
0.361537
0.658978
0.678064
0.516483
0.569549
0.533477
0.540639
0.588145
0.656133
0.550885
0.707406
0.513655
0.548191
0.438628
0.65534
0.479086
0.608129
0.552151
0.395209
0.470899
0.658257
0.42345
0.410485
0.407075
0.408259
0.611964
0.524867
0.565335
0.433872
0.392829
0.550043
0.468914
0.530673
0.58709
0.478615
0.497301
0.517644
0.482944
0.575388
0.471477
0.590994
0.416656
0.483485
0.520127
0.32948
0.576305
0.700075
0.665414
0.428243
0.361043
0.389732
0.573866
0.488978
0.473097
0.591763
0.600004
0.520024
0.339267
0.541107
0.607354
0.500741
0.453191
0.360679
0.483514
0.64033
0.499219
0.396349
0.572977
0.512021
0.463207
0.453981
0.433464
0.569355
0.555146
0.561275
0.478514
0.552043
0.363003
0.615418
0.601149
0.464684
0.526737
0.590837
0.380438
0.5624
0.465956
0.369632
0.454813
0.503227
0.614201
0.520528
0.50305
0.427879
0.507426
0.490507
0.605827
0.60329
0.543701
0.386507
0.567812
0.517113
0.475764
0.512918
0.562278
0.436143
0.417531
0.293822
0.417261
0.54241
0.440238
0.347268
0.494306
0.536463
0.503395
0.492099
0.517885
0.648157
0.410273
0.356177
0.3956
0.621033
0.497186
0.618083
0.326319
0.337156
0.460347
0.552712
0.425402
0.525067
0.693609
0.464394
0.303254
0.54428
0.454949
0.57952
0.415406
0.565535
0.599056
0.533881
0.559424
0.466812
0.507956
0.428245
0.625926
0.540866
0.421085
0.53895
0.418044
0.460858
0.410809
0.358605
0.435702
0.476406
0.468881
0.505231
0.478084
0.313188
0.263862
0.676499
0.449734
0.524994
0.499092
0.438968
0.662743
0.297901
0.545282
0.730526
0.709494
0.332054
0.441384
0.517513
0.637508
0.627274
0.451869
0.386287
0.489918
0.374549
0.438123
0.562275
0.482167
0.606179
0.34618
0.537837
0.467534
0.583199
0.532534
0.553529
0.601143
0.699432
0.544326
0.415684
0.444109
0.457319
0.439721
0.546439
0.45655
0.621472
0.578811
0.550687
0.510189
0.381659
0.434932
0.547674
0.308314
0.55771
0.570803
0.453237
0.632908
0.454627
0.393423
0.612004
0.545758
0.526956
0.546201
0.5671
0.552436
0.437254
0.41632
0.718233
0.495011
0.494281
0.429874
0.557291
0.571447
0.4323
0.376835
0.583856
0.486626
0.443696
0.752453
0.591357
0.521983
0.702845
0.32122
0.377812
0.567781
0.520013
0.404042
0.673446
0.594073
0.539772
0.558833
0.590708
0.543424
0.549281
0.469228
0.590524
0.410514
0.487491
0.57569
0.521884
0.530762
0.547154
0.677773
0.530141
0.63215
0.637298
0.605881
0.642709
0.411444
0.524576
0.705344
0.52909
0.478059
0.497731
0.495214
0.495463
0.565831
0.400153
0.558671
0.612358
0.444997
0.551306
0.691483
0.48719
0.473715
0.628596
0.379508
0.681735
0.510489
0.607
0.495711
0.637905
0.565878
0.454595
0.601762
0.613452
0.40394
0.457868
0.608758
0.442516
0.410842
0.501513
0.596173
0.724229
0.530134
0.453156
0.50767
0.605836
0.621212
0.504269
0.536919
0.365109
0.629502
0.594295
0.486131
0.410081
0.463967
0.295783
0.624515
0.602445
0.559533
0.464142
0.493411
0.374197
0.459084
0.556361
0.599396
0.545426
0.481704
0.398858
0.606165
0.464418
0.550865
0.435397
0.480537
0.479506
0.5383
0.511772
0.467474
0.315419
0.436342
0.554763
0.763503
0.665119
0.403502
0.478639
0.527501
0.421435
0.435148
0.603262
0.5123
0.361052
0.493121
0.693637
0.620124
0.556728
0.385202
0.431521
0.479392
0.53185
0.417342
0.505498
0.609939
0.584777
0.648613
0.456701
0.488276
0.398633
0.560872
0.54314
0.443992
0.515562
0.612154
0.486394
0.412974
0.492687
0.474843
0.440173
0.44263
0.470317
0.4667
0.671083
0.388829
0.571228
0.464867
0.367658
0.463832
0.61313
0.449986
0.494547
0.488968
0.454683
0.559605
0.484498
0.475403
0.408764
0.637082
0.511574
0.60082
0.544892
0.444227
0.514821
0.569408
0.466077
0.462937
0.442368
0.437058
0.483583
0.443143
0.461753
0.453212
0.626403
0.461383
0.633018
0.515333
0.510517
0.436374
0.466927
0.551507
0.556292
0.504971
0.391407
0.441192
0.480654
0.593942
0.425135
0.453708
0.603957
0.33001
0.707937
0.528534
0.399735
0.512653
0.463471
0.641071
0.478828
0.431182
0.67044
0.491999
0.437643
0.439643
0.394355
0.42794
0.513572
0.510121
0.682659
0.545647
0.578927
0.467074
0.451808
0.551461
0.667955
0.562316
0.595662
0.542324
0.569854
0.482345
0.420356
0.444176
0.533932
0.686716
0.661574
0.388061
0.421373
0.458188
0.465935
0.323839
0.50133
0.602425
0.519
0.365906
0.42736
0.467044
0.478167
0.534853
0.543496
0.656844
0.519508
0.403556
0.457521
0.504074
0.5334
0.575684
0.382302
0.609644
0.404555
0.419158
0.28433
0.603188
0.587865
0.446647
0.491859
0.476949
0.542228
0.579662
0.503374
0.430467
0.410339
0.552421
0.500335
0.420091
0.533169
0.606095
0.706484
0.339357
0.563681
0.493675
0.54924
0.563329
0.695071
0.460137
0.467017
0.371998
0.444631
0.482188
0.469557
0.524892
0.335111
0.546368
0.596678
0.491075
0.491217
0.513818
0.334094
0.445728
0.619694
0.464567
0.433252
0.526565
0.467186
0.533719
0.545434
0.400336
0.550895
0.446434
0.518609
0.32174
0.532793
0.328164
0.51885
0.374049
0.558955
0.511104
0.626376
0.46283
0.311352
0.477355
0.519573
0.491149
0.620223
0.573849
0.498641
0.476683
0.460917
0.80359
0.513773
0.67819
0.509912
0.542312
0.451065
0.580838
0.56045
0.549178
0.392644
0.546896
0.399044
0.534683
0.60577
0.370349
0.519886
0.418452
0.528951
0.581014
0.504957
0.554153
0.511399
0.425762
0.523432
0.418276
0.625431
0.611504
0.404752
0.454063
0.409696
0.526605
0.515506
0.431412
0.514407
0.464429
0.521062
0.428087
0.408004
0.454772
0.638667
0.457124
0.368006
0.365922
0.689496
0.559842
0.617037
0.472174
0.432935
0.553389
0.578338
0.488613
0.617162
0.566303
0.51332
0.557033
0.505849
0.615098
0.66703
0.623887
0.541621
0.469386
0.485653
0.383192
0.482662
0.522624
0.583474
0.464342
0.599656
0.630076
0.524993
0.526822
0.446031
0.49511
0.351177
0.480833
0.415236
0.479494
0.517108
0.48489
0.374594
0.482888
0.521571
0.478463
0.516035
0.581243
0.397398
0.589775
0.389786
0.533367
0.394683
0.615913
0.487902
0.259442
0.427246
0.504401
0.320289
0.564798
0.366015
0.372474
0.476635
0.626806
0.451278
0.482258
0.393487
0.482259
0.459024
0.547153
0.44645
0.447146
0.594902
0.476696
0.563292
0.670269
0.602569
0.374246
0.404515
0.46667
0.361514
0.483858
0.583723
0.59637
0.712711
0.539728
0.700918
0.448457
0.588728
0.403636
0.537614
0.560086
0.538226
0.582857
0.613459
0.544486
0.523021
0.603009
0.529825
0.52161
0.529218
0.36736
0.426619
0.639576
0.372154
0.46616
0.354325
0.544602
0.588203
0.506559
0.614106
0.50164
0.394762
0.51573
0.544533
0.58748
0.563033
0.626849
0.63433
0.472598
0.486465
0.48959
0.616278
0.377562
0.44105
0.553862
0.548202
0.434352
0.421896
0.457504
0.512773
0.502456
0.503828
0.505723
0.56861
0.384176
0.412009
0.562064
0.460953
0.653051
0.501889
0.377754
0.550976
0.353907
0.536044
0.468265
0.548573
0.552501
0.508764
0.403012
0.534236
0.607315
0.607528
0.406094
0.531431
0.505567
0.613775
0.573034
0.541647
0.550012
0.533682
0.490521
0.580092
0.602697
0.412913
0.403153
0.450773
0.486292
0.327614
0.403247
0.37549
0.513217
0.657185
0.526782
0.442047
0.65727
0.532663
0.420602
0.362781
0.40201
0.417808
0.403014
0.535261
0.59469
0.518289
0.471955
0.472826
0.604047
0.427627
0.421941
0.523379
0.424789
0.506856
0.413025
0.520669
0.591173
0.558119
0.592044
0.413033
0.556574
0.590713
0.498447
0.4904
0.365483
0.49138
0.594038
0.58109
0.388911
0.498918
0.537993
0.515767
0.6137
0.54645
0.585553
0.356653
0.470776
0.373013
0.520804
0.465911
0.556907
0.519358
0.541016
0.537878
0.449065
0.611187
0.492015
0.54561
0.530018
0.496269
0.611113
0.552984
0.438317
0.54024
0.466147
0.419391
0.425357
0.399093
0.686205
0.474818
0.646746
0.474697
0.561647
0.468908
0.334728
0.422951
0.54808
0.598375
0.592943
0.622452
0.440938
0.592927
0.524346
0.424849
0.494403
0.490615
0.747623
0.496328
0.540368
0.659336
0.576995
0.622959
0.32025
0.421982
0.534801
0.490916
0.374419
0.618509
0.535814
0.565862
0.541096
0.488981
0.526764
0.48407
0.398569
0.58744
0.584054
0.431141
0.441633
0.637201
0.567221
0.522441
0.415163
0.413997
0.495202
0.512696
0.534795
0.394142
0.456994
0.550416
0.50668
0.430674
0.487847
0.556153
0.715357
0.521241
0.536641
0.641836
0.580765
0.507227
0.519646
0.501739
0.592499
0.494459
0.500373
0.393884
0.511408
0.311556
0.354786
0.594013
0.58569
0.622807
0.575645
0.442489
0.46064
0.388222
0.439302
0.617807
0.468284
0.414188
0.602799
0.658657
0.565113
0.463954
0.318635
0.519772
0.543195
0.497924
0.549128
0.385071
0.371963
0.389546
0.431797
0.674887
0.53502
0.613354
0.491741
0.372355
0.6083
0.527495
0.616525
0.457317
0.483005
0.573868
0.403595
0.374372
0.568725
0.494773
0.459797
0.674996
0.519204
0.515754
0.47709
0.461927
0.505238
0.370099
0.528085
0.527294
0.516225
0.541239
0.519571
0.514254
0.503912
0.475084
0.411713
0.34517
0.488929
0.565087
0.555142
0.347666
0.63271
0.738638
0.517708
0.473156
0.634458
0.374148
0.567147
0.440731
0.344818
0.653989
0.545513
0.352575
0.59497
0.409205
0.4157
0.41536
0.621876
0.43772
0.379932
0.565343
0.427455
0.278532
0.564644
0.333179
0.441472
0.600172
0.535683
0.497748
0.565
0.512492
0.552302
0.566555
0.353277
0.536601
0.387952
0.483575
0.553893
0.468596
0.540408
0.403662
0.348202
0.548466
0.52329
0.485952
0.450926
0.596364
0.475581
0.446949
0.504946
0.604214
0.34526
0.477284
0.365278
0.271379
0.397726
0.564393
0.398311
0.348946
0.369186
0.37667
0.529357
0.607904
0.429737
0.552912
0.453659
0.572331
0.540398
0.604157
0.682968
0.559441
0.582867
0.473311
0.531889
0.644153
0.310328
0.411217
0.555189
0.516606
0.51215
0.616131
0.429304
0.426849
0.504851
0.346818
0.628325
0.611683
0.55625
0.557789
0.576746
0.47444
0.51923
0.418471
0.368319
0.539259
0.496102
0.366373
0.522375
0.427197
0.474053
0.507619
0.405993
0.402284
0.466734
0.516467
0.482465
0.711445
0.466531
0.498744
0.353488
0.59295
0.456634
0.572387
0.444591
0.653868
0.651526
0.581574
0.440298
0.417766
0.42904
0.599202
0.507589
0.619685
0.486698
0.385761
0.353241
0.376187
0.39953
0.560913
0.542647
0.384083
0.476136
0.607401
0.364776
0.502189
0.404287
0.365157
0.659929
0.446279
0.546848
0.486779
0.434015
0.478157
0.393412
0.413834
0.465076
0.495573
0.392487
0.296704
0.364822
0.430462
0.383662
0.519001
0.389991
0.538795
0.418694
0.600821
0.505358
0.516101
0.40498
0.443438
0.38225
0.698487
0.524421
0.541266
0.573468
0.609784
0.375212
0.425241
0.737542
0.391223
0.353621
0.515038
0.592263
0.50082
0.537359
0.445818
0.359497
0.595427
0.551664
0.698477
0.520285
0.509211
0.593761
0.400681
0.531284
0.518068
0.560882
0.379198
0.560633
0.430297
0.57158
0.532383
0.383349
0.469608
0.38958
0.354886
0.633407
0.517346
0.453952
0.385
0.441669
0.356575
0.488924
0.558298
0.595871
0.511458
0.511189
0.439509
0.540907
0.401142
0.372059
0.267871
0.594683
0.328155
0.566411
0.68946
0.386826
0.597075
0.609835
0.563298
0.534593
0.510042
0.629969
0.616302
0.552344
0.611445
0.537527
0.385443
0.247957
0.654904
0.537045
0.523737
0.691621
0.541454
0.506913
0.459989
0.549468
0.328611
0.622801
0.590494
0.356518
0.535775
0.518085
0.544168
0.460463
0.672228
0.469453
0.700874
0.499842
0.489755
0.365373
0.455976
0.487181
0.412673
0.45964
0.512462
0.34972
0.623887
0.331763
0.645219
0.637358
0.486323
0.570472
0.420366
0.439501
0.454894
0.566163
0.565793
0.459521
0.384936
0.542621
0.47737
0.477544
0.468822
0.377914
0.508549
0.289367
0.533255
0.458843
0.529365
0.641273
0.60551
0.382914
0.454137
0.487595
0.607686
0.566288
0.52544
0.479882
0.463811
0.435718
0.505191
0.453565
0.605407
0.377
0.362008
0.410047
0.736937
0.482014
0.457234
0.499169
0.573294
0.480948
0.52034
0.589043
0.387312
0.465822
0.567684
0.467275
0.50604
0.505993
0.456879
0.449615
0.570297
0.425809
0.282324
0.479131
0.522835
0.45915
0.305712
0.381003
0.41617
0.515096
0.478622
0.295096
0.431985
0.583523
0.552583
0.340475
0.479728
0.578919
0.385273
0.473078
0.59285
0.465292
0.339805
0.379766
0.466899
0.424527
0.437329
0.409051
0.284462
0.525116
0.561459
0.470766
0.447724
0.517694
0.426312
0.644031
0.490219
0.528348
0.408251
0.614869
0.465093
0.540219
0.604659
0.52187
0.408012
0.54841
0.521405
0.420324
0.44861
0.442782
0.6039
0.482275
0.395165
0.417725
0.414957
0.431994
0.542958
0.627538
0.425921
0.573385
0.35757
0.400572
0.625839
0.497867
0.360139
0.394829
0.466707
0.468322
0.492382
0.522238
0.551119
0.55672
0.564973
0.588368
0.431925
0.470059
0.493654
0.488844
0.431775
0.531299
0.503214
0.573303
0.50373
0.588999
0.430288
0.43222
0.442374
0.411387
0.481675
0.581498
0.618165
0.577636
0.505677
0.414206
0.246036
0.611146
0.409731
0.458441
0.612532
0.606664
0.408404
0.524748
0.37406
0.385096
0.611566
0.446131
0.402111
0.466921
0.463391
0.408171
0.389577
0.487113
0.518556
0.536324
0.545598
0.681541
0.592853
0.551998
0.394616
0.456825
0.551148
0.428524
0.558637
0.412678
0.49645
0.572698
0.539947
0.617766
0.599618
0.427073
0.534827
0.34719
0.359994
0.632725
0.397095
0.471679
0.713081
0.511743
0.533571
0.645655
0.502104
0.323239
0.451868
0.473337
0.50613
0.516173
0.494146
0.539089
0.56817
0.446868
0.578813
0.570254
0.392471
0.548555
0.53537
0.557741
0.481009
0.334901
0.55594
0.491662
0.454941
0.588922
0.600242
0.576352
0.457587
0.533277
0.279114
0.471137
0.361275
0.397433
0.504919
0.560236
0.601173
0.591744
0.635474
0.487235
0.535001
0.668004
0.351426
0.496569
0.578318
0.590572
0.395264
0.606525
0.290836
0.361694
0.663453
0.395258
0.290016
0.539191
0.481447
0.413391
0.443962
0.354186
0.504625
0.443766
0.446432
0.481119
0.476472
0.510969
0.502546
0.431763
0.638615
0.600265
0.354567
0.539575
0.625584
0.477614
0.452898
0.570144
0.490486
0.509495
0.528243
0.438133
0.49603
0.563245
0.646624
0.330553
0.468621
0.525707
0.229772
0.430804
0.451561
0.309971
0.499154
0.607407
0.406623
0.527051
0.452692
0.475913
0.501583
0.581349
0.409029
0.461979
0.584567
0.505806
0.554941
0.488154
0.584342
0.384666
0.707312
0.576435
0.588969
0.518806
0.651847
0.603192
0.343524
0.470615
0.546495
0.562594
0.470851
0.482453
0.578309
0.389186
0.357628
0.594728
0.438294
0.559813
0.461273
0.596678
0.629534
0.539617
0.48151
0.524965
0.449687
0.456348
0.403721
0.682237
0.389728
0.481785
0.659444
0.579812
0.566582
0.468578
0.562704
0.415714
0.458086
0.635356
0.569108
0.481275
0.434488
0.412474
0.467954
0.446595
0.481484
0.455332
0.455841
0.407138
0.385562
0.401666
0.353594
0.48081
0.503225
0.493824
0.616562
0.626871
0.361407
0.506503
0.451653
0.41509
0.437234
0.514992
0.392728
0.505545
0.540999
0.508481
0.499298
0.706545
0.47706
0.49754
0.631688
0.460149
0.583112
0.284392
0.619171
0.461809
0.449074
0.559133
0.475831
0.452672
0.492629
0.5546
0.632183
0.630148
0.419222
0.437107
0.438889
0.304323
0.520092
0.329791
0.462166
0.584893
0.562729
0.559867
0.52877
0.515272
0.403889
0.390594
0.391737
0.377585
0.606109
0.543314
0.676304
0.474289
0.564438
0.534427
0.528767
0.749188
0.550868
0.546717
0.529267
0.442638
0.459753
0.523972
0.442809
0.382774
0.38827
0.422366
0.571071
0.496627
0.411755
0.471613
0.530882
0.382019
0.514545
0.693411
0.423477
0.513164
0.512715
0.49426
0.67197
0.459923
0.455906
0.494241
0.592726
0.582716
0.421195
0.272887
0.52962
0.522093
0.512762
0.707796
0.518444
0.434026
0.356874
0.551197
0.562004
0.428995
0.432495
0.634167
0.384716
0.654982
0.403615
0.407768
0.498838
0.421525
0.520165
0.624881
0.552682
0.393992
0.530166
0.436057
0.444512
0.494295
0.19655
0.517227
0.674048
0.526266
0.537863
0.566648
0.46682
0.400989
0.512853
0.403006
0.544879
0.469352
0.644705
0.5661
0.530659
0.576185
0.431493
0.466088
0.559052
0.532323
0.515187
0.446797
0.436075
0.357996
0.482322
0.523131
0.520734
0.582977
0.445255
0.322142
0.620029
0.695925
0.503662
0.601858
0.47528
0.517435
0.611767
0.441502
0.481261
0.428294
0.477531
0.591254
0.617905
0.516501
0.595828
0.439255
0.387617
0.513633
0.568433
0.498062
0.53952
0.573165
0.489378
0.632327
0.425236
0.600394
0.575088
0.443955
0.469097
0.375629
0.494407
0.40059
0.54894
0.419375
0.604477
0.43775
0.671944
0.53022
0.424171
0.284498
0.393233
0.583221
0.777573
0.357059
0.363263
0.408571
0.515788
0.334328
0.60327
0.377381
0.57614
0.473724
0.496371
0.603448
0.463583
0.445416
0.54516
0.326894
0.43997
0.457434
0.48494
0.477595
0.482558
0.513747
0.455004
0.423381
0.423939
0.591892
0.418665
0.289962
0.411371
0.546288
0.486021
0.496621
0.52424
0.6379
0.531699
0.583716
0.364185
0.460426
0.413145
0.515072
0.583196
0.577749
0.483254
0.420379
0.540772
0.606894
0.454471
0.499733
0.382004
0.575278
0.509733
0.544498
0.504245
0.350564
0.468919
0.535704
0.630791
0.585983
0.407769
0.563195
0.635788
0.543468
0.48949
0.365828
0.365366
0.351553
0.407555
0.624992
0.375767
0.424434
0.551506
0.450793
0.560034
0.5132
0.495818
0.582277
0.460592
0.579711
0.475179
0.580054
0.365848
0.378168
0.447838
0.421787
0.564704
0.598949
0.661911
0.417967
0.483675
0.473784
0.327873
0.547484
0.557065
0.560924
0.363688
0.469503
0.481456
0.623441
0.517363
0.500198
0.581528
0.583365
0.484943
0.449918
0.565026
0.478872
0.430296
0.498414
0.370454
0.471274
0.376266
0.642746
0.511874
0.643105
0.375105
0.584573
0.400958
0.598104
0.479333
0.630504
0.57722
0.51846
0.422477
0.561271
0.403157
0.454175
0.482434
0.482476
0.581776
0.513976
0.538439
0.501722
0.429798
0.4967
0.345967
0.483952
0.390582
0.446632
0.542107
0.518863
0.596631
0.335799
0.557285
0.591291
0.492268
0.570746
0.447467
0.477479
0.502915
0.690873
0.674253
0.497202
0.488139
0.469918
0.448566
0.53372
0.541427
0.551715
0.516912
0.390591
0.600451
0.4459
0.507479
0.486383
0.507336
0.37873
0.466604
0.595373
0.509242
0.438767
0.404446
0.52434
0.415349
0.476647
0.431953
0.372607
0.527115
0.412755
0.30953
0.454483
0.434464
0.576085
0.441053
0.570345
0.421323
0.542157
0.235193
0.29456
0.649738
0.357361
0.619268
0.50555
0.392553
0.631632
0.729149
0.515276
0.560428
0.350907
0.511989
0.662479
0.619769
0.505324
0.766877
0.516047
0.523883
0.548674
0.511742
0.39189
0.4805
0.599144
0.503168
0.418759
0.454559
0.460896
0.449019
0.595455
0.655931
0.590611
0.442082
0.463926
0.38755
0.652593
0.506202
0.479756
0.6302
0.500612
0.484681
0.493615
0.415978
0.39418
0.413958
0.564232
0.493245
0.501457
0.613929
0.505516
0.511649
0.560571
0.489476
0.527461
0.556597
0.465613
0.47612
0.562521
0.538325
0.513136
0.575937
0.376141
0.491489
0.389491
0.518215
0.442206
0.56701
0.598898
0.442561
0.521156
0.498649
0.526642
0.340466
0.510577
0.402601
0.601342
0.404643
0.445097
0.619161
0.564769
0.423688
0.704451
0.431299
0.477208
0.622925
0.445606
0.495767
0.380902
0.390578
0.506869
0.398143
0.513648
0.741684
0.538938
0.49398
0.509126
0.460432
0.499887
0.624048
0.440116
0.524932
0.508089
0.392386
0.55523
0.556649
0.579146
0.371718
0.429374
0.550069
0.57989
0.551515
0.592656
0.626393
0.414578
0.469814
0.421979
0.418393
0.615424
0.470648
0.474127
0.531787
0.541632
0.604747
0.608636
0.441826
0.298153
0.441939
0.593315
0.572018
0.56739
0.589469
0.404782
0.465238
0.404123
0.411224
0.530936
0.595722
0.475956
0.51865
0.45179
0.48374
0.53862
0.754903
0.619651
0.463027
0.417481
0.419599
0.679147
0.51432
0.423665
0.48225
0.362127
0.516635
0.465211
0.508318
0.462008
0.381209
0.520709
0.472546
0.436661
0.421303
0.424924
0.460049
0.608471
0.474333
0.372903
0.556395
0.624717
0.431115
0.481136
0.60371
0.510976
0.540239
0.351334
0.350614
0.394767
0.543912
0.36445
0.449574
0.496184
0.56487
0.589582
0.356049
0.576809
0.602244
0.424423
0.559576
0.407718
0.407552
0.390987
0.62772
0.561923
0.500249
0.492322
0.469627
0.456139
0.54559
0.492996
0.426643
0.561264
0.355796
0.418152
0.4733
0.57054
0.588822
0.372959
0.462721
0.558843
0.407303
0.366325
0.576269
0.486118
0.523526
0.679764
0.538082
0.492489
0.394573
0.354346
0.630877
0.50211
0.545042
0.375672
0.500217
0.397355
0.583052
0.61889
0.460201
0.64447
0.338501
0.572731
0.614318
0.346354
0.590858
0.693653
0.581002
0.467651
0.667008
0.548148
0.464181
0.521884
0.477981
0.483337
0.534922
0.529874
0.526685
0.522992
0.591037
0.553237
0.457001
0.518159
0.537302
0.576265
0.627929
0.588595
0.579714
0.554051
0.584728
0.573247
0.553017
0.564219
0.562266
0.365045
0.501473
0.394187
0.494118
0.737313
0.408673
0.665384
0.514173
0.476122
0.622921
0.340407
0.625848
0.614955
0.550564
0.478621
0.577251
0.425071
0.490352
0.600221
0.418928
0.646991
0.657756
0.48834
0.634118
0.555578
0.498913
0.503287
0.519712
0.333172
0.419668
0.402554
0.459391
0.582327
0.455953
0.454735
0.368706
0.441675
0.487536
0.405065
0.505148
0.675514
0.447938
0.594787
0.424521
0.489728
0.609121
0.656114
0.528229
0.583682
0.420304
0.599051
0.584366
0.479761
0.556057
0.575914
0.618761
0.679275
0.579629
0.45387
0.56045
0.575444
0.553186
0.345402
0.389278
0.51126
0.527491
0.441082
0.371664
0.501995
0.519278
0.358613
0.483809
0.549212
0.435388
0.466595
0.609921
0.555127
0.428504
0.561036
0.566317
0.403222
0.370105
0.467123
0.440533
0.403024
0.602034
0.408333
0.447856
0.50402
0.478885
0.529474
0.595991
0.46569
0.439134
0.679789
0.511821
0.527666
0.543801
0.456769
0.622535
0.456085
0.597142
0.580886
0.596671
0.449205
0.414685
0.515948
0.538874
0.567394
0.429703
0.469346
0.395503
0.70965
0.529995
0.500959
0.466447
0.490811
0.392617
0.539051
0.731836
0.480669
0.535005
0.445993
0.390584
0.448224
0.526701
0.496191
0.370998
0.511349
0.406674
0.523139
0.611961
0.52416
0.427021
0.562022
0.426484
0.441426
0.594589
0.558848
0.547701
0.481379
0.70788
0.536618
0.520656
0.565328
0.487339
0.403557
0.54152
0.444478
0.472933
0.457978
0.359164
0.431441
0.413711
0.388874
0.542269
0.535896
0.599797
0.490869
0.478468
0.360942
0.488069
0.506679
0.410272
0.448678
0.548548
0.379785
0.525824
0.470594
0.309304
0.344529
0.610811
0.64039
0.503465
0.50039
0.43112
0.583866
0.622714
0.611731
0.554151
0.432547
0.457399
0.543818
0.529928
0.514766
0.554212
0.490472
0.441473
0.399931
0.348145
0.46822
0.497161
0.608745
0.526208
0.546365
0.476084
0.634183
0.556198
0.651908
0.450689
0.525059
0.464569
0.432797
0.599294
0.466033
0.573248
0.382501
0.58431
0.544967
0.50601
0.423453
0.51032
0.630548
0.450815
0.616417
0.489434
0.390127
0.615301
0.507384
0.5296
0.559777
0.438376
0.543115
0.324874
0.635572
0.521669
0.581003
0.46489
0.387154
0.620372
0.488436
0.594091
0.601647
0.383755
0.471379
0.63952
0.648055
0.661473
0.591441
0.589303
0.60927
0.592517
0.525201
0.542183
0.460867
0.569462
0.489106
0.5618
0.482902
0.421449
0.597799
0.457632
0.472944
0.48512
0.543247
0.477862
0.685597
0.433482
0.576578
0.537657
0.455843
0.408499
0.444069
0.51965
0.470501
0.653955
0.473261
0.571728
0.534193
0.470933
0.524693
0.390434
0.633191
0.419026
0.519301
0.716664
0.432584
0.562188
0.521042
0.483547
0.449211
0.608896
0.498839
0.444713
0.324851
0.522105
0.311473
0.474438
0.581193
0.575218
0.453592
0.569414
0.470122
0.506124
0.570511
0.495191
0.539927
0.37208
0.494038
0.508619
0.52001
0.534061
0.471074
0.450887
0.583772
0.599917
0.451269
0.344049
0.381325
0.431509
0.369557
0.637198
0.540757
0.571747
0.503904
0.436751
0.418672
0.473245
0.508159
0.518559
0.537778
0.61109
0.514413
0.457852
0.481328
0.338005
0.568806
0.426331
0.321237
0.590952
0.409251
0.393955
0.438747
0.584026
0.513081
0.636294
0.553519
0.423254
0.537159
0.48658
0.509096
0.3547
0.642498
0.484867
0.469671
0.508065
0.640015
0.465009
0.365173
0.523737
0.31352
0.683424
0.478661
0.452039
0.470614
0.531915
0.502101
0.489207
0.541688
0.59008
0.493593
0.5654
0.491736
0.461146
0.45116
0.625828
0.429237
0.398321
0.375253
0.54688
0.4909
0.46705
0.524135
0.504886
0.550569
0.401856
0.473356
0.465965
0.545158
0.504696
0.372561
0.491155
0.529968
0.395068
0.549881
0.551832
0.470319
0.460392
0.646235
0.426192
0.545921
0.66843
0.468849
0.498348
0.588965
0.391851
0.535367
0.407388
0.49643
0.558267
0.536944
0.494511
0.451647
0.577395
0.48075
0.472142
0.459681
0.510247
0.479331
0.389708
0.345628
0.433564
0.536327
0.596542
0.584455
0.415955
0.435055
0.503157
0.325548
0.660514
0.468516
0.517917
0.444645
0.481951
0.556398
0.486915
0.500391
0.674565
0.476692
0.590644
0.292258
0.59066
0.496565
0.551828
0.61112
0.387289
0.519168
0.584581
0.543289
0.412495
0.470072
0.465794
0.533371
0.590503
0.429087
0.535506
0.530815
0.628571
0.570219
0.733713
0.539559
0.606546
0.40457
0.456926
0.659718
0.423383
0.428014
0.468507
0.454791
0.663217
0.657507
0.522645
0.597378
0.506843
0.496928
0.562573
0.440951
0.552736
0.505374
0.429449
0.53474
0.525025
0.64786
0.469056
0.443331
0.434129
0.290432
0.649309
0.552109
0.419017
0.558674
0.402307
0.534191
0.438382
0.610702
0.480443
0.524062
0.491232
0.582693
0.666908
0.487611
0.435762
0.447077
0.406643
0.697842
0.538574
0.280532
0.52464
0.420024
0.424666
0.370955
0.474223
0.379616
0.411822
0.499622
0.508754
0.630792
0.501383
0.416762
0.495968
0.362967
0.360607
0.485826
0.394943
0.477211
0.470135
0.303745
0.591468
0.634004
0.523362
0.611503
0.638378
0.418308
0.652775
0.491404
0.473192
0.287445
0.42162
0.504404
0.58617
0.461822
0.557528
0.45295
0.487698
0.488075
0.418027
0.461775
0.474668
0.64872
0.566125
0.45114
0.521343
0.511936
0.697456
0.534037
0.420924
0.509653
0.598736
0.5009
0.579867
0.601622
0.430589
0.462423
0.617741
0.627695
0.416047
0.60307
0.551231
0.470068
0.579345
0.554946
0.541647
0.641768
0.717882
0.533684
0.661085
0.387201
0.303529
0.585069
0.483194
0.42511
0.497724
0.473129
0.430231
0.683818
0.328078
0.497458
0.408937
0.473166
0.512525
0.559582
0.643469
0.507086
0.430275
0.405186
0.364485
0.535283
0.627175
0.45108
0.439191
0.462023
0.40631
0.462776
0.427987
0.724573
0.492995
0.580621
0.629107
0.57334
0.476563
0.499435
0.623434
0.640327
0.319652
0.488638
0.657466
0.502019
0.48898
0.396884
0.603152
0.437357
0.399845
0.617261
0.60916
0.451008
0.479923
0.396129
0.608853
0.476628
0.546157
0.550708
0.676078
0.594395
0.451863
0.417572
0.520637
0.591574
0.499434
0.486201
0.491084
0.464448
0.527296
0.378823
0.603295
0.504453
0.368083
0.419765
0.639002
0.530888
0.638249
0.494589
0.359314
0.527132
0.457635
0.33131
0.653975
0.606776
0.510767
0.543027
0.397936
0.580673
0.449986
0.353339
0.512573
0.415386
0.403736
0.382918
0.429664
0.668083
0.39166
0.607687
0.432038
0.452437
0.76143
0.606048
0.495576
0.534625
0.55048
0.494643
0.483019
0.578066
0.739157
0.509176
0.440838
0.550043
0.500025
0.518844
0.52619
0.572907
0.561371
0.469948
0.541767
0.747089
0.491248
0.636312
0.482123
0.492658
0.471633
0.611144
0.495852
0.450728
0.470621
0.407009
0.643777
0.355513
0.533788
0.637636
0.584068
0.432388
0.704193
0.53728
0.541005
0.496826
0.543744
0.430416
0.4149
0.523629
0.466929
0.496567
0.666422
0.525385
0.411219
0.382086
0.559417
0.523623
0.556706
0.392767
0.572035
0.51568
0.570831
0.458175
0.286795
0.534797
0.492345
0.490607
0.545996
0.470525
0.581912
0.568666
0.509643
0.561028
0.555053
0.557407
0.57886
0.488416
0.676419
0.434095
0.448534
0.302763
0.53264
0.620615
0.528716
0.470007
0.514309
0.430612
0.625086
0.583442
0.625903
0.621486
0.294571
0.498069
0.605768
0.398368
0.49299
0.641581
0.576538
0.649273
0.707365
0.525303
0.459657
0.497611
0.416352
0.622923
0.575963
0.540317
0.547982
0.404405
0.417549
0.596856
0.504724
0.406993
0.614422
0.526399
0.601642
0.494727
0.432748
0.477517
0.414196
0.402471
0.629751
0.616736
0.558041
0.679932
0.453641
0.539363
0.523931
0.445721
0.615171
0.297998
0.566628
0.43101
0.47078
0.391187
0.597516
0.436885
0.545492
0.536715
0.456365
0.549029
0.487057
0.611043
0.538499
0.447886
0.581106
0.36845
0.529388
0.521998
0.570345
0.460451
0.449489
0.536743
0.509128
0.558116
0.737897
0.430215
0.247995
0.336921
0.704203
0.502548
0.481079
0.515813
0.453691
0.234477
0.602541
0.549193
0.441819
0.415504
0.406471
0.452554
0.439692
0.481529
0.328011
0.399546
0.393023
0.656374
0.461679
0.46026
0.632856
0.461119
0.406207
0.457572
0.547118
0.39974
0.473467
0.500398
0.447826
0.449043
0.462322
0.30977
0.569577
0.575429
0.436555
0.585634
0.510723
0.470554
0.55929
0.469355
0.479405
0.542489
0.424587
0.338886
0.532428
0.518498
0.390224
0.530643
0.695694
0.510094
0.553884
0.614131
0.530751
0.660573
0.528328
0.452387
0.46274
0.439737
0.659353
0.563373
0.510843
0.470064
0.39365
0.354448
0.2631
0.663108
0.34194
0.434108
0.613241
0.514447
0.496065
0.612173
0.527969
0.450017
0.446974
0.4817
0.438913
0.436225
0.51384
0.532845
0.254236
0.360736
0.63281
0.681013
0.46068
0.560377
0.567186
0.498598
0.537611
0.517145
0.489118
0.521691
0.530388
0.462793
0.446142
0.560151
0.531194
0.427056
0.564218
0.47145
0.591213
0.634068
0.452184
0.66576
0.638852
0.496071
0.360807
0.49177
0.504459
0.473039
0.612935
0.409739
0.552789
0.361383
0.459486
0.490351
0.400241
0.544424
0.429339
0.484941
0.544679
0.381858
0.329432
0.49471
0.661417
0.434957
0.414683
0.423569
0.319744
0.618806
0.385612
0.231294
0.550143
0.442375
0.584839
0.31069
0.343133
0.641788
0.651899
0.594498
0.586439
0.53165
0.559105
0.454832
0.348008
0.593857
0.389477
0.589929
0.488121
0.392824
0.531012
0.600037
0.434681
0.550591
0.549897
0.536334
0.481496
0.534838
0.36848
0.663735
0.370196
0.507304
0.612175
0.510535
0.292173
0.549717
0.602691
0.484837
0.497726
0.428801
0.563291
0.619753
0.625386
0.481496
0.565065
0.566396
0.465155
0.496064
0.381473
0.48571
0.545188
0.434249
0.631699
0.397229
0.38223
0.48423
0.481642
0.324864
0.361896
0.653615
0.334652
0.53687
0.615651
0.306249
0.582387
0.609169
0.537169
0.416177
0.399462
0.448225
0.531471
0.556582
0.453848
0.391723
0.416082
0.461085
0.568238
0.462307
0.39419
0.689332
0.505889
0.681685
0.595581
0.398279
0.467748
0.559428
0.531916
0.465171
0.575917
0.352832
0.538685
0.62771
0.481827
0.451222
0.476955
0.501438
0.375743
0.47014
0.44382
0.503917
0.687528
0.547867
0.691229
0.559787
0.456853
0.618752
0.578656
0.58034
0.514352
0.494897
0.485871
0.405762
0.453454
0.419714
0.487812
0.667744
0.385962
0.46396
0.544394
0.574667
0.562684
0.416854
0.483823
0.741133
0.50373
0.581912
0.458796
0.478111
0.521354
0.419185
0.530731
0.629521
0.531515
0.482609
0.587974
0.485602
0.538599
0.383187
0.429673
0.522941
0.441032
0.46579
0.547839
0.615568
0.543807
0.519369
0.415852
0.331067
0.477191
0.547405
0.342483
0.570168
0.609216
0.50747
0.576258
0.427821
0.402784
0.585779
0.645796
0.64829
0.606536
0.604673
0.497515
0.516336
0.481894
0.567976
0.642891
0.471081
0.456982
0.631218
0.453232
0.44867
0.461394
0.340749
0.440719
0.554419
0.434088
0.51778
0.340228
0.53461
0.409922
0.570443
0.357253
0.462671
0.478684
0.298985
0.373012
0.573985
0.373699
0.516223
0.498606
0.678128
0.585405
0.437454
0.545887
0.546824
0.508571
0.601015
0.233463
0.520493
0.420099
0.46273
0.472058
0.495754
0.447641
0.464522
0.574213
0.550787
0.427536
0.509476
0.509119
0.335015
0.663877
0.382698
0.574128
0.494055
0.588757
0.439318
0.580285
0.520456
0.587066
0.638047
0.449999
0.815252
0.487468
0.430699
0.600759
0.614895
0.43448
0.525137
0.339573
0.382669
0.644838
0.521136
0.618596
0.583209
0.514651
0.47568
0.503189
0.553287
0.48208
0.386232
0.479444
0.351549
0.363606
0.48758
0.57897
0.514433
0.470191
0.539842
0.524541
0.465023
0.472952
0.542304
0.400964
0.316103
0.526225
0.639747
0.431334
0.478258
0.669183
0.594963
0.48959
0.428338
0.315474
0.583229
0.506103
0.513187
0.603579
0.521465
0.523779
0.658025
0.418934
0.67691
0.437961
0.518449
0.612078
0.507131
0.50418
0.459493
0.525426
0.465229
0.423605
0.564781
0.504495
0.661138
0.4168
0.573285
0.507751
0.501943
0.572198
0.510764
0.642459
0.541168
0.406467
0.52748
0.442259
0.549023
0.499745
0.473311
0.665444
0.372634
0.569472
0.435937
0.431188
0.487303
0.622358
0.537264
0.524279
0.546868
0.474787
0.427837
0.487177
0.423294
0.457757
0.538473
0.381495
0.582627
0.523209
0.442902
0.439302
0.376491
0.444414
0.454746
0.537896
0.635321
0.453835
0.52666
0.52002
0.331594
0.48769
0.43903
0.644725
0.638302
0.207208
0.560134
0.692405
0.339982
0.642348
0.529199
0.460802
0.560626
0.354545
0.558333
0.477032
0.554838
0.440823
0.468835
0.614009
0.365632
0.60239
0.571911
0.437897
0.684287
0.476618
0.373368
0.426491
0.454732
0.482093
0.426381
0.486752
0.646928
0.452198
0.375955
0.562955
0.480782
0.433469
0.63325
0.565215
0.514134
0.700762
0.48746
0.461443
0.415402
0.392025
0.507452
0.464039
0.723494
0.591274
0.704939
0.405945
0.554634
0.489134
0.725456
0.438921
0.547773
0.426111
0.602964
0.500238
0.447298
0.774508
0.358421
0.48221
0.503765
0.640719
0.442203
0.502315
0.530436
0.470375
0.61478
0.509904
0.585412
0.414643
0.529597
0.278793
0.6562
0.366711
0.426617
0.423308
0.505566
0.603313
0.564537
0.638654
0.694582
0.666915
0.414219
0.404714
0.530772
0.399951
0.505384
0.605724
0.49634
0.493303
0.36318
0.506502
0.493437
0.336986
0.590745
0.489228
0.500511
0.36178
0.448426
0.493015
0.465773
0.536341
0.549847
0.411833
0.470872
0.435089
0.53954
0.494598
0.579878
0.617975
0.536403
0.454528
0.545736
0.563988
0.521759
0.433167
0.378338
0.576051
0.420337
0.577723
0.485453
0.525753
0.567022
0.478687
0.479719
0.532108
0.471747
0.57795
0.40199
0.369362
0.389442
0.395934
0.643328
0.474603
0.471478
0.43953
0.454965
0.476745
0.519574
0.540913
0.517615
0.494216
0.482681
0.440589
0.39851
0.449476
0.33186
0.566313
0.556597
0.324269
0.517738
0.67279
0.563346
0.630278
0.559622
0.595365
0.488667
0.495663
0.534915
0.634168
0.358431
0.568717
0.431976
0.52349
0.622178
0.415672
0.599133
0.554425
0.476562
0.440459
0.36705
0.307098
0.272166
0.480009
0.541224
0.512085
0.488317
0.529473
0.455872
0.398923
0.492589
0.627504
0.650045
0.502854
0.708689
0.482539
0.471305
0.689272
0.498464
0.346792
0.431835
0.71859
0.520811
0.545454
0.336415
0.612546
0.562266
0.644376
0.471175
0.596232
0.541129
0.390295
0.586625
0.278428
0.46897
0.483439
0.52794
0.396083
0.61041
0.743129
0.460053
0.5871
0.514118
0.502788
0.604611
0.468811
0.494952
0.621529
0.550394
0.687873
0.429266
0.525296
0.518324
0.570541
0.482371
0.491291
0.556727
0.440592
0.419213
0.565225
0.612029
0.485428
0.456355
0.551699
0.664622
0.339206
0.495359
0.543793
0.539136
0.615065
0.634731
0.358748
0.492917
0.656871
0.389587
0.522381
0.556019
0.494119
0.555254
0.595669
0.54055
0.371957
0.533042
0.562725
0.556766
0.591557
0.493462
0.400143
0.367807
0.43434
0.48417
0.623503
0.484527
0.656851
0.496997
0.457589
0.446378
0.531356
0.4904
0.702659
0.553861
0.470519
0.420748
0.469884
0.512577
0.412782
0.46785
0.534864
0.618434
0.458391
0.547203
0.408898
0.65812
0.53423
0.58342
0.353473
0.41846
0.528976
0.576383
0.464221
0.49282
0.47832
0.423653
0.426362
0.54225
0.493289
0.469726
0.494451
0.613584
0.713016
0.534742
0.475013
0.536251
0.526531
0.432303
0.491428
0.614085
0.546492
0.618051
0.486235
0.697941
0.230991
0.517742
0.466773
0.569477
0.537909
0.465529
0.625876
0.485963
0.459535
0.44023
0.570124
0.530543
0.523467
0.519394
0.363917
0.481874
0.559077
0.477967
0.448434
0.361632
0.617129
0.540458
0.42032
0.537871
0.493387
0.552456
0.455708
0.556779
0.445365
0.569468
0.540999
0.344891
0.404623
0.567992
0.422556
0.468366
0.375315
0.465844
0.413298
0.555435
0.572961
0.495738
0.394931
0.38271
0.595722
0.608179
0.530337
0.695511
0.43369
0.486748
0.551439
0.476955
0.410042
0.440886
0.513621
0.60006
0.511156
0.398328
0.608581
0.591627
0.401066
0.451359
0.503265
0.406246
0.428931
0.618095
0.523313
0.553245
0.526467
0.462031
0.525233
0.53898
0.355568
0.570123
0.502299
0.381359
0.404623
0.521697
0.644944
0.523056
0.345335
0.387536
0.527218
0.514375
0.550097
0.480478
0.516632
0.556273
0.433292
0.535942
0.505523
0.488569
0.518153
0.432803
0.637836
0.577919
0.644086
0.672058
0.556005
0.704635
0.417679
0.612788
0.418393
0.366991
0.673847
0.521928
0.538551
0.316169
0.451898
0.326381
0.573299
0.404529
0.50455
0.663089
0.437465
0.474443
0.446225
0.50464
0.648835
0.634427
0.410224
0.695071
0.207729
0.563861
0.322671
0.462546
0.391309
0.357121
0.514386
0.382597
0.393581
0.362454
0.580148
0.547691
0.367803
0.490495
0.358063
0.555866
0.428774
0.461808
0.640057
0.56325
0.448304
0.332417
0.437789
0.452294
0.427909
0.380785
0.616538
0.449579
0.358574
0.459245
0.57295
0.384081
0.478204
0.607421
0.570747
0.408844
0.413161
0.494703
0.361845
0.415983
0.641076
0.503371
0.508551
0.557036
0.537897
0.583495
0.385845
0.537665
0.672912
0.605279
0.580992
0.487757
0.491288
0.504023
0.621024
0.515014
0.474411
0.457445
0.646927
0.532141
0.394145
0.554597
0.516631
0.504771
0.477854
0.51017
0.557184
0.399306
0.576849
0.447504
0.399789
0.51688
0.381699
0.518142
0.719638
0.481684
0.553608
0.645315
0.365786
0.508909
0.44186
0.573257
0.504564
0.409629
0.333107
0.573803
0.513335
0.496928
0.529055
0.506229
0.449652
0.439662
0.574894
0.345845
0.384186
0.567221
0.361583
0.591375
0.324052
0.560739
0.5009
0.430685
0.66645
0.573197
0.422931
0.588958
0.610828
0.302904
0.671466
0.502942
0.421029
0.601884
0.473556
0.35944
0.467201
0.532713
0.335235
0.305715
0.390504
0.494381
0.666241
0.584048
0.421937
0.619807
0.462306
0.262188
0.449884
0.504634
0.474387
0.625998
0.469282
0.458992
0.570009
0.570085
0.45856
0.380922
0.542617
0.566786
0.4188
0.532217
0.450689
0.713372
0.472866
0.554421
0.469075
0.351888
0.460489
0.594819
0.610858
0.525561
0.67861
0.619221
0.328784
0.580262
0.504563
0.370414
0.331103
0.439005
0.602938
0.48818
0.447447
0.572034
0.355265
0.438796
0.556127
0.654556
0.36494
0.508975
0.635062
0.448717
0.578086
0.50124
0.524277
0.465953
0.524332
0.424739
0.588725
0.360366
0.519768
0.507564
0.445967
0.573329
0.287619
0.663646
0.573999
0.494027
0.640464
0.629339
0.440339
0.520198
0.531101
0.641839
0.594219
0.597858
0.51744
0.463613
0.539557
0.588308
0.600103
0.464046
0.557119
0.555304
0.479669
0.45153
0.470105
0.484727
0.343794
0.40629
0.548139
0.543694
0.532724
0.496215
0.520453
0.55554
0.544983
0.46505
0.319803
0.611631
0.433319
0.564301
0.404485
0.360537
0.504256
0.357246
0.506536
0.509566
0.472889
0.555478
0.530052
0.543258
0.337839
0.455439
0.574291
0.507911
0.429573
0.524428
0.58202
0.530776
0.548551
0.542604
0.514369
0.537084
0.547986
0.339533
0.4292
0.297589
0.629231
0.470861
0.490806
0.583848
0.406145
0.462722
0.564535
0.428002
0.458013
0.508534
0.550694
0.478323
0.528931
0.734839
0.387903
0.411367
0.544813
0.659919
0.406816
0.406053
0.407456
0.5509
0.540931
0.404566
0.388421
0.542128
0.601979
0.379488
0.583713
0.509618
0.30318
0.496091
0.503563
0.403389
0.464403
0.403272
0.559893
0.521575
0.559088
0.506127
0.5773
0.567178
0.363548
0.567704
0.69172
0.460408
0.445034
0.556988
0.614157
0.386554
0.475769
0.404741
0.525208
0.341384
0.585905
0.648287
0.629342
0.493075
0.569142
0.740937
0.636197
0.51175
0.430545
0.571222
0.549443
0.324671
0.316867
0.481667
0.632038
0.437224
0.495452
0.396348
0.47996
0.416839
0.34861
0.361035
0.474829
0.568996
0.426098
0.569209
0.499066
0.441557
0.54915
0.491828
0.485543
0.575632
0.48526
0.548203
0.33696
0.578266
0.513727
0.549892
0.488447
0.624238
0.377722
0.519067
0.700194
0.701308
0.469449
0.427308
0.455179
0.595271
0.520729
0.420341
0.700342
0.568207
0.372135
0.488743
0.607855
0.515366
0.469569
0.614194
0.24639
0.393133
0.587979
0.565349
0.640589
0.592556
0.60766
0.436989
0.660224
0.48997
0.369402
0.420581
0.518791
0.338256
0.510506
0.563959
0.474591
0.369318
0.434465
0.522327
0.615625
0.560396
0.492916
0.322367
0.372895
0.473844
0.659222
0.455697
0.545004
0.512069
0.348838
0.487531
0.430227
0.63632
0.392393
0.410865
0.550488
0.380068
0.593205
0.496079
0.414984
0.544754
0.40172
0.580347
0.609465
0.497693
0.415153
0.710824
0.410455
0.398973
0.561392
0.500055
0.511997
0.466206
0.651992
0.471619
0.415764
0.543032
0.489903
0.468547
0.573691
0.369292
0.4933
0.466573
0.685521
0.557834
0.547733
0.378813
0.541984
0.464927
0.424529
0.558009
0.467577
0.598323
0.504216
0.496988
0.455208
0.438996
0.419477
0.697529
0.698248
0.459643
0.582962
0.522364
0.613813
0.305072
0.491019
0.564562
0.614382
0.456611
0.595239
0.463077
0.623128
0.434701
0.609459
0.562783
0.641649
0.500912
0.570647
0.46184
0.567022
0.402581
0.597893
0.508761
0.518429
0.560366
0.494499
0.606105
0.471856
0.33101
0.51394
0.547219
0.514663
0.584643
0.561258
0.457015
0.42009
0.617981
0.527228
0.627279
0.605062
0.581825
0.453413
0.43154
0.672922
0.633284
0.70201
0.474078
0.55602
0.430159
0.555174
0.572155
0.361336
0.467012
0.494276
0.390106
0.385641
0.709394
0.610351
0.638443
0.404936
0.514827
0.472747
0.620665
0.656224
0.436076
0.433803
0.554999
0.417932
0.48437
0.573121
0.317815
0.458595
0.38717
0.485825
0.550008
0.461669
0.507194
0.494942
0.537169
0.547668
0.496387
0.418844
0.518867
0.50305
0.640578
0.550471
0.501946
0.488591
0.407594
0.505812
0.547235
0.538258
0.443624
0.574942
0.66861
0.572871
0.669676
0.659658
0.627882
0.441127
0.51198
0.707558
0.428517
0.36384
0.457229
0.653184
0.505713
0.495542
0.655595
0.352625
0.579912
0.430843
0.50146
0.548772
0.585333
0.471263
0.40386
0.430179
0.304661
0.631519
0.515662
0.547282
0.335546
0.502512
0.322512
0.625497
0.484104
0.501564
0.59965
0.365511
0.625147
0.728737
0.426691
0.546853
0.588384
0.411321
0.607525
0.651601
0.424389
0.256894
0.474506
0.400909
0.673643
0.648607
0.46314
0.447748
0.506499
0.50465
0.525501
0.495102
0.421453
0.387129
0.607653
0.50961
0.583618
0.283858
0.448377
0.47641
0.654858
0.599868
0.763524
0.691778
0.611539
0.383697
0.46237
0.615868
0.565405
0.376817
0.599356
0.508687
0.49762
0.412844
0.396641
0.448214
0.68553
0.60643
0.57993
0.480331
0.546246
0.560054
0.552053
0.476037
0.640685
0.580175
0.485824
0.572189
0.576212
0.532522
0.449723
0.547798
0.615582
0.479552
0.486988
0.43869
0.544409
0.531404
0.450717
0.519108
0.468906
0.504958
0.654648
0.379641
0.710181
0.423872
0.531257
0.506626
0.43091
0.505778
0.495915
0.518949
0.374731
0.371076
0.597821
0.643969
0.318232
0.371062
0.395476
0.41505
0.729952
0.57139
0.62652
0.64899
0.400328
0.340179
0.448735
0.312389
0.751057
0.478315
0.511103
0.611812
0.351892
0.59282
0.37079
0.643348
0.467381
0.652418
0.603993
0.412988
0.525639
0.477711
0.56561
0.489984
0.545732
0.406675
0.434706
0.581165
0.579816
0.439433
0.639801
0.714956
0.42067
0.504601
0.390041
0.399618
0.494837
0.402705
0.345311
0.471023
0.406077
0.470537
0.440418
0.47105
0.513393
0.573516
0.435483
0.498473
0.42241
0.471468
0.49672
0.449999
0.538429
0.516477
0.418801
0.419871
0.573994
0.529754
0.582046
0.452269
0.623358
0.56777
0.59472
0.541495
0.710748
0.626139
0.502713
0.550718
0.488882
0.543067
0.555953
0.570839
0.608699
0.452421
0.502912
0.566813
0.400804
0.59979
0.541584
0.559551
0.503679
0.473154
0.487381
0.567302
0.443198
0.513101
0.425388
0.481192
0.51257
0.455763
0.496466
0.475395
0.521317
0.524981
0.423733
0.553174
0.476463
0.328431
0.517954
0.505815
0.628611
0.525779
0.407436
0.512275
0.460133
0.625159
0.620042
0.43311
0.412234
0.427613
0.401945
0.453084
0.342167
0.477346
0.489832
0.50258
0.47141
0.588985
0.460231
0.438766
0.530163
0.411284
0.361716
0.593219
0.423034
0.549996
0.29276
0.293512
0.535331
0.510938
0.720022
0.542024
0.368889
0.637528
0.338917
0.586056
0.540914
0.505376
0.560313
0.53906
0.498844
0.499776
0.464263
0.413633
0.698762
0.540242
0.593693
0.402652
0.464419
0.529499
0.467994
0.395748
0.588475
0.592631
0.478517
0.544078
0.357079
0.435364
0.584983
0.487136
0.47345
0.588746
0.463858
0.43114
0.625646
0.520764
0.466776
0.519288
0.588246
0.583722
0.629123
0.559987
0.467196
0.429483
0.425919
0.479913
0.491608
0.462969
0.504184
0.444561
0.525815
0.717573
0.527986
0.439717
0.519547
0.52444
0.454404
0.433055
0.533589
0.510843
0.515692
0.535873
0.572842
0.401168
0.514925
0.560731
0.528217
0.607298
0.549463
0.421549
0.473344
0.483467
0.458607
0.548511
0.281593
0.483943
0.548823
0.590885
0.623444
0.600169
0.381976
0.556676
0.573764
0.567294
0.519007
0.488775
0.703104
0.318265
0.593571
0.503081
0.44662
0.626993
0.547131
0.514843
0.638802
0.620327
0.389058
0.455236
0.571687
0.451889
0.652338
0.430987
0.478777
0.519097
0.497478
0.505646
0.566423
0.467967
0.474261
0.281854
0.508952
0.4686
0.483027
0.539778
0.593358
0.457496
0.584191
0.537636
0.443899
0.53117
0.386716
0.506026
0.576481
0.438775
0.603335
0.568555
0.427236
0.45976
0.492304
0.397053
0.569237
0.465847
0.512521
0.560408
0.575817
0.554904
0.600876
0.45189
0.408506
0.507562
0.637731
0.480556
0.602099
0.555722
0.498434
0.488158
0.488949
0.465358
0.49585
0.503725
0.449054
0.424325
0.500878
0.573791
0.392085
0.489138
0.484981
0.507
0.372007
0.583003
0.660767
0.547639
0.504482
0.450618
0.403727
0.743376
0.501777
0.463582
0.520208
0.498321
0.559435
0.333522
0.583797
0.703258
0.523483
0.628299
0.594269
0.610709
0.436504
0.499996
0.420317
0.273267
0.605408
0.521596
0.569291
0.689403
0.553291
0.392618
0.584226
0.501742
0.71228
0.412193
0.600452
0.668597
0.483821
0.731383
0.401117
0.480302
0.537355
0.684821
0.592989
0.51769
0.437918
0.465021
0.380923
0.550848
0.487671
0.440986
0.45143
0.552021
0.63594
0.536053
0.682792
0.647382
0.556859
0.468144
0.481218
0.458109
0.613246
0.41893
0.499555
0.382017
0.419865
0.636654
0.427107
0.542778
0.388777
0.39065
0.44614
0.584539
0.383982
0.483899
0.532694
0.515514
0.732128
0.493211
0.536325
0.50493
0.53055
0.544927
0.505478
0.513473
0.563473
0.447299
0.532183
0.688182
0.481706
0.489013
0.371802
0.378472
0.32073
0.476561
0.550623
0.530821
0.42656
0.621496
0.506068
0.595365
0.528344
0.601848
0.511375
0.528479
0.441164
0.510276
0.518594
0.601171
0.50204
0.364814
0.410807
0.423918
0.436665
0.296345
0.386486
0.374331
0.423957
0.540223
0.605949
0.664859
0.469995
0.647729
0.611906
0.513458
0.622502
0.596363
0.293098
0.581008
0.351493
0.516207
0.592106
0.514974
0.391325
0.362922
0.365375
0.48964
0.383824
0.65619
0.585604
0.558993
0.481778
0.565713
0.433612
0.539129
0.566567
0.465141
0.658879
0.512836
0.703233
0.487622
0.59495
0.399784
0.600862
0.604891
0.397956
0.461538
0.365637
0.515151
0.533507
0.711383
0.628472
0.663246
0.569262
0.474747
0.598683
0.329923
0.337512
0.396768
0.339645
0.41525
0.614124
0.519361
0.481959
0.604549
0.617261
0.650878
0.584152
0.343483
0.46128
0.527299
0.320469
0.462202
0.508281
0.614597
0.419877
0.576763
0.541788
0.527775
0.499878
0.559291
0.244076
0.642794
0.633321
0.706638
0.290702
0.453442
0.555878
0.350607
0.382821
0.475924
0.566418
0.541026
0.419887
0.629795
0.592036
0.496315
0.472398
0.424571
0.38401
0.4544
0.346354
0.457201
0.480506
0.370165
0.538127
0.576306
0.616385
0.493873
0.46049
0.594922
0.579974
0.328298
0.377577
0.534228
0.41123
0.500568
0.41855
0.656529
0.405216
0.598023
0.446842
0.59658
0.429383
0.505649
0.543796
0.526054
0.482641
0.545946
0.522635
0.386798
0.418765
0.46038
0.32065
0.604277
0.526201
0.684808
0.424595
0.443372
0.600856
0.459601
0.466246
0.394515
0.668027
0.578428
0.382172
0.378901
0.704093
0.517973
0.563741
0.437287
0.578189
0.404114
0.530465
0.517715
0.678572
0.558398
0.341775
0.703223
0.30793
0.431918
0.519392
0.521427
0.426422
0.57196
0.584446
0.553617
0.490767
0.380115
0.620568
0.511811
0.582223
0.508776
0.556179
0.477965
0.635834
0.606273
0.616254
0.400357
0.577859
0.559138
0.525857
0.31789
0.447823
0.493302
0.454773
0.733904
0.526156
0.484302
0.474608
0.486813
0.507926
0.489836
0.656747
0.465699
0.557705
0.356319
0.471592
0.494758
0.350125
0.664347
0.456542
0.461284
0.645228
0.56627
0.502194
0.487653
0.46723
0.632353
0.463294
0.348558
0.449869
0.660286
0.532977
0.510508
0.481017
0.616089
0.425889
0.421416
0.523784
0.562723
0.497785
0.403849
0.510865
0.596032
0.486274
0.406321
0.403409
0.445875
0.489355
0.342776
0.675241
0.513644
0.605473
0.401192
0.427765
0.505591
0.540826
0.628024
0.560434
0.48471
0.44668
0.495979
0.516202
0.502178
0.381516
0.638399
0.390888
0.582647
0.599812
0.584308
0.339932
0.525962
0.651344
0.453969
0.535534
0.451158
0.53189
0.37556
0.421735
0.546878
0.35826
0.559381
0.584471
0.405611
0.64762
0.516768
0.598224
0.307475
0.363078
0.536679
0.330392
0.582504
0.444568
0.633701
0.579021
0.4187
0.276073
0.556998
0.489119
0.496414
0.447271
0.400513
0.43724
0.617841
0.549716
0.480512
0.493623
0.36378
0.404695
0.447335
0.465642
0.548
0.451938
0.574011
0.495906
0.652914
0.635388
0.615173
0.432837
0.418483
0.40427
0.555473
0.411119
0.619602
0.504717
0.467506
0.473914
0.605462
0.669269
0.575019
0.538295
0.587684
0.718559
0.367942
0.549865
0.452306
0.471569
0.541619
0.49206
0.433968
0.417823
0.533313
0.310183
0.528935
0.536965
0.604925
0.479715
0.636876
0.558173
0.471587
0.293017
0.609591
0.633879
0.501602
0.558047
0.548179
0.359342
0.513971
0.597239
0.428387
0.501597
0.57554
0.504255
0.447206
0.608385
0.650571
0.560815
0.472015
0.44965
0.481319
0.635363
0.436895
0.601276
0.479003
0.479856
0.568987
0.412711
0.580298
0.51049
0.541069
0.507205
0.575307
0.602707
0.53479
0.545385
0.438704
0.550362
0.462305
0.339949
0.396557
0.433466
0.53231
0.641264
0.537105
0.40843
0.559774
0.620711
0.524537
0.479301
0.706935
0.560632
0.500629
0.427977
0.506428
0.416778
0.459847
0.675942
0.255668
0.451179
0.559312
0.519589
0.584907
0.54039
0.575835
0.425719
0.58967
0.546111
0.647947
0.493355
0.581541
0.592184
0.441712
0.682523
0.549568
0.52403
0.454811
0.480188
0.537821
0.5336
0.524233
0.518075
0.532933
0.614953
0.428644
0.576622
0.418723
0.27261
0.477316
0.503852
0.493289
0.53685
0.553255
0.647477
0.657243
0.447159
0.528977
0.343081
0.470024
0.547073
0.399127
0.520762
0.634534
0.590677
0.474955
0.487141
0.508593
0.693059
0.461406
0.409181
0.555015
0.364059
0.488401
0.270776
0.330373
0.546665
0.493633
0.392634
0.575815
0.438459
0.655004
0.500469
0.611553
0.506529
0.446608
0.596075
0.549956
0.413306
0.642934
0.430379
0.430435
0.35282
0.721759
0.597105
0.642611
0.453884
0.516976
0.460193
0.442511
0.638758
0.348381
0.397682
0.579849
0.432881
0.506225
0.389273
0.442707
0.403273
0.394129
0.394311
0.489219
0.36026
0.43472
0.561493
0.574155
0.389186
0.518144
0.581099
0.691553
0.485834
0.524397
0.535104
0.442872
0.551275
0.576171
0.420043
0.403369
0.658928
0.579728
0.51204
0.397729
0.438621
0.387063
0.512938
0.50924
0.429491
0.563425
0.461013
0.535069
0.635584
0.270029
0.509257
0.363516
0.475039
0.372583
0.468785
0.587365
0.445802
0.562019
0.384407
0.580758
0.4378
0.324639
0.55399
0.455284
0.503586
0.424599
0.42271
0.474273
0.35645
0.462519
0.477877
0.442535
0.397076
0.449711
0.539504
0.402118
0.476789
0.488351
0.486356
0.452872
0.487543
0.473683
0.676723
0.579952
0.525758
0.535115
0.517708
0.508634
0.30921
0.508868
0.306342
0.420106
0.333158
0.68561
0.410362
0.550194
0.533962
0.50228
0.376061
0.556247
0.585446
0.648109
0.445076
0.675686
0.385323
0.530608
0.431594
0.513021
0.395992
0.498078
0.555926
0.380395
0.486086
0.640988
0.349951
0.380029
0.376161
0.595337
0.544476
0.455177
0.423943
0.346897
0.518073
0.549537
0.591601
0.386032
0.63148
0.603291
0.519522
0.388545
0.491213
0.577271
0.588114
0.398801
0.380524
0.535007
0.481186
0.567155
0.565422
0.62569
0.571481
0.444496
0.527955
0.599386
0.530977
0.562483
0.498522
0.4491
0.625611
0.628858
0.453491
0.512575
0.486072
0.442975
0.413943
0.579992
0.553406
0.48749
0.52588
0.342024
0.380137
0.577916
0.521793
0.375971
0.524697
0.552536
0.657976
0.405981
0.408949
0.360967
0.491543
0.486663
0.21564
0.46041
0.60562
0.447648
0.384655
0.554444
0.310695
0.599964
0.32394
0.309974
0.544693
0.543362
0.483055
0.563732
0.46381
0.427002
0.544279
0.480528
0.56072
0.504199
0.468274
0.551194
0.66628
0.385213
0.488327
0.518987
0.485392
0.430344
0.579201
0.498961
0.487205
0.438867
0.433707
0.405626
0.614393
0.477634
0.562074
0.529974
0.395753
0.456454
0.486291
0.507759
0.640899
0.395625
0.533578
0.496652
0.665392
0.444289
0.640196
0.630741
0.439122
0.496569
0.358839
0.44656
0.470348
0.515701
0.519867
0.575653
0.532284
0.514679
0.328687
0.574458
0.408682
0.555211
0.588611
0.613051
0.579385
0.515046
0.620554
0.570101
0.386346
0.437041
0.407962
0.582158
0.51515
0.511591
0.3274
0.271162
0.496609
0.55735
0.432252
0.42487
0.577517
0.553429
0.539023
0.63066
0.529209
0.439565
0.522759
0.56395
0.457057
0.83901
0.560141
0.708269
0.343626
0.472183
0.465818
0.534784
0.602685
0.417422
0.549616
0.494868
0.440837
0.538416
0.479247
0.480084
0.518054
0.536229
0.465194
0.579731
0.467929
0.59706
0.491496
0.416897
0.382991
0.595211
0.49814
0.369709
0.489958
0.473961
0.277864
0.385308
0.434356
0.465394
0.482137
0.469793
0.463407
0.423442
0.638175
0.488211
0.440706
0.432734
0.560832
0.53443
0.54564
0.519093
0.700282
0.331508
0.605128
0.625834
0.498396
0.398963
0.474712
0.433262
0.433783
0.574133
0.630621
0.487074
0.51748
0.500575
0.35392
0.564657
0.558305
0.497265
0.382407
0.746518
0.648932
0.59811
0.475459
0.373412
0.430755
0.502097
0.38153
0.45798
0.577667
0.500145
0.417571
0.282998
0.495892
0.445554
0.564143
0.556631
0.469044
0.510687
0.54955
0.608358
0.384615
0.42332
0.44083
0.497505
0.660143
0.60188
0.578985
0.569635
0.544315
0.609556
0.390363
0.534289
0.500306
0.423075
0.57562
0.650874
0.485698
0.462681
0.422252
0.397779
0.425321
0.555669
0.406187
0.763064
0.530429
0.506596
0.542468
0.533361
0.349623
0.423056
0.414614
0.370907
0.443983
0.29672
0.456719
0.556903
0.560892
0.465088
0.581963
0.442679
0.538077
0.380213
0.545646
0.588431
0.401411
0.58641
0.50048
0.382562
0.427058
0.559769
0.446321
0.522963
0.520575
0.488051
0.69613
0.504824
0.522616
0.570346
0.474416
0.297876
0.482909
0.491636
0.433997
0.309217
0.451211
0.278206
0.421422
0.41618
0.515987
0.365604
0.640917
0.41697
0.478569
0.511654
0.361292
0.485076
0.382609
0.5628
0.579722
0.526757
0.525643
0.53283
0.500886
0.329173
0.461634
0.378825
0.409475
0.350008
0.560398
0.359952
0.508581
0.537738
0.421815
0.440504
0.36606
0.484939
0.249804
0.449364
0.455439
0.405354
0.573037
0.633865
0.597514
0.488682
0.456409
0.44678
0.403293
0.62536
0.379322
0.380986
0.688467
0.506879
0.463862
0.417086
0.574139
0.49545
0.417971
0.475103
0.508066
0.420131
0.615776
0.46209
0.435189
0.594806
0.46923
0.383338
0.41577
0.766661
0.352287
0.435579
0.433988
0.69214
0.520841
0.426433
0.259367
0.600572
0.328695
0.565066
0.517943
0.544015
0.57187
0.644857
0.499617
0.545081
0.400567
0.289609
0.572658
0.44283
0.62017
0.260671
0.495869
0.500093
0.459658
0.523059
0.313438
0.473833
0.417866
0.444513
0.487049
0.663501
0.605049
0.452131
0.464346
0.640544
0.479229
0.59709
0.602377
0.525579
0.633855
0.578658
0.45918
0.617965
0.525318
0.554547
0.636199
0.395843
0.535898
0.615413
0.498753
0.392941
0.449771
0.527081
0.521308
0.521766
0.4767
0.444874
0.498842
0.451061
0.590104
0.380194
0.435116
0.5587
0.45319
0.550292
0.563191
0.469461
0.588909
0.467934
0.473078
0.550411
0.506484
0.528462
0.515931
0.474917
0.629319
0.427526
0.523711
0.579569
0.476125
0.493549
0.627808
0.226591
0.52911
0.444748
0.379612
0.447594
0.480149
0.481357
0.270577
0.582811
0.47783
0.39943
0.518831
0.543219
0.505363
0.363414
0.433947
0.511262
0.501312
0.500466
0.390981
0.459144
0.392192
0.480242
0.439454
0.501956
0.537959
0.519696
0.44246
0.516174
0.498492
0.603196
0.485624
0.342364
0.41117
0.434037
0.41516
0.454186
0.526688
0.634237
0.55882
0.414081
0.482288
0.685248
0.553038
0.349329
0.398615
0.453029
0.54413
0.470394
0.56843
0.466693
0.650918
0.416815
0.462446
0.420714
0.470684
0.454139
0.509597
0.546483
0.579912
0.558683
0.516064
0.649759
0.625765
0.515217
0.369418
0.636365
0.423823
0.615903
0.63128
0.449239
0.572099
0.487136
0.453917
0.515746
0.460908
0.384207
0.563237
0.454938
0.502688
0.581969
0.432665
0.420213
0.625384
0.753014
0.329414
0.453635
0.367576
0.463089
0.446713
0.503929
0.383032
0.426824
0.542566
0.610959
0.5069
0.555069
0.587651
0.585288
0.555306
0.688461
0.582009
0.412177
0.524631
0.450105
0.332197
0.585188
0.526287
0.463529
0.387602
0.525306
0.437347
0.470363
0.416673
0.567314
0.566882
0.345477
0.460811
0.595902
0.532447
0.445589
0.435751
0.689792
0.510629
0.64062
0.557231
0.38293
0.470148
0.665396
0.449841
0.377598
0.615497
0.392518
0.55493
0.545053
0.56367
0.465572
0.385494
0.525095
0.346035
0.545065
0.483011
0.386756
0.571954
0.507803
0.713201
0.538066
0.410268
0.503684
0.39474
0.473643
0.539322
0.512172
0.486959
0.524633
0.585701
0.453985
0.569639
0.426309
0.516421
0.601827
0.529977
0.644419
0.468805
0.497272
0.628905
0.502146
0.496848
0.419171
0.450903
0.625343
0.48237
0.56227
0.648536
0.674465
0.603821
0.572966
0.674941
0.457417
0.575093
0.252449
0.654534
0.518311
0.361277
0.375722
0.474238
0.472913
0.647776
0.588315
0.484565
0.612333
0.383767
0.630737
0.48191
0.422293
0.440508
0.404052
0.500452
0.666105
0.51952
0.42818
0.47409
0.455253
0.515216
0.55788
0.735866
0.682254
0.581069
0.409573
0.504365
0.416282
0.467947
0.515513
0.363605
0.562777
0.397783
0.56006
0.574981
0.564088
0.405256
0.466083
0.366822
0.568931
0.524714
0.387838
0.529195
0.424282
0.519093
0.529912
0.498586
0.644049
0.542109
0.350115
0.549138
0.384686
0.294543
0.517506
0.414148
0.408683
0.379971
0.484977
0.543572
0.342641
0.384801
0.599144
0.560285
0.537428
0.502048
0.508543
0.509922
0.413698
0.387764
0.444435
0.506104
0.426819
0.483617
0.536776
0.554938
0.511059
0.758605
0.491226
0.599666
0.463653
0.617445
0.591321
0.558389
0.405137
0.592711
0.403225
0.334832
0.603145
0.682297
0.548763
0.464134
0.372631
0.513356
0.475721
0.412669
0.466255
0.408363
0.292657
0.582973
0.444467
0.498485
0.448781
0.481827
0.565591
0.573997
0.627723
0.391636
0.461999
0.680984
0.587283
0.542235
0.469248
0.568116
0.415572
0.51229
0.45083
0.556815
0.487177
0.396515
0.411962
0.552655
0.69134
0.556935
0.521641
0.535381
0.567338
0.33346
0.562949
0.359445
0.220607
0.421075
0.407391
0.46651
0.506389
0.327978
0.659818
0.555887
0.55597
0.411024
0.646276
0.378415
0.483877
0.641866
0.517912
0.613805
0.452655
0.389235
0.419809
0.261029
0.485158
0.509784
0.524474
0.515841
0.402532
0.32202
0.455404
0.529061
0.529388
0.494811
0.326997
0.433781
0.545916
0.614036
0.502836
0.59918
0.379979
0.597956
0.425135
0.613177
0.520526
0.613914
0.493957
0.315668
0.596902
0.606005
0.375561
0.498636
0.606975
0.575408
0.495034
0.658947
0.590212
0.56206
0.519138
0.434173
0.330176
0.458434
0.561091
0.471338
0.434167
0.443171
0.439772
0.272972
0.476015
0.454378
0.501628
0.434431
0.601319
0.629416
0.464341
0.530954
0.582702
0.520045
0.567092
0.532442
0.475949
0.548815
0.51305
0.418522
0.46614
0.604629
0.365473
0.435931
0.606226
0.582442
0.509617
0.584844
0.438711
0.354069
0.418408
0.540255
0.554457
0.514129
0.460631
0.609072
0.480839
0.57718
0.566152
0.393136
0.504813
0.509112
0.413488
0.47285
0.424716
0.557924
0.430812
0.545712
0.487894
0.606019
0.502259
0.348501
0.509559
0.398196
0.447197
0.461451
0.381523
0.706551
0.490876
0.737261
0.467778
0.475505
0.470683
0.517301
0.447129
0.447254
0.523003
0.491942
0.701419
0.599921
0.571439
0.431448
0.361103
0.537742
0.587979
0.458383
0.508277
0.654668
0.524419
0.452067
0.700499
0.349745
0.712192
0.570085
0.517034
0.304731
0.404475
0.441432
0.542459
0.541372
0.485276
0.53039
0.590806
0.657857
0.495968
0.489754
0.536731
0.500944
0.430488
0.616584
0.658476
0.562323
0.626266
0.493147
0.510654
0.494791
0.628657
0.540302
0.533186
0.525848
0.532486
0.530061
0.365997
0.403371
0.605069
0.598604
0.577354
0.640019
0.470862
0.570593
0.527012
0.430101
0.688669
0.450097
0.573613
0.594617
0.578125
0.653027
0.399084
0.567265
0.652949
0.550488
0.361018
0.466199
0.594246
0.361981
0.497356
0.503374
0.447903
0.281931
0.395925
0.565337
0.455941
0.442548
0.504695
0.556363
0.532418
0.710547
0.596892
0.326859
0.370303
0.684797
0.418377
0.516986
0.316488
0.506498
0.532996
0.527497
0.577926
0.413007
0.544875
0.486797
0.422606
0.460978
0.414928
0.515292
0.314922
0.514011
0.402112
0.495083
0.475727
0.634509
0.548253
0.435148
0.38317
0.639035
0.58856
0.479126
0.531173
0.370907
0.608192
0.334899
0.538214
0.41339
0.578563
0.512171
0.549844
0.411297
0.495323
0.536273
0.304143
0.388401
0.603251
0.463479
0.330127
0.442554
0.531563
0.35512
0.524862
0.569954
0.576432
0.574827
0.505864
0.414542
0.355799
0.555282
0.461106
0.458019
0.424817
0.537842
0.419762
0.760525
0.278569
0.520489
0.442588
0.531545
0.581983
0.556541
0.481617
0.455131
0.555133
0.528632
0.384643
0.713083
0.505415
0.57945
0.520726
0.544233
0.636343
0.61282
0.378754
0.347527
0.37603
0.685678
0.441865
0.381136
0.356657
0.593571
0.366323
0.629333
0.439542
0.509319
0.594208
0.503434
0.5187
0.466516
0.60508
0.512609
0.449049
0.686566
0.562554
0.584916
0.633724
0.43001
0.537482
0.738434
0.568214
0.509895
0.590255
0.596898
0.477349
0.536995
0.470496
0.413792
0.494416
0.373712
0.543194
0.61335
0.519977
0.455518
0.376132
0.576491
0.561256
0.39583
0.424214
0.494201
0.291219
0.622255
0.622106
0.480444
0.579768
0.599141
0.447359
0.581189
0.737746
0.47344
0.441997
0.535685
0.477738
0.437885
0.381296
0.640639
0.533917
0.537551
0.654291
0.537497
0.39649
0.652858
0.571317
0.287536
0.504562
0.474146
0.439671
0.41903
0.404517
0.439958
0.449266
0.525273
0.419309
0.443208
0.685931
0.461772
0.487331
0.516437
0.340786
0.535451
0.517803
0.589396
0.609902
0.398264
0.672914
0.569229
0.579258
0.552096
0.525226
0.625548
0.565746
0.541423
0.552135
0.569735
0.535803
0.454681
0.61746
0.599839
0.349003
0.374854
0.553514
0.539442
0.474718
0.514321
0.395295
0.53095
0.405771
0.438517
0.73171
0.550735
0.443737
0.527513
0.527036
0.595632
0.456382
0.544137
0.429094
0.547306
0.608468
0.571803
0.418897
0.553036
0.542955
0.454725
0.56981
0.668503
0.54041
0.517753
0.672557
0.290186
0.610206
0.362578
0.645666
0.662018
0.567894
0.431579
0.589243
0.372972
0.428879
0.400151
0.553252
0.26928
0.499353
0.502836
0.579724
0.687033
0.571183
0.418155
0.341656
0.467919
0.328266
0.431534
0.439586
0.552907
0.547604
0.365276
0.430147
0.455699
0.429183
0.409047
0.549173
0.499825
0.614471
0.603872
0.555205
0.460266
0.654175
0.527195
0.557548
0.582525
0.461644
0.496036
0.606271
0.559117
0.539107
0.449881
0.309875
0.425452
0.589711
0.494394
0.709592
0.594135
0.529099
0.481645
0.577577
0.478733
0.586058
0.472015
0.319543
0.565087
0.632548
0.567522
0.550653
0.470287
0.40919
0.525806
0.476783
0.586449
0.513095
0.458568
0.45153
0.438463
0.39068
0.38777
0.492644
0.491939
0.428901
0.477445
0.529823
0.529558
0.464122
0.578501
0.419106
0.571126
0.428614
0.518416
0.397376
0.344611
0.530457
0.637283
0.463751
0.522499
0.413405
0.416151
0.462964
0.51984
0.469056
0.563189
0.509054
0.40736
0.574438
0.617698
0.526028
0.625089
0.503925
0.401528
0.495402
0.388928
0.515155
0.492013
0.488814
0.464677
0.634415
0.510036
0.427205
0.441018
0.567751
0.4114
0.546302
0.465009
0.439807
0.339175
0.261479
0.510681
0.51322
0.339263
0.613286
0.333329
0.567151
0.46092
0.438275
0.419167
0.514326
0.358524
0.547994
0.371994
0.511731
0.480407
0.412325
0.485601
0.470905
0.475093
0.53161
0.532639
0.399531
0.564819
0.445292
0.557729
0.406841
0.430759
0.463087
0.594607
0.48108
0.523876
0.517979
0.534131
0.398121
0.559885
0.528607
0.552028
0.446046
0.576324
0.421896
0.462253
0.551318
0.52427
0.505085
0.493908
0.46796
0.53677
0.389538
0.396653
0.541895
0.360567
0.457075
0.461617
0.488442
0.55727
0.522764
0.401819
0.521693
0.574617
0.486464
0.668141
0.3503
0.458013
0.578645
0.583951
0.504991
0.517089
0.394315
0.563474
0.388886
0.481502
0.472158
0.436063
0.4425
0.474792
0.414258
0.430537
0.491074
0.60459
0.5551
0.5808
0.49267
0.412031
0.576771
0.395978
0.431245
0.542756
0.330601
0.495329
0.399693
0.496394
0.363762
0.440248
0.593644
0.580992
0.562601
0.502683
0.387562
0.543332
0.612797
0.491319
0.390494
0.365672
0.63968
0.613945
0.57958
0.613916
0.530365
0.586409
0.385234
0.491792
0.552603
0.605624
0.452673
0.500141
0.573553
0.486117
0.630257
0.619931
0.344964
0.516625
0.535896
0.63216
0.459503
0.625311
0.528529
0.557342
0.596303
0.449159
0.462509
0.441802
0.462025
0.585167
0.428458
0.337513
0.49706
0.657995
0.384984
0.616784
0.354745
0.47072
0.561391
0.432598
0.574759
0.612416
0.562333
0.379954
0.560163
0.47831
0.53111
0.433084
0.630784
0.515246
0.529119
0.527968
0.363992
0.637299
0.364711
0.529066
0.447124
0.46334
0.55554
0.463762
0.454155
0.510424
0.534225
0.427508
0.622464
0.433904
0.507945
0.457202
0.543816
0.437174
0.358378
0.439874
0.497004
0.48102
0.619164
0.468273
0.43782
0.404552
0.293844
0.57448
0.525361
0.426742
0.378037
0.367207
0.401911
0.629612
0.525376
0.667975
0.456953
0.631162
0.447498
0.585893
0.394121
0.438138
0.664198
0.49029
0.483221
0.525796
0.4206
0.534976
0.617675
0.423831
0.364008
0.557466
0.411079
0.494675
0.423857
0.320993
0.254817
0.472403
0.463996
0.386704
0.621952
0.687522
0.477275
0.39794
0.340916
0.634929
0.468236
0.528038
0.375788
0.449381
0.420447
0.787637
0.538226
0.634841
0.470828
0.606982
0.319418
0.451073
0.414086
0.403262
0.468684
0.392946
0.436163
0.51255
0.458637
0.504862
0.526374
0.41044
0.365117
0.554833
0.543702
0.565006
0.553371
0.549697
0.513501
0.360251
0.500226
0.405044
0.50662
0.597725
0.495329
0.490415
0.503768
0.428542
0.452736
0.552398
0.473706
0.287545
0.427492
0.375265
0.594627
0.495907
0.370069
0.470816
0.623892
0.467975
0.464824
0.596146
0.572039
0.602719
0.486941
0.48006
0.462785
0.659642
0.475577
0.395921
0.561521
0.413586
0.259222
0.550718
0.430568
0.552349
0.482573
0.667185
0.520254
0.425606
0.572476
0.517846
0.33066
0.473121
0.443825
0.526863
0.379634
0.554793
0.384512
0.487624
0.588504
0.474606
0.271883
0.35102
0.447638
0.435057
0.461364
0.421402
0.549851
0.578223
0.451272
0.554239
0.480374
0.564099
0.366037
0.681515
0.427927
0.506411
0.413404
0.497965
0.432204
0.530619
0.459423
0.423242
0.508847
0.438371
0.528335
0.412174
0.593797
0.457182
0.372746
0.61728
0.524656
0.523664
0.472742
0.514748
0.527505
0.593144
0.510912
0.587115
0.503381
0.388052
0.533492
0.512926
0.509423
0.391995
0.546149
0.445653
0.505445
0.565943
0.506193
0.471222
0.487513
0.607509
0.461298
0.515502
0.455846
0.693828
0.648076
0.630157
0.565176
0.343058
0.402145
0.417267
0.581457
0.499078
0.44461
0.560208
0.519622
0.68848
0.398151
0.310237
0.562826
0.518474
0.449204
0.535336
0.364449
0.378873
0.510979
0.569842
0.509861
0.380852
0.555386
0.610458
0.365773
0.609684
0.470162
0.486249
0.570755
0.388234
0.460824
0.687267
0.321298
0.64247
0.455322
0.468485
0.383553
0.42982
0.382569
0.552741
0.51171
0.535717
0.384285
0.438436
0.579703
0.563214
0.582894
0.47474
0.53375
0.535071
0.666481
0.59913
0.449002
0.597264
0.3651
0.339059
0.424357
0.557375
0.481008
0.461655
0.475281
0.610886
0.398676
0.412306
0.38525
0.502881
0.438723
0.615092
0.452223
0.642256
0.433171
0.414987
0.617322
0.530005
0.487745
0.623847
0.688682
0.582727
0.260167
0.389177
0.474225
0.527009
0.321738
0.536748
0.712875
0.409867
0.582718
0.645134
0.344522
0.414984
0.450355
0.492282
0.484834
0.49398
0.451643
0.671257
0.571772
0.616505
0.391215
0.60435
0.526477
0.412484
0.428029
0.391735
0.421939
0.42433
0.542787
0.512924
0.478687
0.506536
0.531338
0.556289
0.407477
0.504532
0.497554
0.583953
0.394762
0.514258
0.632481
0.346361
0.577496
0.468423
0.354844
0.542931
0.479623
0.414952
0.551241
0.682135
0.583353
0.547655
0.392688
0.526471
0.484144
0.418681
0.617409
0.614763
0.429063
0.506866
0.458083
0.636275
0.263987
0.43558
0.455024
0.488173
0.515904
0.528257
0.535048
0.479868
0.412315
0.459281
0.549083
0.55483
0.490578
0.50246
0.449829
0.582483
0.27575
0.498829
0.554089
0.429827
0.406319
0.460084
0.47264
0.554456
0.462968
0.393447
0.503828
0.567683
0.506309
0.378311
0.475318
0.398513
0.555289
0.644553
0.581742
0.546218
0.538787
0.496911
0.504251
0.541333
0.528645
0.499376
0.511261
0.641886
0.613224
0.478061
0.627971
0.473743
0.696301
0.520562
0.525497
0.480938
0.606935
0.644333
0.518779
0.68394
0.581704
0.676146
0.675648
0.650786
0.631501
0.429237
0.52778
0.368096
0.430833
0.484254
0.637498
0.455954
0.468393
0.474682
0.512693
0.502742
0.473421
0.346918
0.575396
0.502976
0.483149
0.609737
0.477833
0.463282
0.542442
0.60738
0.423068
0.498633
0.527491
0.64507
0.685611
0.373038
0.561208
0.465254
0.440664
0.645885
0.538765
0.417429
0.398954
0.467171
0.607482
0.583926
0.507385
0.521893
0.346064
0.718555
0.514005
0.655891
0.363961
0.624567
0.409099
0.522489
0.692413
0.542885
0.542474
0.571285
0.664511
0.541127
0.580283
0.357481
0.482401
0.388436
0.603035
0.282187
0.345532
0.470697
0.559702
0.581156
0.464623
0.545232
0.481121
0.36142
0.511823
0.553601
0.519174
0.542372
0.458308
0.505663
0.416505
0.389819
0.526325
0.517605
0.524811
0.538602
0.533521
0.331133
0.578042
0.581391
0.533113
0.460609
0.490101
0.458299
0.754295
0.409389
0.58494
0.513991
0.423019
0.5662
0.480215
0.595986
0.594084
0.536893
0.533944
0.4499
0.351255
0.386443
0.526909
0.424401
0.532898
0.660626
0.391797
0.630655
0.416412
0.426284
0.513392
0.408121
0.545514
0.613683
0.512366
0.530536
0.610215
0.463936
0.288548
0.342998
0.590113
0.479047
0.337794
0.453063
0.547396
0.441629
0.569871
0.405814
0.406743
0.415904
0.543068
0.45489
0.385083
0.561096
0.694498
0.4985
0.534965
0.682895
0.383364
0.681457
0.541051
0.51817
0.577718
0.471329
0.460062
0.492656
0.503553
0.498802
0.620236
0.410868
0.538316
0.609423
0.497197
0.432032
0.56924
0.60587
0.558868
0.455334
0.65015
0.466976
0.422871
0.382349
0.47871
0.511732
0.495616
0.544021
0.479313
0.433549
0.363086
0.474099
0.415158
0.462062
0.579096
0.380483
0.466273
0.416826
0.34756
0.510432
0.59858
0.399256
0.421144
0.625156
0.512353
0.326198
0.339386
0.593815
0.496691
0.440576
0.405211
0.686493
0.62994
0.341549
0.449509
0.490245
0.454254
0.45868
0.459254
0.391844
0.415778
0.551629
0.545387
0.565386
0.6002
0.448922
0.402517
0.572445
0.606743
0.546376
0.563219
0.627
0.491888
0.567794
0.475549
0.596887
0.477457
0.54757
0.433112
0.508056
0.555921
0.526885
0.562864
0.387455
0.439124
0.462193
0.426563
0.324886
0.484848
0.426736
0.417589
0.453701
0.498963
0.542866
0.635629
0.544766
0.449167
0.314956
0.597499
0.37762
0.33961
0.539748
0.593164
0.597297
0.383976
0.552989
0.521797
0.684828
0.57787
0.428256
0.543491
0.463952
0.509661
0.37589
0.55803
0.636088
0.56218
0.496996
0.372897
0.480187
0.645989
0.5295
0.648494
0.573576
0.468181
0.580274
0.609304
0.484458
0.378991
0.369388
0.385531
0.556261
0.451748
0.41956
0.400521
0.548552
0.439993
0.505928
0.345061
0.418771
0.518874
0.338279
0.580416
0.52358
0.656192
0.579907
0.587759
0.488116
0.371775
0.514318
0.632426
0.636029
0.632128
0.553011
0.637218
0.392652
0.590581
0.334601
0.559732
0.368231
0.521451
0.497591
0.444502
0.597653
0.51001
0.516123
0.671517
0.557632
0.448336
0.570063
0.648439
0.501874
0.350383
0.47782
0.494654
0.349237
0.537938
0.652329
0.541051
0.429469
0.562352
0.647635
0.320212
0.635602
0.615254
0.445592
0.547481
0.551649
0.444739
0.589169
0.594149
0.418749
0.431765
0.500936
0.529795
0.572454
0.394831
0.332289
0.561573
0.528386
0.579237
0.471048
0.424045
0.513005
0.550534
0.792058
0.573937
0.330789
0.550062
0.567463
0.319946
0.428621
0.38373
0.460381
0.568556
0.662746
0.503495
0.607692
0.392564
0.693171
0.604254
0.554723
0.429806
0.624914
0.497186
0.436628
0.49538
0.485043
0.433815
0.608286
0.441393
0.468984
0.543365
0.506589
0.424104
0.609089
0.409286
0.58601
0.439056
0.613011
0.549055
0.400376
0.260616
0.488939
0.574698
0.410792
0.473092
0.6193
0.499705
0.481731
0.606407
0.564049
0.421342
0.58427
0.59006
0.369211
0.545597
0.357557
0.414906
0.425861
0.635329
0.486569
0.443064
0.469267
0.650413
0.736281
0.532044
0.527448
0.31201
0.539385
0.339958
0.322932
0.561337
0.566739
0.654461
0.501024
0.496603
0.516754
0.43888
0.602441
0.560066
0.541944
0.514702
0.517682
0.410428
0.487923
0.500468
0.455049
0.4541
0.452136
0.502798
0.623753
0.422102
0.376664
0.606144
0.478086
0.567694
0.67146
0.533593
0.488148
0.423085
0.421415
0.551833
0.59718
0.491844
0.46267
0.469206
0.395055
0.466951
0.320639
0.526501
0.582031
0.352673
0.384225
0.605985
0.616386
0.431743
0.547751
0.484881
0.434109
0.357613
0.384149
0.435349
0.598318
0.564812
0.320004
0.523761
0.480648
0.578738
0.665038
0.487868
0.596338
0.56949
0.50571
0.471217
0.509323
0.632624
0.604579
0.569985
0.393134
0.492993
0.454157
0.498153
0.377959
0.416133
0.515969
0.602731
0.433734
0.474913
0.532612
0.561538
0.433683
0.457465
0.532593
0.471814
0.412247
0.515685
0.754782
0.688703
0.375861
0.441878
0.501354
0.498474
0.4446
0.524399
0.385094
0.512077
0.397215
0.471433
0.66901
0.440447
0.461627
0.505327
0.403192
0.563738
0.437486
0.418159
0.545916
0.332445
0.4569
0.442557
0.613009
0.539161
0.384024
0.329987
0.53152
0.475505
0.523668
0.442087
0.580789
0.439513
0.553674
0.448852
0.486012
0.384594
0.515289
0.590772
0.486454
0.701909
0.490339
0.600327
0.332487
0.603839
0.463511
0.391484
0.472654
0.526963
0.612585
0.514162
0.573998
0.398761
0.489004
0.433878
0.575922
0.413044
0.545681
0.435106
0.609884
0.53488
0.538492
0.460117
0.624261
0.406583
0.472424
0.583393
0.43573
0.452084
0.482875
0.584955
0.385579
0.577832
0.437151
0.524254
0.611353
0.444108
0.610715
0.52953
0.551316
0.431429
0.537293
0.505843
0.581179
0.452532
0.451456
0.328258
0.539661
0.561152
0.536851
0.42494
0.231384
0.584645
0.562753
0.4682
0.602719
0.358247
0.336177
0.379821
0.66818
0.464566
0.516291
0.620266
0.622007
0.582682
0.532423
0.46965
0.401622
0.426987
0.616466
0.52165
0.676658
0.606726
0.605043
0.499791
0.6193
0.462924
0.486297
0.468853
0.568705
0.440215
0.560718
0.552393
0.634304
0.42684
0.554955
0.480683
0.489817
0.446876
0.472075
0.481641
0.591833
0.614526
0.581275
0.590594
0.41387
0.561102
0.344588
0.393033
0.418814
0.421098
0.447631
0.62775
0.599717
0.514529
0.646021
0.666074
0.500922
0.488511
0.558547
0.346184
0.488546
0.481815
0.432799
0.379745
0.471364
0.551936
0.478416
0.461429
0.480182
0.554971
0.507678
0.500133
0.395803
0.494399
0.642713
0.553992
0.472732
0.45564
0.443081
0.389595
0.537804
0.519037
0.577063
0.499047
0.449924
0.594689
0.404497
0.496834
0.489173
0.548368
0.458544
0.481732
0.500534
0.588488
0.408287
0.487248
0.649555
0.45993
0.553608
0.257408
0.654261
0.541256
0.448307
0.672947
0.539689
0.367671
0.466984
0.516268
0.51844
0.502841
0.425689
0.401798
0.532665
0.558471
0.435941
0.411663
0.499952
0.611327
0.616178
0.664879
0.387586
0.493165
0.404292
0.611533
0.396721
0.529813
0.409394
0.481721
0.369991
0.581435
0.410504
0.632293
0.543163
0.486773
0.45439
0.422699
0.543423
0.43997
0.524301
0.414582
0.593961
0.329342
0.445886
0.727964
0.51651
0.443236
0.566117
0.500221
0.530555
0.398929
0.685548
0.382279
0.32995
0.476259
0.443802
0.569768
0.274704
0.438506
0.452694
0.405141
0.667748
0.398778
0.540922
0.400051
0.593501
0.640975
0.518803
0.515561
0.477108
0.430159
0.291058
0.401039
0.380231
0.547963
0.440184
0.430873
0.481338
0.564424
0.47246
0.391433
0.495419
0.508438
0.663211
0.358956
0.570146
0.524792
0.457438
0.572363
0.652466
0.306515
0.576472
0.643238
0.551706
0.367092
0.550866
0.458543
0.632241
0.367821
0.344214
0.519857
0.450867
0.341429
0.452175
0.52628
0.410997
0.653802
0.555472
0.546356
0.537875
0.521479
0.475196
0.537701
0.485999
0.653352
0.523239
0.461285
0.571997
0.61078
0.560257
0.500576
0.483228
0.481114
0.46806
0.53409
0.5444
0.635407
0.612872
0.523109
0.53154
0.491867
0.420431
0.464656
0.404683
0.432396
0.403435
0.623081
0.487658
0.720332
0.476365
0.591884
0.355422
0.443293
0.562257
0.450707
0.496365
0.55581
0.540509
0.570678
0.499109
0.52221
0.504357
0.384595
0.570282
0.560995
0.591187
0.476714
0.521855
0.467749
0.518352
0.560169
0.673593
0.444363
0.401741
0.498366
0.398244
0.388191
0.653834
0.489941
0.494114
0.49549
0.452541
0.47517
0.601693
0.609299
0.44162
0.735007
0.388049
0.592695
0.368052
0.542187
0.404714
0.334132
0.68122
0.387132
0.581842
0.492364
0.513319
0.539662
0.453438
0.46423
0.529935
0.620813
0.615477
0.409344
0.384254
0.447328
0.50079
0.391556
0.427925
0.37468
0.411604
0.597772
0.52609
0.402754
0.482664
0.470561
0.493653
0.321622
0.454882
0.64172
0.614396
0.663091
0.421515
0.479753
0.324052
0.487013
0.465888
0.565033
0.633006
0.569615
0.341696
0.582142
0.433813
0.474397
0.453991
0.569727
0.383249
0.37441
0.580949
0.493938
0.468156
0.65803
0.333556
0.512329
0.658855
0.488604
0.682415
0.470874
0.423459
0.60164
0.287844
0.527525
0.420908
0.511494
0.451532
0.521533
0.410131
0.662774
0.565003
0.608513
0.607222
0.599974
0.562199
0.557054
0.692087
0.542133
0.590506
0.553401
0.610519
0.437599
0.496588
0.486581
0.437219
0.537232
0.480425
0.387058
0.45978
0.462704
0.402972
0.367851
0.51322
0.559799
0.539906
0.467774
0.539139
0.714916
0.45594
0.522275
0.563148
0.476258
0.331225
0.588112
0.478711
0.459456
0.803391
0.623899
0.395105
0.530688
0.595802
0.579323
0.45171
0.548596
0.484656
0.571621
0.420392
0.509626
0.61454
0.428698
0.512246
0.579654
0.404152
0.454023
0.574538
0.60809
0.590871
0.61924
0.408168
0.408889
0.444918
0.61622
0.555554
0.456202
0.440887
0.701023
0.503332
0.480689
0.606425
0.538077
0.61381
0.465774
0.574918
0.60361
0.343668
0.531412
0.551022
0.433179
0.327882
0.456246
0.654946
0.598922
0.401422
0.327256
0.443408
0.477928
0.600782
0.619346
0.61222
0.22391
0.531943
0.395547
0.36749
0.380144
0.410901
0.381836
0.409457
0.572422
0.577398
0.708803
0.505013
0.596541
0.752082
0.625741
0.431989
0.665637
0.651782
0.580957
0.560325
0.508457
0.597172
0.425416
0.39225
0.410432
0.341606
0.435116
0.415671
0.365208
0.519431
0.460835
0.431958
0.455067
0.456631
0.702227
0.301371
0.404446
0.506184
0.466475
0.40639
0.35156
0.465027
0.510024
0.465267
0.458893
0.599085
0.275176
0.535098
0.434125
0.347328
0.521636
0.425815
0.558828
0.495359
0.516341
0.503462
0.523052
0.503567
0.58323
0.593195
0.439702
0.644415
0.327856
0.299454
0.463394
0.347954
0.640052
0.542806
0.464248
0.47419
0.341112
0.469966
0.507857
0.625478
0.480268
0.525543
0.46848
0.381604
0.498491
0.381111
0.453239
0.484813
0.465946
0.499198
0.540933
0.421503
0.562702
0.366843
0.539821
0.441893
0.510584
0.465399
0.744536
0.628465
0.477335
0.450284
0.523062
0.468538
0.462537
0.496422
0.590483
0.605839
0.538015
0.522133
0.526996
0.5405
0.453738
0.536285
0.573485
0.416396
0.533519
0.560528
0.68868
0.579318
0.573064
0.360478
0.677772
0.408969
0.616248
0.676743
0.503088
0.42233
0.623743
0.778713
0.463223
0.515449
0.461412
0.47108
0.577825
0.455254
0.524173
0.365062
0.740992
0.652526
0.374315
0.583354
0.607017
0.441675
0.611514
0.599869
0.548022
0.46253
0.405108
0.422322
0.373777
0.483841
0.507444
0.407802
0.629802
0.527769
0.430394
0.458448
0.490608
0.64913
0.50545
0.47642
0.540753
0.692721
0.461041
0.36437
0.587114
0.396566
0.539025
0.539636
0.571618
0.628467
0.435605
0.487452
0.554409
0.43776
0.590145
0.510447
0.51323
0.47373
0.558716
0.438786
0.655587
0.566644
0.59741
0.447303
0.566024
0.486909
0.443809
0.583024
0.611629
0.492391
0.423214
0.538501
0.604686
0.543463
0.419579
0.51342
0.57213
0.609869
0.539326
0.388963
0.507299
0.313042
0.459532
0.496448
0.480206
0.54203
0.39025
0.593789
0.358365
0.350722
0.494
0.470373
0.54098
0.588594
0.593752
0.582945
0.535083
0.53673
0.464015
0.582161
0.402994
0.515404
0.637908
0.621478
0.586249
0.499029
0.476386
0.547083
0.461939
0.518836
0.634068
0.549613
0.613159
0.25314
0.419389
0.515408
0.49608
0.399627
0.485105
0.347129
0.461897
0.493574
0.598417
0.330544
0.342741
0.380505
0.528316
0.606365
0.436361
0.471253
0.450977
0.463015
0.525227
0.601994
0.512359
0.398256
0.441427
0.491289
0.500411
0.604639
0.439565
0.430761
0.467599
0.515751
0.565609
0.565501
0.507713
0.50729
0.310434
0.414896
0.529238
0.579007
0.612601
0.554044
0.480811
0.450609
0.525657
0.520487
0.572599
0.486719
0.491067
0.630524
0.400699
0.523052
0.558632
0.483865
0.419946
0.497972
0.372057
0.704972
0.523793
0.600639
0.388084
0.513903
0.678216
0.328984
0.52343
0.43906
0.519874
0.407781
0.524497
0.378737
