3.15657 0
3.10453 0.00520313
3.06979 0.00649556
3.09524 0.00714652
3.09983 0.00645757
3.10779 0.00615818
3.12038 0.00648177
3.1249 0.00618011
3.12826 0.0059033
3.1361 0.00607437
3.13184 0.00594601
3.13119 0.00569697
3.12503 0.00587475
3.12739 0.00572461
3.12639 0.0055432
3.13169 0.00574733
3.12996 0.0056187
3.1363 0.00605425
3.14425 0.00678933
3.1476 0.00677687
3.15265 0.0069883
3.14932 0.00699653
3.14924 0.00684283
3.1458 0.00689958
3.14481 0.00677749
3.1466 0.00670579
3.14234 0.00692908
3.1406 0.00686412
3.14461 0.00707014
3.14486 0.0069526
3.14655 0.00690236
3.14776 0.00682689
3.14539 0.00685565
3.14692 0.0068111
3.14732 0.00671723
3.14571 0.0066916
3.14564 0.00660068
3.14597 0.00651629
3.14552 0.00643818
3.14447 0.00639069
3.14422 0.00631422
3.14402 0.00623993
3.14505 0.00620289
3.14391 0.00617717
3.144 0.00610839
3.1429 0.0060862
3.14543 0.00625993
3.14498 0.00620191
3.14346 0.00622731
3.1457 0.00636012
3.14499 0.00631748
3.14406 0.00629185
3.14443 0.00623815
3.14315 0.00625054
3.14377 0.00621057
3.14242 0.00623623
3.1421 0.006186
3.14 0.0063328
3.13855 0.00637651
3.13713 0.00641533
3.13697 0.00636384
3.13757 0.00633009
3.13731 0.00628303
3.13816 0.00626963
3.13828 0.00622199
3.13943 0.00624429
3.13985 0.00620656
3.13887 0.00621213
3.13954 0.00619178
3.13744 0.00639114
3.13779 0.00635288
3.13862 0.00634711
3.14072 0.00655133
3.14086 0.00650791
3.14109 0.00646739
3.14153 0.00643604
3.13955 0.00662162
3.13897 0.00659934
3.13944 0.00657058
3.13987 0.00654106
3.14078 0.00655032
3.14027 0.00652612
3.14032 0.00648687
3.14091 0.00647042
3.14106 0.0064337
3.14161 0.00641617
3.14187 0.00638368
3.14243 0.00636891
3.14117 0.00644236
3.14141 0.00641039
3.14025 0.0064694
3.14097 0.0064709
3.14286 0.00668648
3.14271 0.00665247
3.14208 0.00664483
3.14137 0.00664659
3.14206 0.00664662
3.14194 0.00661375
3.14265 0.00661836
3.14241 0.00658969
