2500 51.9876
2500 51.9876
2500 51.9876
2500 52.5726
2500 52.5726
2500 50.8991
2500 53.3615
2500 53.3615
2500 51.8431
2500 51.8431
2500 51.8431
2500 53.3615
2500 51.0516
2500 51.0516
2500 50.4806
2500 51.9481
2500 51.7221
2500 51.9569
2500 51.9569
2500 51.3146
2500 50.1615
2500 50.1615
2500 51.9569
2500 52.1394
2500 51.5
2500 50.1615
2500 50.1615
2500 51.8126
2500 51.0168
2500 51.6897
2500 51.6376
2500 51.6376
2500 50.0414
2500 50.0414
2500 50.0414
2500 50.8423
2500 50.8423
2500 50.8423
2500 50.0379
2500 50.0379
2500 50.0379
2500 50.0085
2500 50.0379
2500 49.1108
2500 49.1108
2500 49.1108
2500 49.1108
2500 49.1108
2500 49.1108
2500 49.1108
2500 50.3293
2500 49.111
2500 46.9716
2500 46.9716
2500 46.9716
2500 48.7997
2500 48.7997
2500 48.8832
2500 48.6676
2500 48.6676
2500 48.6676
2500 48.2941
2500 48.2941
2500 48.2941
2500 49.111
2500 47.4337
2500 45.3622
2500 45.3622
2500 45.3622
2500 45.0481
2500 45.0481
2500 45.0481
2500 45.0481
2500 45.0481
2500 45.0481
2500 45.0481
2500 45.0481
2500 45.0481
2500 44.7928
2500 44.7928
2500 45.0481
2500 45.0481
2500 45.0481
2500 45.0481
2500 45.0481
2500 43.8194
2500 43.8194
2500 43.9522
2500 45.0481
2500 45.0481
2500 44.7714
2500 44.7714
2500 45.0481
2500 46.5822
2500 46.2204
2500 46.2204
2500 45.8629
2500 44.5107
2500 44.5107
2500 44.5107
2500 43.5038
2500 43.5038
2500 43.5038
2500 43.5038
2500 43.5038
2500 45.3685
2500 44.537
2500 43.3937
2500 43.1235
2500 43.1235
2500 41.7313
2500 41.7313
2500 41.7313
2500 41.7313
2500 41.7313
2500 40.8642
2500 41.7313
2500 41.7313
2500 41.0613
2500 41.0613
2500 41.0613
2500 40.0991
2500 42.3475
2500 42.3475
2500 41.6189
2500 41.6189
2500 41.6189
2500 37.9461
2500 37.9461
2500 41.4054
2500 41.4054
2500 40.1024
2500 40.1024
2500 40.1024
2500 40.1024
2500 40.1024
2500 40.1024
2500 38.9511
2500 40.1024
2500 40.1024
2500 40.0094
2500 39.4893
2500 39.3457
2500 39.2959
2500 35.7421
2500 35.7421
2500 35.7421
2500 35.7421
2500 35.7421
2500 35.0231
2500 35.6901
2500 35.6901
2500 35.6901
2500 35.6901
2500 35.6901
2500 35.6901
2500 37.5927
2500 37.5927
2500 39.9768
2500 39.9768
2500 39.9768
2500 39.9768
2500 39.9768
2500 39.9768
2500 39.9768
2500 37.6146
2500 37.6146
2500 37.6146
2500 39.0707
2500 35.7325
2500 35.7325
2500 35.7325
2500 35.7325
2500 35.7325
2500 35.7325
2500 35.7325
2500 35.7325
2500 36.7385
2500 39.9124
2500 39.8236
2500 39.8236
2500 39.9124
2500 39.9124
2500 40.8289
2500 40.3745
2500 40.8289
2500 40.4309
2500 40.8289
2500 40.8289
2500 40.8289
2500 41.2375
2500 41.2375
2500 39.2441
2500 39.2441
2500 39.2441
2500 39.2441
2500 39.5363
2500 39.5363
2500 39.4524
2500 36.8605
2500 36.8605
2500 36.8605
2500 36.8605
2500 36.8605
2500 36.8605
2500 36.8605
2500 36.8605
2500 36.8605
2500 36.8605
2500 36.8605
2500 37.7021
2500 37.7021
2500 37.7021
2500 37.7021
2500 37.7021
2500 37.7021
2500 37.7186
2500 37.7186
2500 37.6581
2500 37.0796
2500 37.7186
2500 37.7186
2500 36.4627
2500 36.9021
2500 37.0619
2500 37.1587
2500 37.1587
2500 37.2426
2500 36.4627
2500 36.4627
2500 36.9612
2500 36.9612
2500 36.8824
2500 36.8824
2500 36.8824
2500 36.8824
2500 36.8824
2500 36.8824
2500 36.8824
2500 35.3437
2500 37.42
2500 37.42
2500 37.42
2500 37.42
2500 37.42
2500 37.42
2500 37.42
2500 37.42
2500 37.42
2500 37.42
2500 37.42
2500 37.3971
2500 37.3627
2500 36.0576
2500 37.42
2500 37.3729
2500 36.131
2500 36.7802
2500 36.7802
2500 36.7802
2500 36.0698
2500 36.0698
2500 36.0698
2500 36.0698
2500 36.7133
2500 36.7133
2500 36.7133
2500 36.2972
2500 37.2024
2500 37.7767
2500 37.7767
2500 37.7767
2500 37.7767
2500 37.7767
2500 37.0174
2500 36.9794
2500 36.9794
2500 36.9794
2500 37.743
2500 37.7434
2500 37.3819
2500 37.3819
2500 37.3819
2500 37.3819
2500 39.1023
2500 39.1023
2500 38.6772
2500 38.7172
2500 38.7172
2500 38.7172
2500 39.1023
2500 39.1023
2500 39.1023
2500 39.1023
2500 39.1023
2500 39.1023
2500 39.0211
2500 38.9996
2500 38.9996
2500 39.1023
2500 39.1023
2500 39.1023
2500 39.1023
2500 39.1023
2500 39.1023
2500 39.1023
2500 39.1023
2500 39.1023
2500 39.1023
2500 39.1023
2500 39.1023
2500 39.1023
2500 38.0494
2500 37.5389
2500 37.5389
2500 37.5389
2500 37.5389
2500 37.5389
2500 37.5389
2500 37.5389
2500 37.5389
2500 37.5389
2500 39.9303
2500 39.9303
2500 38.1945
2500 38.1945
2500 39.9303
2500 39.9303
2500 39.9303
2500 39.9303
2500 39.9303
2500 39.9303
2500 39.9303
2500 39.1994
2500 39.1994
2500 40.1026
2500 40.1026
2500 40.6851
2500 40.9932
2500 40.9932
2500 40.9932
2500 40.6494
2500 40.6494
2500 38.6101
2500 38.6101
2500 38.4349
2500 37.1978
2500 37.1978
2500 39.5101
2500 39.5101
2500 38.857
2500 38.857
2500 39.5101
2500 39.5101
2500 35.9143
2500 38.6396
2500 38.6396
2500 38.6396
2500 39.5101
2500 39.5101
2500 39.2491
2500 39.4408
2500 39.4408
2500 39.5101
2500 39.5101
2500 36.8817
2500 36.8817
2500 36.8817
2500 36.6273
2500 36.6273
2500 36.8817
2500 36.8817
2500 36.4085
2500 36.8817
2500 36.8817
2500 36.8817
2500 38.4638
2500 38.1606
2500 38.1606
2500 38.1606
2500 38.4638
2500 38.4638
2500 37.7273
2500 37.7273
2500 37.7273
2500 37.7273
2500 37.7273
2500 37.7273
2500 38.3916
2500 38.3916
2500 38.0238
2500 38.0238
2500 37.7694
2500 37.7694
2500 37.7694
2500 36.8892
2500 36.8892
2500 37.7694
2500 37.2704
2500 37.2332
2500 35.6851
2500 35.6851
2500 37.7694
2500 37.7694
2500 37.7694
2500 37.7694
2500 37.7694
2500 37.7694
2500 37.7694
2500 37.7694
2500 37.7694
2500 37.7694
2500 37.2072
2500 37.2072
2500 36.7071
2500 36.6625
2500 36.6625
2500 36.6625
2500 36.8273
2500 36.8273
2500 37.2072
2500 37.2072
2500 37.2072
2500 37.2072
2500 37.2072
2500 37.2072
2500 37.2072
2500 37.7694
2500 37.7694
2500 37.7694
2500 38.0923
2500 38.2341
2500 37.113
2500 38.4964
2500 38.4634
2500 36.9076
2500 36.9076
2500 36.9076
2500 36.9076
2500 36.9076
2500 36.9076
2500 36.9076
2500 36.6504
2500 36.9076
2500 36.9076
2500 36.9076
2500 36.2379
2500 36.9076
2500 36.9076
2500 36.9076
2500 36.9076
2500 36.9076
2500 36.9076
2500 36.9076
2500 33.7028
2500 33.7028
2500 33.7028
2500 33.7028
2500 33.7028
2500 33.7028
2500 33.7028
2500 33.7028
2500 35.4258
2500 34.6034
2500 34.6034
2500 34.6034
2500 34.6034
2500 34.6034
2500 32.0699
2500 32.0699
2500 32.0699
2500 32.0699
2500 32.0699
2500 31.2545
2500 31.2545
2500 31.2545
2500 31.7909
2500 32.0699
2500 32.0699
2500 32.0699
2500 32.0699
2500 32.0699
2500 32.0699
2500 32.0699
2500 32.0699
2500 32.0699
2500 32.0699
2500 32.0699
2500 32.0699
2500 31.8018
2500 32.0699
2500 32.0699
2500 30.1762
2500 30.1568
2500 30.1568
2500 30.1568
2500 31.1868
2500 31.1868
2500 31.4556
2500 31.4556
2500 31.4556
2500 31.4556
2500 31.4556
2500 31.4556
2500 32.0699
2500 32.0699
2500 32.0699
2500 32.0699
2500 32.0699
2500 32.0699
2500 32.0699
2500 32.0699
2500 32.0699
2500 32.0699
2500 32.0699
2500 32.0699
2500 32.0699
2500 32.0699
2500 32.0699
2500 32.0699
2500 32.0699
2500 32.0699
2500 32.0699
2500 32.0699
2500 32.0699
2500 32.0699
2500 32.0699
2500 32.0699
2500 32.0699
2500 32.0699
2500 32.0699
2500 32.0699
2500 32.0699
2500 32.0699
2500 32.0699
2500 31.4538
2500 31.4538
2500 31.4538
2500 31.4538
2500 31.4538
2500 31.2839
2500 31.3115
2500 31.4538
2500 31.4538
2500 31.4538
2500 31.4538
2500 32.3712
2500 32.3712
2500 32.1607
2500 32.3712
2500 32.3712
2500 32.3712
2500 32.3712
2500 32.3712
2500 32.3712
2500 32.3712
2500 32.3712
2500 32.3712
2500 32.3712
2500 31.4538
2500 31.7998
2500 31.7998
2500 31.7998
2500 31.7998
2500 31.4857
2500 31.4857
2500 31.4857
2500 31.4857
2500 31.4857
2500 31.4857
2500 31.4857
2500 31.525
2500 31.525
2500 31.7998
2500 31.7998
2500 31.7998
2500 31.7998
2500 31.7998
2500 31.128
2500 31.7998
2500 31.0829
2500 31.0829
2500 31.7998
2500 31.7998
2500 31.7998
2500 31.7998
2500 31.7998
2500 31.7998
2500 31.7998
2500 31.7998
2500 31.8551
2500 31.8551
2500 31.2621
2500 31.2621
2500 31.3115
2500 31.3115
2500 31.3115
2500 31.3137
2500 31.3137
2500 32.3712
2500 32.3712
2500 31.5868
2500 32.3712
2500 32.3712
2500 32.3712
2500 31.6993
2500 31.6993
2500 31.6993
2500 31.6993
2500 31.6993
2500 31.6993
2500 31.6993
2500 31.6993
2500 31.6993
2500 31.6993
2500 31.6993
2500 31.6993
2500 31.6993
2500 31.6993
2500 31.6993
2500 31.6993
2500 31.6993
2500 31.6993
2500 31.6993
2500 31.6993
2500 31.6993
2500 31.6993
2500 31.6993
2500 31.6993
2500 31.6993
2500 31.6993
2500 31.6993
2500 31.6993
2500 31.6993
2500 31.6993
2500 31.6993
2500 31.6993
2500 31.6993
2500 33.6183
2500 33.6183
2500 33.1683
2500 33.1683
2500 33.1683
2500 33.699
2500 33.699
2500 34.7488
2500 34.7488
2500 34.7488
2500 34.7488
2500 34.7488
2500 34.7488
2500 34.143
2500 34.143
2500 34.7488
2500 34.7488
2500 34.7488
2500 34.7488
2500 35.4289
2500 35.2056
2500 35.2056
2500 35.4289
2500 35.4289
2500 35.037
2500 35.4062
2500 35.4062
2500 35.4062
2500 35.4062
2500 35.4062
2500 35.4062
2500 35.1523
2500 35.1523
2500 35.1523
2500 35.1523
2500 35.1523
2500 35.1523
2500 35.1523
2500 37.5976
2500 38.0365
2500 38.0365
2500 38.2442
2500 36.5876
2500 36.5876
2500 36.5876
2500 38.2806
2500 36.2101
2500 36.2101
2500 36.2101
2500 37.4558
2500 37.4558
2500 36.9594
2500 33.7128
2500 33.7128
2500 33.7128
2500 35.4804
2500 35.4804
2500 35.4804
2500 35.4804
2500 35.4804
2500 35.4804
2500 35.4804
2500 35.4804
2500 35.4804
2500 35.4804
2500 35.4804
2500 37.3828
2500 36.3019
2500 36.3019
2500 34.7384
2500 34.7384
2500 34.7384
2500 37.6683
2500 37.6683
2500 38.4391
2500 36.1296
2500 36.1296
2500 38.5641
2500 37.4574
2500 37.7775
2500 37.7775
2500 37.7775
2500 37.7775
2500 37.7775
2500 37.7775
2500 37.7775
2500 37.7775
2500 37.7775
2500 37.7775
2500 37.7775
2500 38.5799
2500 38.5799
2500 38.5799
2500 38.5799
2500 38.5799
2500 38.5799
2500 38.5799
2500 38.5799
2500 38.5799
2500 38.2936
2500 38.2936
2500 38.2936
2500 38.2936
2500 38.2936
2500 37.5251
2500 37.5251
2500 38.2936
2500 38.2936
2500 37.5619
2500 37.5619
2500 37.5619
2500 37.5619
2500 37.5619
2500 38.2936
2500 38.2936
2500 38.2936
2500 38.2936
2500 37.5355
2500 37.5355
2500 37.5355
2500 37.5355
2500 37.5252
2500 38.2936
2500 38.2936
2500 38.2936
2500 37.4523
2500 36.8459
2500 36.8459
2500 36.8459
2500 36.8459
2500 36.8801
2500 38.3203
2500 38.3203
2500 38.311
2500 38.311
2500 37.1077
2500 38.478
2500 38.478
2500 38.2078
2500 38.2078
2500 38.2078
2500 38.2078
2500 38.2078
2500 38.2078
2500 39.7962
2500 39.0851
2500 39.0851
2500 39.6961
2500 40.3591
2500 40.4206
2500 39.9007
2500 40.4206
2500 40.4206
2500 39.7887
2500 40.4206
2500 40.4206
2500 38.2436
2500 40.4206
2500 40.4206
2500 39.6634
2500 40.4181
2500 40.3423
2500 40.3423
2500 40.3423
2500 40.3423
2500 40.4206
2500 40.3174
2500 40.5109
2500 39.9652
2500 39.9652
2500 39.9823
2500 40.2732
2500 40.4094
2500 40.1264
2500 39.5935
2500 39.5935
2500 39.5935
2500 38.3078
2500 38.3078
2500 38.3078
2500 38.3078
2500 38.3078
2500 36.742
2500 36.742
2500 38.2591
2500 38.2591
2500 38.2591
2500 38.6427
2500 38.6427
2500 38.6427
2500 38.6427
2500 37.3961
2500 37.3961
2500 37.3961
2500 37.3961
2500 37.3961
2500 38.6159
2500 38.6159
2500 37.9892
2500 37.9892
2500 37.9892
2500 39.0594
2500 38.9717
2500 37.7581
2500 37.7581
2500 37.7581
2500 37.7581
2500 37.7581
2500 37.7581
2500 39.6897
2500 39.6897
2500 39.4268
2500 39.4268
2500 39.4268
2500 38.101
2500 38.101
2500 38.0785
2500 38.0785
2500 36.9005
2500 38.0785
2500 38.0027
2500 38.0027
2500 38.0027
2500 38.0027
2500 38.0027
2500 38.0027
2500 38.0027
2500 38.0027
2500 38.0027
2500 38.0027
2500 38.0027
2500 37.2539
2500 37.2539
2500 37.2539
2500 37.1574
2500 37.1574
2500 37.1574
2500 37.2539
2500 35.5769
2500 35.5769
2500 35.5769
2500 37.2539
2500 37.2539
2500 37.2539
2500 37.2109
2500 35.0046
2500 37.2109
2500 36.4714
2500 36.4714
2500 37.0399
2500 37.0399
2500 34.9819
2500 34.9819
2500 34.9819
2500 34.9819
2500 34.9819
2500 34.9819
2500 34.9819
2500 34.9819
2500 34.9819
2500 34.9819
2500 34.9819
2500 34.9819
2500 34.9819
2500 34.9819
2500 34.9819
2500 34.9819
2500 34.9819
2500 35.8735
2500 35.8735
2500 35.8735
2500 35.8735
2500 35.5952
2500 34.3265
2500 34.3265
2500 34.3265
2500 34.3265
2500 34.3265
2500 34.3265
2500 34.3265
2500 34.3265
2500 34.3265
2500 34.7556
2500 34.7556
2500 34.7556
2500 35.8923
2500 35.5948
2500 36.6236
2500 35.5005
2500 35.5005
2500 35.3676
2500 35.5005
2500 35.5005
2500 36.6236
2500 36.6236
2500 36.6236
2500 36.6236
2500 36.6236
2500 36.6236
2500 36.6236
2500 37.3371
2500 35.4579
2500 35.4579
2500 35.4579
2500 35.4579
2500 35.4579
2500 35.4579
2500 35.4579
2500 35.4579
2500 35.4472
2500 35.1084
2500 35.1084
2500 35.1084
2500 35.4579
2500 35.4579
2500 35.4579
2500 35.4579
2500 35.4579
2500 35.4579
2500 35.0176
2500 35.0176
2500 36.8799
2500 35.6023
2500 35.7671
2500 36.8799
2500 36.8799
2500 36.7114
2500 36.7114
2500 36.4513
2500 36.3414
2500 36.3414
2500 36.9017
2500 35.3128
2500 34.805
2500 34.805
2500 34.805
2500 37.0241
2500 37.0241
2500 35.9969
2500 36.443
2500 36.443
2500 36.443
2500 36.8556
2500 35.6031
2500 34.1041
2500 34.1041
2500 36.3594
2500 36.188
2500 36.188
2500 36.188
2500 35.9814
2500 36.188
2500 36.188
2500 36.188
2500 36.4507
2500 34.8238
2500 34.8238
2500 35.4632
2500 34.9632
2500 34.9632
2500 36.4507
2500 36.4507
2500 36.4507
2500 36.4507
2500 36.4507
2500 36.4507
2500 35.8126
2500 35.8126
2500 36.4507
2500 36.4507
2500 36.4507
2500 36.4507
2500 36.4507
2500 35.3023
2500 35.3023
2500 35.3023
2500 35.3023
2500 35.1856
2500 35.1856
2500 35.1856
2500 35.1856
2500 35.1856
2500 35.1856
2500 35.1856
2500 35.4535
2500 35.4535
2500 37.1962
2500 37.7204
2500 36.2407
2500 36.2407
2500 36.2407
2500 34.9968
2500 34.9968
2500 36.2407
2500 36.2407
2500 36.2407
2500 35.6865
2500 35.4904
2500 35.4904
2500 35.4904
2500 35.4904
2500 35.4904
2500 35.4904
2500 35.4904
2500 35.4904
2500 35.4904
2500 35.4904
2500 35.4904
2500 35.4904
2500 35.4904
2500 35.4904
2500 35.4904
2500 35.4904
2500 35.3534
2500 35.3534
2500 35.1565
2500 34.9382
2500 34.5701
2500 34.5701
2500 34.3755
2500 34.4866
2500 34.5701
2500 34.4056
2500 34.5701
2500 34.5701
2500 34.3065
2500 34.5701
2500 34.4971
2500 34.4971
2500 34.4658
2500 34.4971
2500 33.7859
2500 33.7859
2500 33.7859
2500 33.7033
2500 33.7859
2500 33.7859
2500 34.5701
2500 34.5701
2500 34.5701
2500 34.5701
2500 33.3816
2500 33.3816
2500 33.3816
2500 33.3816
2500 33.3816
2500 33.3816
2500 33.3816
2500 33.276
2500 33.3816
2500 33.3816
2500 33.3816
2500 33.3816
2500 33.3816
2500 33.3816
2500 33.3816
2500 33.3816
2500 33.3816
2500 33.2769
2500 33.2769
2500 33.2769
2500 33.2769
2500 33.2769
2500 33.3816
2500 33.3816
2500 32.6695
2500 32.6695
2500 33.3816
2500 33.3816
2500 33.3816
2500 33.3816
2500 33.3816
2500 33.3816
2500 33.3816
2500 33.3816
2500 33.3816
2500 33.3816
2500 34.2101
2500 34.2101
2500 34.9516
2500 34.9516
2500 34.9516
2500 34.9516
2500 34.9516
2500 35.7334
2500 33.8503
2500 33.8503
2500 35.7334
2500 35.7334
2500 35.7334
2500 35.7334
2500 35.7334
2500 33.0598
2500 33.0598
2500 33.0598
2500 33.0598
2500 33.0598
2500 33.0598
2500 33.0598
2500 31.5459
2500 33.0598
2500 33.0598
2500 33.0598
2500 33.0598
2500 33.0598
2500 33.0598
2500 33.827
2500 33.827
2500 33.827
2500 33.827
2500 33.827
2500 33.827
2500 35.1683
2500 35.1683
2500 35.1683
2500 35.0824
2500 31.6761
2500 35.0824
2500 34.3063
2500 35.1683
2500 35.1683
2500 35.1683
2500 35.1683
2500 35.1683
2500 35.1683
2500 34.0732
2500 35.2063
2500 35.2063
2500 35.2063
2500 34.8981
2500 34.7906
2500 35.3221
2500 35.3221
2500 34.5233
2500 31.0146
2500 35.3221
2500 35.3221
2500 35.2434
2500 35.2434
2500 32.3805
2500 32.3805
2500 34.7051
2500 34.7051
2500 34.7051
2500 34.7836
2500 34.7836
2500 34.7836
2500 34.7836
2500 34.7836
2500 34.7836
2500 34.7836
2500 34.7836
2500 34.7836
2500 34.7836
2500 34.7836
2500 34.7836
2500 34.7836
2500 34.7836
2500 34.7836
2500 34.7836
2500 34.7836
2500 34.7836
2500 33.4189
2500 33.4189
2500 33.4189
2500 33.4189
2500 33.4189
2500 33.4189
2500 33.4189
2500 32.9475
2500 32.9475
2500 32.9475
2500 32.9475
2500 32.9475
2500 32.9475
2500 32.9475
2500 32.9475
2500 33.2421
2500 33.0356
2500 33.2421
2500 33.2421
2500 33.2421
2500 33.2421
2500 33.2421
2500 33.303
2500 33.303
2500 33.303
2500 33.6795
2500 33.6795
2500 33.6795
2500 31.9685
2500 33.6795
2500 33.6795
2500 33.2031
2500 33.2031
2500 32.9199
2500 32.9199
2500 32.9199
2500 33.6795
2500 33.6795
2500 33.6795
2500 33.6795
2500 33.6795
2500 34.3903
2500 34.6387
2500 34.6387
2500 33.9759
2500 34.374
2500 34.374
2500 34.374
2500 33.8918
2500 33.8918
2500 33.8918
2500 34.374
2500 34.374
2500 33.7714
2500 33.7714
2500 34.374
2500 34.374
2500 34.5884
2500 34.5884
2500 34.5884
2500 34.5884
2500 34.5884
2500 34.5884
2500 34.5884
2500 34.5884
2500 34.5884
2500 34.5884
2500 34.5884
2500 34.5884
2500 34.5884
2500 34.5884
2500 34.5884
2500 34.5884
2500 34.5884
2500 34.5884
2500 34.5884
2500 35.1115
2500 35.1115
2500 35.1115
2500 35.1115
2500 35.1115
2500 35.1115
2500 35.1115
2500 35.1115
2500 34.4113
2500 34.4113
2500 34.4113
2500 34.4113
2500 34.4113
2500 34.4113
2500 34.4113
2500 35.1115
2500 33.5181
2500 33.5181
2500 34.1653
2500 34.1653
2500 34.1653
2500 34.1653
2500 34.0154
2500 34.0154
2500 34.0154
2500 32.7098
2500 33.911
2500 32.678
2500 32.678
2500 32.678
2500 32.678
2500 32.884
2500 34.1653
2500 32.3113
2500 32.3113
2500 32.3113
2500 32.3113
2500 32.3113
2500 32.3113
2500 32.3113
2500 32.3113
2500 32.3113
2500 32.3113
2500 32.3113
2500 31.2896
2500 32.3113
2500 32.8466
2500 32.8466
2500 32.8466
2500 32.8466
2500 32.8466
2500 30.2406
2500 30.2406
2500 30.2406
2500 30.2406
2500 30.2406
2500 30.2406
2500 30.2406
2500 30.2406
2500 32.4209
2500 32.2692
2500 32.4209
2500 32.4209
2500 32.4209
2500 32.4209
2500 32.4209
2500 32.36
2500 32.1245
2500 32.4209
2500 32.4209
2500 32.4209
2500 32.4209
2500 32.4209
2500 32.4209
2500 32.4209
2500 32.4209
2500 32.4209
2500 32.4209
2500 32.4209
2500 32.4209
2500 32.4209
2500 32.4209
2500 32.4209
2500 32.4209
2500 32.4209
2500 32.5693
2500 32.5693
2500 32.5693
2500 32.5693
2500 34.3962
2500 34.3962
2500 34.3962
2500 34.3962
2500 34.3962
2500 34.2621
2500 34.2621
2500 34.2621
2500 34.2427
2500 32.9019
2500 33.9576
2500 33.9576
2500 33.4031
2500 32.6732
2500 32.6732
2500 32.6732
2500 32.6732
2500 32.6732
2500 32.6732
2500 32.6732
2500 32.6732
2500 32.6732
2500 32.6732
2500 34.3906
2500 34.3906
2500 34.3906
2500 34.3906
2500 34.3906
2500 34.3906
2500 34.3906
2500 34.3906
2500 34.3906
2500 34.3906
2500 34.3906
2500 34.6153
2500 34.6153
2500 34.6153
2500 34.6153
2500 34.6153
2500 33.1441
2500 33.1441
2500 33.1441
2500 33.1441
2500 34.6153
2500 34.6153
2500 32.7252
2500 32.7252
2500 32.122
2500 33.4985
2500 33.4985
2500 33.6552
2500 33.6552
2500 33.6552
2500 33.6552
2500 33.6552
2500 33.6552
2500 33.6552
2500 33.8654
2500 33.7751
2500 33.7751
2500 33.7562
2500 33.7562
2500 33.7562
2500 33.3165
2500 33.3165
2500 33.8283
2500 32.678
2500 33.7701
2500 33.7701
2500 33.0607
2500 33.0607
2500 33.0607
2500 33.0607
2500 33.0607
2500 33.0607
2500 33.0607
2500 33.0607
2500 33.0835
2500 33.0835
2500 33.0835
2500 33.0835
2500 33.0835
2500 33.0835
2500 33.0835
2500 33.0835
2500 33.4069
2500 33.4069
2500 33.6397
2500 33.6397
2500 33.6616
2500 33.6616
2500 33.0706
2500 33.0706
2500 33.6616
2500 33.6616
2500 33.6616
2500 33.3953
2500 34.4746
2500 34.9755
2500 34.9755
2500 34.9755
2500 34.9755
2500 33.0749
2500 34.9755
2500 34.9755
2500 34.3006
2500 34.3006
2500 34.3006
2500 34.9755
2500 34.3443
2500 34.9755
2500 34.9755
2500 34.9755
2500 34.9755
2500 34.9755
2500 34.1569
2500 34.9755
2500 35.1251
2500 35.8449
2500 35.8449
2500 36.1965
2500 36.1965
2500 36.1965
2500 35.9627
2500 35.7602
2500 36.0413
2500 36.0413
2500 36.0413
2500 36.0413
2500 35.7163
2500 35.7163
2500 36.0413
2500 36.1965
2500 36.1965
2500 36.1965
2500 36.1965
2500 36.1965
2500 36.1965
2500 36.1965
2500 36.2283
2500 36.2283
2500 36.2283
2500 36.2283
2500 35.9828
2500 35.7221
2500 35.9828
2500 36.1965
2500 36.2283
2500 36.2283
2500 36.2283
2500 36.2283
2500 36.2283
2500 36.2283
2500 35.5384
2500 36.2283
2500 37.4065
2500 37.4111
2500 37.4111
2500 37.4111
2500 37.4111
2500 37.4111
2500 37.4111
2500 37.4111
2500 37.4121
2500 35.9633
2500 35.9633
2500 35.9633
2500 34.0673
2500 34.0673
2500 34.0673
2500 35.1503
2500 35.1503
2500 35.9633
2500 35.8332
2500 34.4495
2500 34.0872
2500 34.0872
2500 34.0872
2500 33.6436
2500 33.6662
2500 33.6662
2500 32.9652
2500 33.3389
2500 33.3389
2500 34.0872
2500 34.0872
2500 34.0872
2500 34.0872
2500 34.2756
2500 34.4495
2500 34.4495
2500 34.4495
2500 34.4495
2500 34.4495
2500 34.3224
2500 34.4495
2500 34.4681
2500 34.7124
2500 34.7124
2500 34.7124
2500 33.8053
2500 33.8053
2500 33.8053
2500 34.6765
2500 34.6765
2500 34.2423
2500 34.6765
2500 34.8127
2500 34.8127
2500 34.8009
2500 34.5605
2500 34.5605
2500 33.8807
2500 34.8009
2500 34.8009
2500 34.8009
2500 34.8009
2500 34.8009
2500 34.8009
2500 34.0457
2500 34.784
2500 34.784
2500 34.254
2500 33.4942
2500 33.4942
2500 33.4942
2500 33.4942
2500 33.4942
2500 34.784
2500 34.784
2500 34.784
2500 34.784
2500 34.9715
2500 34.9715
2500 34.9715
2500 34.9715
2500 34.7886
2500 34.7886
2500 34.7886
2500 35.7313
2500 35.7313
2500 35.7313
2500 35.7313
2500 35.7313
2500 35.7313
2500 35.7313
2500 35.7313
2500 34.4895
2500 34.4895
2500 33.8021
2500 33.8021
2500 33.8728
2500 34.4895
2500 34.2384
2500 34.2384
2500 34.2384
2500 34.2384
2500 34.2384
2500 34.2384
2500 34.2384
2500 34.4334
2500 34.4895
2500 35.6017
2500 35.6017
2500 34.3908
2500 35.3048
2500 35.3048
2500 35.3048
2500 33.5052
2500 33.5052
2500 33.5052
2500 32.9026
2500 33.5052
2500 34.1184
2500 34.1184
2500 34.7405
2500 34.7405
2500 35.0843
2500 35.0843
2500 34.1278
2500 34.1278
2500 34.1126
2500 34.8525
2500 33.5243
2500 34.0341
2500 34.0341
2500 35.8992
2500 35.8992
2500 34.8814
2500 35.25
2500 35.25
2500 35.25
2500 35.25
2500 34.2308
2500 34.2308
2500 34.2308
2500 36.0818
2500 33.9327
2500 33.9327
2500 33.9327
2500 33.9327
2500 33.9327
2500 33.9327
2500 33.9327
2500 33.382
2500 33.382
2500 33.382
2500 33.382
2500 33.382
2500 33.382
2500 33.382
2500 33.2086
2500 33.382
2500 33.382
2500 33.382
2500 33.382
2500 33.382
2500 33.382
2500 33.382
2500 33.382
2500 34.1844
2500 34.1844
2500 34.1844
2500 34.1844
2500 34.1844
2500 34.1844
2500 34.1844
2500 34.1844
2500 34.1844
2500 34.1844
2500 34.1844
2500 34.1844
2500 34.0565
2500 34.1844
2500 34.1844
2500 34.1844
2500 34.1844
2500 34.1844
2500 34.1844
2500 34.1844
2500 34.1844
2500 34.0097
2500 34.0097
2500 34.0097
2500 33.2568
2500 33.2568
2500 33.2568
2500 33.2568
2500 33.2568
2500 33.2568
2500 33.2568
2500 33.2568
2500 33.2568
2500 33.2568
2500 33.2568
2500 33.2568
2500 33.2568
2500 31.0498
2500 33.2568
2500 32.9449
2500 31.7905
2500 31.7905
2500 30.6426
2500 30.392
2500 30.392
2500 30.392
2500 32.8528
2500 32.8528
2500 32.8528
2500 32.9449
2500 32.9449
2500 32.9449
2500 32.9449
2500 33.3017
2500 33.3017
2500 33.3017
2500 33.3017
2500 33.3017
2500 33.3298
2500 33.3447
2500 33.3447
2500 33.3447
2500 32.7843
2500 32.3297
2500 32.3297
2500 32.3297
2500 32.3297
2500 32.3297
2500 32.3297
2500 32.3297
2500 32.1563
2500 32.1563
2500 32.1563
2500 32.1563
2500 32.1563
2500 29.7477
2500 29.7477
2500 29.7477
2500 29.7477
2500 29.7477
2500 29.7477
2500 29.7477
2500 29.7477
2500 29.7477
2500 29.7477
2500 29.6413
2500 29.6413
2500 29.6413
2500 29.6413
2500 29.6413
2500 29.6413
2500 29.6413
2500 29.6413
2500 29.6413
2500 29.6413
2500 29.6413
2500 29.6413
2500 29.3191
2500 29.3191
2500 29.6413
2500 29.6413
2500 29.6413
2500 29.6413
2500 28.4532
2500 29.6413
2500 29.6413
2500 29.6413
2500 29.6413
2500 29.6413
2500 29.6413
2500 29.6413
2500 29.6413
2500 30.5032
2500 30.5032
2500 30.5032
2500 30.5032
2500 29.5477
2500 29.5477
2500 29.0642
2500 29.0642
2500 29.0642
2500 29.0642
2500 29.0642
2500 30.5032
2500 30.5032
2500 30.5032
2500 30.5032
2500 30.5032
2500 30.5032
2500 30.5032
2500 30.5032
2500 30.5032
2500 30.5032
2500 30.5032
2500 30.5032
2500 30.5032
2500 30.5032
2500 30.5032
2500 30.5032
2500 30.4987
2500 30.5032
2500 30.5032
2500 30.5032
2500 30.5032
2500 30.5032
2500 31.2337
2500 31.5846
2500 31.1459
2500 30.9875
2500 31.5846
2500 29.4642
2500 30.9706
2500 30.9706
2500 30.9706
2500 30.9706
2500 30.9706
2500 30.9706
2500 30.9706
2500 30.9706
2500 30.9706
2500 30.9706
2500 30.9706
2500 30.9706
2500 30.9706
2500 30.9706
2500 30.9706
2500 31.8542
2500 31.2424
2500 31.1916
2500 31.3404
2500 31.3404
2500 31.1158
2500 31.1158
2500 31.1158
2500 31.1158
2500 31.8542
2500 31.8542
2500 31.8542
2500 31.8542
2500 31.8542
2500 31.8542
2500 31.8542
2500 31.8542
2500 31.8542
2500 30.7324
2500 31.8542
2500 31.1542
2500 31.1542
2500 31.1542
2500 31.1542
2500 31.1542
2500 31.8542
2500 31.8542
2500 31.5646
2500 31.5646
2500 31.5646
2500 31.5646
2500 31.5646
2500 31.5646
2500 31.5646
2500 31.5646
2500 31.5646
2500 31.3326
2500 31.3326
2500 31.5646
2500 31.5646
2500 31.5646
2500 31.5646
2500 31.5646
2500 30.0689
2500 30.0689
2500 30.0689
2500 30.0689
2500 30.0689
2500 30.0689
2500 30.0689
2500 31.3219
2500 31.3219
2500 31.3219
2500 31.3219
2500 31.3219
2500 31.3219
2500 31.3219
2500 31.3219
2500 31.5313
2500 31.5313
2500 31.5313
2500 31.5313
2500 31.488
2500 31.2218
2500 31.2218
2500 31.0941
2500 31.5313
2500 31.3816
2500 31.3816
2500 31.5313
2500 31.5313
2500 31.5313
2500 31.295
2500 31.295
2500 31.5313
2500 31.5313
2500 31.5646
2500 31.5646
2500 31.5646
2500 31.2389
2500 31.5646
2500 31.1203
2500 31.1203
2500 31.0537
2500 29.887
2500 29.887
2500 31.1203
2500 30.3784
2500 30.3489
2500 30.3489
2500 30.3489
2500 30.3489
2500 30.3489
2500 30.3489
2500 29.3291
2500 29.2775
2500 29.2775
2500 29.2775
2500 30.1733
2500 30.3489
2500 29.7117
2500 29.7117
2500 29.1484
2500 29.1484
2500 28.6548
2500 29.7117
2500 27.8585
2500 29.0022
2500 29.0022
2500 29.7117
2500 29.6982
2500 29.6982
2500 29.6982
2500 30.3489
2500 30.3489
2500 30.3489
2500 30.3489
2500 30.3489
2500 30.3489
2500 30.3489
2500 30.3489
2500 30.3489
2500 29.059
2500 29.5942
2500 29.5942
2500 29.5942
2500 29.5942
2500 30.3489
2500 27.7492
2500 28.5939
2500 30.3489
2500 30.5417
2500 30.5417
2500 30.4739
2500 30.4739
2500 30.5417
2500 30.5417
2500 30.5417
2500 30.6149
2500 30.6074
2500 30.6074
2500 30.6074
2500 30.6074
2500 30.077
2500 29.9613
2500 29.9613
2500 29.5825
2500 29.5825
2500 29.5825
2500 28.873
2500 28.873
2500 29.5825
2500 29.5825
2500 29.5825
2500 29.5825
2500 28.091
2500 29.5825
2500 29.5825
2500 28.9925
2500 29.5825
2500 29.5825
2500 29.4938
2500 29.4938
2500 29.4938
2500 29.4938
2500 29.4938
2500 29.4938
2500 30.3573
2500 30.4603
2500 28.819
2500 30.4603
2500 30.4603
2500 30.4603
2500 30.4603
2500 30.4603
2500 30.4603
2500 30.4603
2500 30.4603
2500 30.4603
2500 30.4603
2500 29.4144
2500 29.4144
2500 30.4603
2500 30.6149
2500 30.6149
2500 30.6149
2500 30.6149
2500 30.6149
2500 30.6149
2500 30.6149
2500 30.6149
2500 30.6149
2500 30.6149
2500 30.8845
2500 30.8845
2500 30.8845
2500 30.8845
2500 30.8845
2500 30.8845
2500 30.8845
2500 30.8845
2500 30.8845
2500 30.6929
2500 30.6929
2500 30.2892
2500 30.6929
2500 30.6929
2500 30.6929
2500 30.6929
2500 30.6929
2500 30.6929
2500 30.8034
2500 30.8034
2500 29.3781
2500 30.8034
2500 30.8034
2500 30.8845
2500 30.4459
2500 30.4459
2500 30.4459
2500 30.4459
2500 30.4459
2500 30.4459
2500 30.8845
2500 30.8845
2500 30.8845
2500 30.8845
2500 30.8845
2500 30.8845
2500 30.8845
2500 30.8845
2500 30.8845
2500 30.8845
2500 30.8845
2500 30.8845
2500 30.8845
2500 29.1715
2500 29.1715
2500 29.1715
2500 29.1715
2500 29.1715
2500 29.1715
2500 28.5761
2500 28.5761
2500 29.1715
2500 29.1715
2500 29.1715
2500 29.1715
2500 29.1715
2500 29.1715
2500 29.1715
2500 29.1715
2500 29.1715
2500 29.1715
2500 29.1715
2500 29.1715
2500 29.5861
2500 29.5861
2500 29.5861
2500 29.5861
2500 29.1851
2500 29.5168
2500 29.5168
2500 29.5861
2500 29.5861
2500 29.5861
2500 29.5861
2500 29.5861
2500 29.5861
2500 29.5861
2500 29.5861
2500 28.989
2500 29.5861
2500 29.5861
2500 29.5861
2500 29.59
2500 29.59
2500 30.4556
2500 30.4556
2500 30.4556
2500 30.4556
2500 30.0197
2500 30.0197
2500 30.0197
2500 30.0197
2500 30.0197
2500 30.0197
2500 30.0197
2500 30.0197
2500 30.0197
2500 30.0197
2500 29.4226
2500 30.0197
2500 30.0197
2500 30.0197
2500 30.0197
2500 30.0197
2500 30.0197
2500 30.0197
2500 30.0197
2500 30.0197
2500 30.0197
2500 30.0197
2500 30.0197
2500 30.0197
2500 30.0197
2500 30.0197
2500 29.3701
2500 30.0197
2500 29.8537
2500 29.6308
2500 30.2208
2500 30.2208
2500 31.7796
2500 31.7796
2500 31.7796
2500 31.7796
2500 31.9293
2500 31.9293
2500 30.9167
2500 30.9167
2500 30.9167
2500 30.9167
2500 30.9167
2500 30.9167
2500 30.6456
2500 30.9167
2500 30.9167
2500 30.9167
2500 30.9167
2500 31.9293
2500 31.9293
2500 31.9293
2500 32.105
2500 32.105
2500 32.3375
2500 32.6406
2500 33.1095
2500 32.3849
2500 32.7084
2500 32.7084
2500 33.1095
2500 32.1662
2500 32.9482
2500 32.9482
2500 32.9482
2500 31.9404
2500 31.9404
2500 31.9404
2500 31.9404
2500 31.9404
2500 31.9404
2500 31.9404
2500 32.8699
2500 32.8811
2500 32.8811
2500 32.8409
2500 32.533
2500 32.6761
2500 32.6761
2500 32.6761
2500 32.6761
2500 32.6761
2500 32.6761
2500 32.124
2500 32.0482
2500 31.8142
2500 31.8142
2500 32.2875
2500 32.2875
2500 32.2875
2500 32.6761
2500 32.6123
2500 32.6761
2500 32.6761
2500 32.7604
2500 32.7604
2500 32.8811
2500 32.8811
2500 32.8811
2500 32.6708
2500 32.6708
2500 32.8811
2500 32.8811
2500 32.8811
2500 32.8811
2500 32.8811
2500 33.6243
2500 33.6243
2500 33.6243
2500 33.6243
2500 33.6243
2500 33.6243
2500 33.6243
2500 33.6243
2500 33.6243
2500 33.6243
2500 33.6243
2500 33.6243
2500 33.0053
2500 33.0053
2500 33.0053
2500 33.0053
2500 33.0053
2500 33.0053
2500 33.6243
2500 33.5815
2500 33.5815
2500 33.6243
2500 31.9838
2500 33.6243
2500 33.6243
2500 33.6243
2500 33.6243
2500 33.0722
2500 32.6116
2500 33.5837
2500 33.5837
2500 33.6243
2500 33.6243
2500 31.2253
2500 31.2253
2500 31.2253
2500 31.2253
2500 31.2253
2500 31.2253
2500 31.2253
2500 31.2253
2500 31.2253
2500 31.9838
2500 31.6662
2500 31.6662
2500 30.7367
2500 30.7367
2500 30.7367
2500 30.7367
2500 30.7367
2500 30.7367
2500 30.7367
2500 30.7367
2500 30.7367
2500 30.7367
2500 30.4792
2500 31.4981
2500 31.4981
2500 31.4981
2500 31.736
2500 31.736
2500 31.736
2500 31.6186
2500 31.9838
2500 31.9838
2500 33.2572
2500 33.2572
2500 33.2572
2500 33.6864
2500 33.6864
2500 33.6864
2500 33.6864
2500 33.6864
2500 33.433
2500 33.6864
2500 33.6864
2500 33.6864
2500 33.6864
2500 33.6864
2500 33.6864
2500 33.6864
2500 33.6864
2500 33.6864
2500 33.6864
2500 33.094
2500 33.6864
2500 33.6864
2500 33.6864
2500 33.6864
2500 33.1257
2500 33.1257
2500 33.1257
2500 33.1257
2500 33.1257
2500 33.1257
2500 33.1257
2500 32.5948
2500 32.2295
2500 32.2295
2500 32.2295
2500 32.2295
2500 32.2295
2500 32.2295
2500 32.2295
2500 32.2295
2500 32.2295
2500 31.1962
2500 32.2295
2500 32.2295
2500 32.2295
2500 31.7226
2500 31.7226
2500 32.2295
2500 29.324
2500 29.324
2500 32.2295
2500 32.2295
2500 31.4496
2500 31.4496
2500 31.3702
2500 31.4496
2500 31.4496
2500 31.4496
2500 31.4496
2500 31.4496
2500 31.4496
2500 32.6519
2500 32.6519
2500 32.6519
2500 33.8093
2500 33.8093
2500 32.7765
2500 33.083
2500 33.8093
2500 33.8093
2500 33.8093
2500 33.5579
2500 33.8093
2500 33.8093
2500 33.8093
2500 33.3608
2500 33.3608
2500 33.3147
2500 33.3147
2500 33.3147
2500 33.3147
2500 33.3147
2500 32.5978
2500 33.3147
2500 33.0833
2500 33.0833
2500 33.0833
2500 33.0833
2500 33.0833
2500 33.0833
2500 33.0833
2500 33.0833
2500 33.0833
2500 33.0833
2500 33.0833
2500 33.0833
2500 33.0833
2500 33.0833
2500 33.0833
2500 32.4913
2500 32.4913
2500 33.0833
2500 33.0833
2500 33.0833
2500 33.0833
2500 33.0833
2500 33.0833
2500 33.0833
2500 33.0833
2500 33.0833
2500 33.0833
2500 33.0833
2500 33.0833
2500 33.9145
2500 33.9145
2500 33.9145
2500 33.9145
2500 33.9145
2500 33.9145
2500 32.6188
2500 32.6188
2500 32.6188
2500 32.6188
2500 32.6188
2500 32.6188
2500 32.6188
2500 32.6188
2500 32.6188
2500 32.6188
2500 32.6188
2500 32.6188
2500 32.6188
2500 32.6188
2500 32.6188
2500 32.6188
2500 32.6188
2500 32.5631
2500 32.5631
2500 32.5631
2500 32.5631
2500 32.5631
2500 32.5631
2500 32.5631
2500 32.5631
2500 32.5631
2500 32.5631
2500 32.5631
2500 32.5631
2500 32.5631
2500 32.5631
2500 32.5631
2500 32.5631
2500 32.5631
2500 32.5631
2500 32.5631
2500 32.1931
2500 32.1931
2500 32.2547
2500 32.2547
2500 32.2547
2500 32.2547
2500 32.2547
2500 32.2547
2500 32.2547
2500 32.2547
2500 32.2547
2500 32.2547
2500 31.8846
2500 32.2547
2500 32.2547
2500 33.1007
2500 33.1007
2500 33.1007
2500 33.1007
2500 33.1007
2500 33.1007
2500 34.977
2500 34.977
2500 34.977
2500 34.977
2500 34.441
2500 34.977
2500 32.2698
2500 34.977
2500 33.8635
2500 33.8635
2500 34.972
2500 33.5005
2500 33.5005
2500 34.977
2500 34.977
2500 34.2667
2500 34.2667
2500 34.6112
2500 34.977
2500 34.977
2500 34.6938
