2500 53.0283
2500 53.0283
2500 53.0283
2500 53.0283
2500 53.0283
2500 53.0283
2500 53.0283
2500 52.7223
2500 52.7223
2500 52.7223
2500 51.2834
2500 51.2834
2500 51.2834
2500 51.2834
2500 54.0793
2500 51.0545
2500 49.7725
2500 49.7725
2500 49.7725
2500 49.7725
2500 49.7725
2500 49.7725
2500 49.7725
2500 49.7725
2500 49.7725
2500 49.7725
2500 49.7725
2500 49.7725
2500 45.0668
2500 49.2329
2500 49.2329
2500 48.5475
2500 48.5475
2500 48.5475
2500 49.7005
2500 49.2023
2500 47.6236
2500 47.6236
2500 49.2023
2500 49.2023
2500 49.2023
2500 49.2023
2500 48.0987
2500 48.0987
2500 47.9596
2500 47.9596
2500 47.9596
2500 47.9596
2500 48.8689
2500 48.8689
2500 48.8416
2500 44.0136
2500 44.0136
2500 44.0136
2500 48.8689
2500 48.5529
2500 47.4096
2500 48.5529
2500 48.8689
2500 48.5838
2500 48.5838
2500 48.5838
2500 44.8466
2500 44.8466
2500 44.8466
2500 44.8466
2500 44.8466
2500 44.8466
2500 44.8466
2500 44.8466
2500 44.8466
2500 44.8466
2500 45.3282
2500 45.3282
2500 45.3282
2500 44.8466
2500 44.6745
2500 44.6745
2500 44.6745
2500 44.6745
2500 44.3566
2500 44.3484
2500 45.3282
2500 44.5133
2500 40.5402
2500 40.5402
2500 40.5402
2500 40.5402
2500 40.5402
2500 40.5402
2500 43.324
2500 44.5133
2500 45.5436
2500 44.8144
2500 44.8144
2500 44.8144
2500 44.8144
2500 44.8144
2500 44.8144
2500 44.8144
2500 45.1379
2500 43.7969
2500 43.658
2500 43.7969
2500 43.7969
2500 45.0879
2500 45.5573
2500 45.0875
2500 45.0875
2500 45.0875
2500 45.0875
2500 44.8538
2500 39.8377
2500 43.5833
2500 43.5833
2500 43.5833
2500 43.5833
2500 44.8538
2500 44.8538
2500 44.8538
2500 44.7571
2500 44.1526
2500 44.1526
2500 43.281
2500 38.6099
2500 38.6099
2500 38.6099
2500 38.6099
2500 38.6099
2500 38.6099
2500 38.6099
2500 33.8986
2500 33.8986
2500 33.8986
2500 38.6487
2500 38.6487
2500 41.5944
2500 41.5944
2500 41.5944
2500 42.6852
2500 42.6923
2500 42.6923
2500 42.6923
2500 39.0947
2500 39.0947
2500 39.0947
2500 39.0947
2500 39.0947
2500 39.0947
2500 39.0947
2500 42.6507
2500 42.6507
2500 42.6507
2500 40.1372
2500 40.1372
2500 40.1372
2500 36.396
2500 36.396
2500 36.396
2500 36.396
2500 36.396
2500 39.15
2500 39.1878
2500 39.1878
2500 39.1878
2500 39.1726
2500 39.1726
2500 39.1726
2500 39.4216
2500 39.4216
2500 39.4216
2500 38.1711
2500 37.7839
2500 37.7839
2500 37.662
2500 37.662
2500 37.6477
2500 37.6477
2500 37.4345
2500 33.027
2500 33.027
2500 33.027
2500 32.5319
2500 33.014
2500 29.8677
2500 29.8677
2500 29.8677
2500 37.5918
2500 37.193
2500 36.1029
2500 37.5918
2500 37.5918
2500 36.9217
2500 36.5696
2500 36.5696
2500 36.5696
2500 36.5696
2500 36.5696
2500 37.5244
2500 37.5244
2500 37.5244
2500 37.5244
2500 36.1813
2500 37.5918
2500 37.5918
2500 37.5918
2500 36.9243
2500 36.9243
2500 36.9243
2500 36.9243
2500 36.9243
2500 36.9243
2500 36.9243
2500 36.9243
2500 36.9243
2500 36.5784
2500 36.5784
2500 36.5784
2500 36.5784
2500 36.3154
2500 36.5784
2500 36.5784
2500 36.5784
2500 36.5735
2500 36.5735
2500 35.8476
2500 36.5735
2500 36.5784
2500 35.3525
2500 35.3525
2500 36.9518
2500 36.9518
2500 36.9518
2500 36.9518
2500 36.9518
2500 36.9518
2500 36.9518
2500 36.9518
2500 36.9518
2500 36.9518
2500 36.9518
2500 36.9518
2500 36.9518
2500 36.9518
2500 37.6332
2500 37.6332
2500 37.6332
2500 37.2648
2500 37.6332
2500 37.6332
2500 37.6332
2500 37.6332
2500 37.5108
2500 37.6332
2500 37.6332
2500 37.6332
2500 38.5714
2500 37.9653
2500 37.8346
2500 36.8066
2500 36.9384
2500 37.8346
2500 37.8346
2500 37.8346
2500 35.947
2500 35.947
2500 35.947
2500 35.947
2500 35.947
2500 35.947
2500 35.947
2500 35.947
2500 35.947
2500 37.5523
2500 37.0323
2500 37.0323
2500 37.0323
2500 35.2078
2500 35.2078
2500 35.2078
2500 35.2078
2500 35.2078
2500 35.2078
2500 36.7605
2500 36.7605
2500 36.7605
2500 36.7605
2500 36.7605
2500 36.7605
2500 36.7605
2500 36.7605
2500 35.949
2500 36.7605
2500 36.7605
2500 37.9927
2500 37.9927
2500 37.9927
2500 37.3469
2500 37.9927
2500 37.9927
2500 37.9927
2500 35.9014
2500 37.9927
2500 37.9927
2500 37.9927
2500 37.4427
2500 37.4077
2500 37.4032
2500 36.8992
2500 36.8992
2500 36.8992
2500 36.8992
2500 35.2838
2500 35.2838
2500 37.4032
2500 37.4032
2500 37.4032
2500 37.4032
2500 37.4032
2500 36.2188
2500 36.2188
2500 36.2188
2500 36.2188
2500 36.1656
2500 36.1656
2500 36.1656
2500 36.1656
2500 36.2188
2500 37.3976
2500 37.3976
2500 37.3976
2500 36.6642
2500 36.6642
2500 36.6642
2500 36.6642
2500 36.6642
2500 36.6642
2500 36.6642
2500 36.6642
2500 36.6642
2500 36.6642
2500 36.6642
2500 36.6642
2500 36.6642
2500 39.0049
2500 37.8218
2500 37.8218
2500 37.8218
2500 37.238
2500 37.238
2500 37.238
2500 37.238
2500 37.8218
2500 37.8218
2500 33.5368
2500 33.5368
2500 39.0927
2500 38.8456
2500 38.8456
2500 39.0927
2500 39.0927
2500 39.0927
2500 38.0161
2500 38.0161
2500 38.0161
2500 38.0161
2500 38.0161
2500 37.7981
2500 38.0161
2500 38.0161
2500 37.4288
2500 38.0161
2500 38.5672
2500 39.307
2500 39.307
2500 39.307
2500 39.307
2500 38.3259
2500 38.3259
2500 38.3259
2500 38.3259
2500 38.3229
2500 38.3229
2500 38.1877
2500 38.1685
2500 38.1685
2500 38.1685
2500 38.1685
2500 38.1685
2500 38.1685
2500 38.1685
2500 37.1526
2500 37.1526
2500 37.9882
2500 39.0984
2500 32.6318
2500 35.6417
2500 35.6417
2500 35.1528
2500 35.6417
2500 35.6417
2500 35.6417
2500 35.6417
2500 35.6417
2500 35.6417
2500 35.6417
2500 35.6417
2500 35.6417
2500 39.0984
2500 39.0984
2500 38.626
2500 38.1265
2500 38.626
2500 38.2784
2500 38.626
2500 38.626
2500 38.3049
2500 36.6352
2500 37.9038
2500 37.9038
2500 37.9038
2500 39.1339
2500 39.5735
2500 39.5735
2500 39.5735
2500 39.5735
2500 39.5735
2500 39.2897
2500 39.2897
2500 39.2897
2500 39.2897
2500 39.2897
2500 39.2897
2500 39.2897
2500 38.4168
2500 38.4168
2500 39.1421
2500 39.1421
2500 39.2897
2500 39.2897
2500 39.2897
2500 39.2897
2500 38.4557
2500 38.0946
2500 38.4557
2500 38.4557
2500 37.5729
2500 37.065
2500 37.5729
2500 37.5729
2500 38.1004
2500 38.0454
2500 36.6753
2500 36.6753
2500 36.6753
2500 36.6753
2500 36.6753
2500 36.6753
2500 36.6634
2500 36.6634
2500 36.6634
2500 36.6634
2500 36.6634
2500 36.6634
2500 36.6634
2500 36.6634
2500 36.6634
2500 37.6399
2500 37.6129
2500 37.6129
2500 37.6129
2500 37.6129
2500 37.6129
2500 37.6129
2500 37.6129
2500 37.6129
2500 37.5606
2500 36.7984
2500 37.0575
2500 37.0575
2500 37.4206
2500 36.9434
2500 36.9434
2500 36.9434
2500 36.9434
2500 36.9434
2500 36.9434
2500 36.9434
2500 36.9434
2500 36.9434
2500 36.49
2500 36.9434
2500 36.9434
2500 36.9434
2500 36.9434
2500 36.7787
2500 36.7787
2500 36.943
2500 36.943
2500 36.943
2500 36.9434
2500 36.9434
2500 36.9862
2500 36.2032
2500 36.2032
2500 36.9862
2500 36.9862
2500 36.9862
2500 36.9862
2500 36.1773
2500 36.9862
2500 36.9862
2500 36.9862
2500 34.9169
2500 36.9862
2500 36.9862
2500 36.3702
2500 36.3702
2500 36.3702
2500 36.9862
2500 36.9862
2500 36.9862
2500 36.9086
2500 36.9086
2500 36.9862
2500 37.3715
2500 37.3715
2500 37.3715
2500 37.4689
2500 37.4689
2500 36.6477
2500 36.6477
2500 37.0732
2500 37.0732
2500 37.4689
2500 37.4689
2500 37.4689
2500 37.2882
2500 37.2882
2500 37.4689
2500 37.4689
2500 37.4221
2500 37.4689
2500 37.4689
2500 37.4689
2500 37.4689
2500 39.2224
2500 39.2224
2500 39.2224
2500 36.7574
2500 36.7574
2500 36.7574
2500 37.2035
2500 37.2035
2500 38.6427
2500 38.6427
2500 38.6427
2500 38.6427
2500 38.6427
2500 38.6427
2500 38.6427
2500 38.6427
2500 34.9573
2500 34.9573
2500 34.9573
2500 34.9573
2500 34.9573
2500 34.9573
2500 34.9573
2500 34.9573
2500 34.9573
2500 34.9573
2500 34.9573
2500 34.9573
2500 34.5202
2500 34.5202
2500 34.5202
2500 34.5202
2500 34.5202
2500 32.9768
2500 32.9768
2500 32.9768
2500 32.9768
2500 30.8985
2500 30.8985
2500 30.8985
2500 30.8985
2500 30.8985
2500 30.8985
2500 30.8985
2500 30.8985
2500 30.8985
2500 30.8985
2500 30.8985
2500 30.8985
2500 30.8985
2500 34.9573
2500 34.9573
2500 34.9573
2500 33.9257
2500 33.9257
2500 33.9257
2500 33.9257
2500 33.6629
2500 32.9722
2500 32.9434
2500 32.9434
2500 31.6049
2500 32.9434
2500 32.9722
2500 31.6049
2500 31.6049
2500 31.6049
2500 31.6049
2500 31.6049
2500 31.6049
2500 31.6049
2500 31.6049
2500 30.861
2500 30.7127
2500 30.7127
2500 31.6049
2500 31.3645
2500 31.3645
2500 31.3645
2500 30.198
2500 30.198
2500 31.3645
2500 31.1387
2500 31.1387
2500 31.6049
2500 31.6049
2500 31.6049
2500 30.4968
2500 31.6049
2500 31.8824
2500 31.8824
2500 31.8824
2500 31.8824
2500 31.8824
2500 29.8216
2500 31.8645
2500 31.8824
2500 32.0799
2500 32.2234
2500 32.0879
2500 32.0879
2500 32.0879
2500 31.1502
2500 31.6311
2500 31.8369
2500 31.5165
2500 31.8369
2500 31.8369
2500 31.8534
2500 31.8534
2500 31.8534
2500 31.8534
2500 31.8534
2500 31.6362
2500 31.6362
2500 31.6362
2500 31.6362
2500 31.9689
2500 31.9689
2500 31.9689
2500 31.9689
2500 31.4206
2500 31.4206
2500 31.4206
2500 31.4206
2500 31.4206
2500 31.4206
2500 31.0221
2500 31.4206
2500 29.8356
2500 29.8356
2500 29.8356
2500 29.8356
2500 29.8356
2500 31.4206
2500 31.4206
2500 30.2214
2500 30.2214
2500 30.2214
2500 30.2214
2500 31.4206
2500 29.7785
2500 29.7785
2500 31.4206
2500 30.2519
2500 31.4206
2500 31.4206
2500 31.4206
2500 31.4206
2500 31.4206
2500 31.4206
2500 31.4206
2500 31.3948
2500 31.3948
2500 31.4206
2500 31.4206
2500 31.4206
2500 31.4206
2500 30.328
2500 30.328
2500 30.328
2500 30.328
2500 30.328
2500 30.328
2500 30.328
2500 30.328
2500 30.2499
2500 30.2499
2500 30.2499
2500 31.0221
2500 30.7765
2500 30.7765
2500 30.7765
2500 30.7765
2500 30.7765
2500 30.7765
2500 30.5925
2500 31.0221
2500 31.0221
2500 31.0221
2500 30.5703
2500 31.0221
2500 31.0221
2500 31.0219
2500 31.0221
2500 30.6375
2500 31.0221
2500 31.0221
2500 31.0221
2500 31.0221
2500 31.0221
2500 31.0221
2500 31.0221
2500 31.0221
2500 31.0221
2500 31.0221
2500 31.0221
2500 31.0221
2500 31.2902
2500 31.2902
2500 31.2902
2500 31.2902
2500 31.2902
2500 31.2902
2500 31.2902
2500 31.2438
2500 31.2438
2500 31.2438
2500 31.1784
2500 31.1784
2500 31.1784
2500 30.0033
2500 30.0033
2500 30.0033
2500 31.0056
2500 31.0056
2500 31.0056
2500 31.0056
2500 30.8468
2500 30.8468
2500 29.8882
2500 29.8882
2500 29.8882
2500 29.8882
2500 31.6829
2500 31.6829
2500 31.6829
2500 31.6829
2500 31.6829
2500 31.6829
2500 31.6829
2500 31.4398
2500 31.4398
2500 31.4398
2500 31.4398
2500 31.6829
2500 31.5483
2500 31.5483
2500 31.6829
2500 31.6829
2500 31.6829
2500 31.6829
2500 31.6829
2500 31.6829
2500 31.6829
2500 31.1324
2500 31.1324
2500 31.1324
2500 31.2262
2500 31.2262
2500 31.2262
2500 31.6829
2500 29.8588
2500 31.6829
2500 30.6388
2500 30.6388
2500 30.6388
2500 30.6388
2500 30.6388
2500 30.6388
2500 30.6388
2500 30.6388
2500 30.6388
2500 30.3261
2500 30.3261
2500 30.3261
2500 30.3261
2500 30.3261
2500 30.3261
2500 29.5599
2500 29.5599
2500 29.5599
2500 29.5599
2500 29.5599
2500 29.5599
2500 29.5599
2500 29.6906
2500 29.6906
2500 30.1373
2500 30.1373
2500 30.1244
2500 28.9202
2500 30.1244
2500 30.1244
2500 30.1244
2500 30.1244
2500 30.1373
2500 30.1373
2500 30.1373
2500 30.0861
2500 30.0861
2500 30.0861
2500 28.8732
2500 28.8732
2500 28.8732
2500 28.8732
2500 28.8732
2500 28.8732
2500 28.8732
2500 30.1373
2500 30.1373
2500 30.1373
2500 28.987
2500 28.987
2500 28.987
2500 28.987
2500 28.987
2500 28.5949
2500 28.5949
2500 28.5949
2500 28.5949
2500 28.5949
2500 27.9469
2500 27.9469
2500 27.9469
2500 27.0603
2500 27.9469
2500 27.9469
2500 27.9469
2500 27.9469
2500 26.1645
2500 26.1645
2500 28.2825
2500 28.4523
2500 28.4523
2500 28.4523
2500 28.4523
2500 26.4147
2500 26.4147
2500 28.4523
2500 28.4523
2500 28.4523
2500 28.4523
2500 28.4523
2500 28.4523
2500 28.4523
2500 28.4523
2500 28.4523
2500 28.4523
2500 28.4523
2500 28.3725
2500 28.3725
2500 28.3725
2500 28.3725
2500 28.3725
2500 28.3725
2500 28.213
2500 28.3725
2500 28.3725
2500 27.9058
2500 27.9058
2500 27.9058
2500 26.3189
2500 26.3189
2500 26.3189
2500 26.3189
2500 26.3189
2500 26.3189
2500 26.3189
2500 26.3189
2500 26.7777
2500 28.315
2500 28.315
2500 28.315
2500 28.315
2500 28.315
2500 28.315
2500 28.315
2500 29.8379
2500 29.8379
2500 29.8379
2500 29.8379
2500 29.8379
2500 29.8379
2500 29.8379
2500 29.8379
2500 29.8379
2500 29.8379
2500 29.8379
2500 29.8379
2500 29.8379
2500 29.8379
2500 29.8379
2500 29.2503
2500 28.6085
2500 28.6085
2500 28.6085
2500 28.6085
2500 28.6085
2500 28.6085
2500 28.6085
2500 31.0001
2500 30.9913
2500 28.9761
2500 28.9761
2500 28.9761
2500 28.9761
2500 28.9761
2500 28.9761
2500 28.9761
2500 28.9761
2500 28.9761
2500 28.9761
2500 28.9761
2500 27.8291
2500 27.8291
2500 26.7661
2500 26.7661
2500 26.7661
2500 27.8291
2500 27.8291
2500 27.8291
2500 27.8291
2500 27.8291
2500 27.8291
2500 27.8291
2500 27.7727
2500 27.7727
2500 27.7693
2500 27.7693
2500 27.7693
2500 27.7693
2500 27.7693
2500 27.7693
2500 27.8291
2500 27.8291
2500 27.8291
2500 27.8291
2500 27.7291
2500 27.7291
2500 27.8291
2500 27.8291
2500 27.8291
2500 27.8291
2500 27.8291
2500 27.8291
2500 27.8291
2500 27.7264
2500 27.7264
2500 26.4342
2500 26.4342
2500 26.4342
2500 25.8051
2500 25.8051
2500 25.8051
2500 25.8051
2500 25.8051
2500 25.8051
2500 25.8051
2500 25.0323
2500 25.0323
2500 25.0323
2500 25.0323
2500 25.0323
2500 25.0323
2500 25.0323
2500 25.0323
2500 25.0323
2500 25.0323
2500 25.0323
2500 25.0323
2500 25.0323
2500 25.0323
2500 25.0323
2500 25.0323
2500 25.0323
2500 25.0323
2500 25.0323
2500 23.5026
2500 23.5026
2500 24.4241
2500 24.4241
2500 24.9878
2500 24.9878
2500 24.9878
2500 24.9878
2500 24.9878
2500 24.9878
2500 24.9878
2500 24.9878
2500 24.9878
2500 24.9878
2500 24.9183
2500 24.9878
2500 24.9878
2500 24.9878
2500 24.1569
2500 24.1569
2500 24.1569
2500 24.1569
2500 24.1569
2500 24.1569
2500 24.0987
2500 24.0987
2500 24.0987
2500 23.4578
2500 23.4578
2500 23.4578
2500 23.4578
2500 23.4578
2500 23.4578
2500 23.4578
2500 23.4578
2500 23.4578
2500 23.4578
2500 23.4578
2500 23.4578
2500 21.9021
2500 23.4578
2500 23.4578
2500 23.4578
2500 23.4578
2500 23.4578
2500 23.4578
2500 23.4578
2500 23.4578
2500 23.4578
2500 23.4578
2500 23.4578
2500 23.4578
2500 23.4578
2500 23.4578
2500 23.955
2500 23.955
2500 23.955
2500 23.955
2500 23.8584
2500 23.9069
2500 23.9069
2500 23.9069
2500 23.9069
2500 23.9069
2500 23.8272
2500 23.955
2500 23.955
2500 23.955
2500 23.955
2500 23.955
2500 23.955
2500 23.955
2500 23.6243
2500 23.6243
2500 23.6243
2500 22.8257
2500 23.9734
2500 22.9713
2500 22.9713
2500 22.8257
2500 22.9713
2500 22.9713
2500 22.9713
2500 22.9678
2500 22.9678
2500 22.9678
2500 22.9678
2500 22.9678
2500 22.9678
2500 22.9678
2500 22.9678
2500 22.9713
2500 22.9713
2500 22.9713
2500 22.9713
2500 22.9713
2500 22.6826
2500 22.6826
2500 22.9713
2500 22.0152
2500 22.0152
2500 22.9713
2500 21.1687
2500 21.1687
2500 22.9713
2500 22.9713
2500 22.9713
2500 22.9713
2500 22.9713
2500 22.9713
2500 22.3455
2500 22.3455
2500 22.3455
2500 22.3455
2500 22.3455
2500 22.3455
2500 22.3455
2500 22.3455
2500 22.8225
2500 22.8225
2500 22.8225
2500 22.8225
2500 22.8225
2500 22.8225
2500 22.8225
2500 22.8225
2500 22.2625
2500 21.5313
2500 21.5313
2500 21.5313
2500 21.5313
2500 22.8225
2500 22.8225
2500 22.8225
2500 22.8225
2500 22.8225
2500 22.8225
2500 22.8225
2500 22.8225
2500 22.8225
2500 22.8225
2500 22.8225
2500 22.8225
2500 20.5589
2500 20.5589
2500 22.8225
2500 22.8225
2500 22.8225
2500 22.8225
2500 22.8225
2500 22.8225
2500 22.8225
2500 22.8225
2500 22.8225
2500 22.8225
2500 22.8225
2500 22.8225
2500 22.8225
2500 22.8225
2500 22.8225
2500 22.8225
2500 22.8225
2500 22.8225
2500 22.8225
2500 22.8225
2500 22.8225
2500 22.8225
2500 22.8225
2500 22.8225
2500 22.8225
2500 22.8225
2500 22.8225
2500 22.8225
2500 22.8225
2500 21.9184
2500 22.8225
2500 22.8225
2500 22.8225
2500 22.8225
2500 22.1551
2500 22.1551
2500 22.1551
2500 22.1551
2500 22.1551
2500 22.1551
2500 22.1551
2500 22.1551
2500 21.4235
2500 21.4235
2500 21.4235
2500 21.4235
2500 21.4235
2500 21.4235
2500 21.4235
2500 21.4235
2500 21.4235
2500 21.7323
2500 21.7323
2500 21.7323
2500 21.7323
2500 21.7323
2500 21.7323
2500 22.1551
2500 22.1551
2500 22.1551
2500 22.1551
2500 22.1551
2500 22.1551
2500 22.1551
2500 22.1551
2500 22.1551
2500 22.1551
2500 22.1551
2500 22.1551
2500 22.1551
2500 22.1551
2500 22.1551
2500 22.1551
2500 22.1551
2500 22.1551
2500 22.1551
2500 22.1551
2500 22.1551
2500 22.1551
2500 22.1551
2500 22.1551
2500 22.5815
2500 22.5815
2500 22.5815
2500 22.5815
2500 22.7583
2500 22.7583
2500 22.7583
2500 22.7583
2500 22.7583
2500 22.7583
2500 22.7583
2500 22.7583
2500 22.7583
2500 22.7583
2500 22.7583
2500 22.7583
2500 22.7583
2500 22.7583
2500 22.7583
2500 22.7583
2500 22.7583
2500 22.7583
2500 22.7583
2500 22.7583
2500 22.7583
2500 22.7583
2500 22.7583
2500 22.1792
2500 22.1792
2500 22.282
2500 22.282
2500 22.282
2500 22.282
2500 22.282
2500 22.282
2500 22.282
2500 22.282
2500 22.282
2500 22.282
2500 22.282
2500 22.282
2500 22.282
2500 22.282
2500 22.282
2500 22.282
2500 22.282
2500 22.282
2500 22.282
2500 22.282
2500 22.282
2500 22.282
2500 22.282
2500 21.0836
2500 20.1985
2500 21.0836
2500 21.0836
2500 21.0836
2500 21.0836
2500 21.0836
2500 20.9477
2500 21.042
2500 21.0836
2500 21.0836
2500 21.0836
2500 21.0836
2500 21.0836
2500 21.0836
2500 21.0836
2500 21.0836
2500 21.0836
2500 21.0836
2500 21.0836
2500 21.0836
2500 21.0836
2500 21.0836
2500 20.1985
2500 20.1985
2500 20.1985
2500 20.1985
2500 20.1985
2500 20.1985
2500 20.1985
2500 18.3258
2500 18.3258
2500 18.3258
2500 18.3258
2500 18.3258
2500 18.3258
2500 18.3258
2500 18.3258
2500 18.3258
2500 18.3258
2500 18.3258
2500 18.3258
2500 18.3258
2500 18.3258
2500 18.3258
2500 18.3258
2500 17.1613
2500 17.1613
2500 17.1613
2500 18.3258
2500 18.3258
2500 18.3258
2500 18.3258
2500 18.3258
2500 18.3258
2500 18.3258
2500 18.3258
2500 18.3258
2500 18.3258
2500 18.3258
2500 18.1899
2500 18.1899
2500 17.9255
2500 18.1899
2500 18.1899
2500 18.1899
2500 17.245
2500 17.245
2500 18.3258
2500 17.1613
2500 17.1613
2500 17.1613
2500 17.1613
2500 17.1613
2500 17.1613
2500 17.1613
2500 17.1613
2500 17.1613
2500 17.1613
2500 17.1613
2500 17.1613
2500 17.1613
2500 17.1613
2500 17.1613
2500 17.1613
2500 17.1613
2500 17.1613
2500 17.1613
2500 17.1613
2500 17.1613
2500 17.1613
2500 17.1613
2500 17.1613
2500 17.1167
2500 17.1167
2500 17.1167
2500 17.1613
2500 17.1613
2500 17.1613
2500 17.1613
2500 17.1613
2500 17.1613
2500 16.0798
2500 16.0798
2500 17.1613
2500 17.1613
2500 17.1613
2500 17.1613
2500 17.1613
2500 17.1613
2500 17.1613
2500 17.1613
2500 17.1613
2500 17.1613
2500 17.1613
2500 17.1613
2500 17.1613
2500 17.1613
2500 17.1613
2500 17.1613
2500 17.1613
2500 17.1613
2500 17.1613
2500 17.1613
2500 17.1613
2500 17.1613
2500 17.1613
2500 17.1613
2500 17.1613
2500 17.1613
2500 17.1613
2500 17.1613
2500 17.1613
2500 17.0835
2500 17.0835
2500 16.7257
2500 16.7257
2500 17.0835
2500 17.0835
2500 17.0835
2500 17.0835
2500 17.0835
2500 17.0835
2500 17.0835
2500 17.0835
2500 17.0835
2500 17.0835
2500 17.0835
2500 17.0835
2500 17.0835
2500 17.0636
2500 17.0636
2500 17.0636
2500 17.0636
2500 17.0636
2500 15.5209
2500 15.5209
2500 15.5209
2500 15.5209
2500 15.5209
2500 15.5209
2500 15.5209
2500 15.5209
2500 15.5209
2500 15.5209
2500 15.5209
2500 15.5209
2500 15.5209
2500 15.5209
2500 15.5209
2500 15.5209
2500 15.4816
2500 14.5687
2500 14.5687
2500 14.5687
2500 14.5687
2500 14.5687
2500 14.5687
2500 14.5687
2500 14.5687
2500 14.5687
2500 14.5293
2500 14.5293
2500 14.5293
2500 14.5293
2500 14.5293
2500 14.5293
2500 14.5293
2500 14.5293
2500 14.5293
2500 14.5203
2500 14.5203
2500 14.5203
2500 13.9967
2500 14.5203
2500 14.5203
2500 14.5203
2500 14.5203
2500 14.5203
2500 14.5203
2500 14.5203
2500 14.5203
2500 14.5203
2500 14.5203
2500 14.5203
2500 14.5203
2500 14.5203
2500 14.5203
2500 14.5203
2500 14.5203
2500 14.5687
2500 14.5687
2500 14.5687
2500 14.5687
2500 14.5687
2500 14.5687
2500 14.5687
2500 14.0393
2500 14.5687
2500 14.5687
2500 14.5687
2500 14.5687
2500 14.5687
2500 14.5687
2500 14.5687
2500 14.5687
2500 14.5687
2500 14.192
2500 14.192
2500 14.192
2500 14.192
2500 14.192
2500 14.192
2500 14.192
2500 14.192
2500 14.192
2500 14.183
2500 13.5751
2500 13.5751
2500 13.5751
2500 13.5751
2500 13.5751
2500 13.5751
2500 13.5751
2500 14.1051
2500 14.1051
2500 14.1051
2500 14.0393
2500 14.0393
2500 14.183
2500 14.183
2500 14.183
2500 14.183
2500 13.0463
2500 14.183
2500 14.183
2500 14.183
2500 14.183
2500 14.183
2500 14.183
2500 14.183
2500 14.183
2500 14.183
2500 14.183
2500 14.183
2500 14.183
2500 14.183
2500 14.183
2500 14.183
2500 14.183
2500 14.183
2500 14.183
2500 14.183
2500 13.0463
2500 13.0463
2500 13.0463
2500 13.0463
2500 13.0463
2500 13.0463
2500 13.0463
2500 13.0463
2500 13.0463
2500 13.0463
2500 13.0463
2500 13.0463
2500 13.0463
2500 13.0463
2500 13.0463
2500 13.0463
2500 13.0463
2500 13.0463
2500 13.0463
2500 13.0463
2500 13.0463
2500 13.0463
2500 13.0463
2500 13.0463
2500 13.0463
2500 13.0463
2500 13.0463
2500 13.0463
2500 13.0463
2500 13.0463
2500 13.0463
2500 13.0463
2500 13.0463
2500 13.0463
2500 13.0463
2500 13.0463
2500 13.0463
2500 13.0463
2500 13.0463
2500 13.0463
2500 13.0323
2500 13.0323
2500 13.0463
2500 13.0463
2500 13.0463
2500 13.0463
2500 13.0463
2500 13.0463
2500 13.0463
2500 13.0463
2500 13.0463
2500 13.0463
2500 13.0463
2500 13.0463
2500 13.0463
2500 13.0463
2500 13.0463
2500 13.0463
2500 13.0463
2500 13.0463
2500 13.0463
2500 13.0463
2500 13.0463
2500 13.0463
2500 13.0463
2500 13.0463
2500 13.0463
2500 13.0463
2500 13.0614
2500 13.0614
2500 13.0614
2500 13.0614
2500 13.0614
2500 13.0614
2500 13.0614
2500 13.0614
2500 13.0614
2500 13.0614
2500 13.0614
2500 13.0614
2500 13.0217
2500 13.0614
2500 13.0614
2500 13.0614
2500 13.0614
2500 13.0614
2500 13.0614
2500 13.0614
2500 12.5315
2500 12.5315
2500 12.5315
2500 12.5315
2500 12.5315
2500 12.5315
2500 12.5315
2500 13.0614
2500 13.0614
2500 13.0614
2500 13.0614
2500 13.0614
2500 13.0614
2500 13.0614
2500 13.0614
2500 13.0614
2500 13.0614
2500 13.0614
2500 13.0614
2500 13.0614
2500 13.0614
2500 13.0614
2500 13.0614
2500 13.0614
2500 12.5315
2500 12.5315
2500 13.0614
2500 12.6067
2500 12.6067
2500 12.6067
2500 12.6067
2500 12.5315
2500 12.5315
2500 12.5315
2500 12.5315
2500 12.5315
2500 12.5315
2500 12.5315
2500 12.5315
2500 12.5315
2500 12.5315
2500 12.5315
2500 12.5315
2500 12.5315
2500 12.5315
2500 12.5315
2500 12.5315
2500 12.5315
2500 12.5315
2500 12.5315
2500 12.5315
2500 13.0614
2500 13.0614
2500 13.0614
2500 13.0614
2500 13.0614
2500 13.0614
2500 13.0614
2500 13.0614
2500 13.0614
2500 13.0614
2500 13.0614
2500 13.0614
2500 13.0614
2500 12.5315
2500 13.0614
2500 12.5315
2500 13.0614
2500 13.0463
2500 13.0614
2500 13.0217
2500 13.0217
2500 13.0217
2500 13.0463
2500 13.0463
2500 13.0463
2500 13.0463
2500 13.0614
2500 13.0614
2500 13.0614
2500 13.0614
2500 12.5573
2500 12.5573
2500 12.5573
2500 12.5573
2500 12.5573
2500 12.5573
2500 12.5573
2500 12.5573
2500 12.5573
2500 13.0614
2500 13.0614
2500 13.0614
2500 13.0614
2500 13.0614
2500 13.0614
2500 12.5573
2500 12.5573
2500 12.5573
2500 12.5573
2500 13.0614
2500 13.0614
2500 13.0614
2500 13.0614
2500 13.0614
2500 13.0463
2500 13.0463
2500 13.0614
2500 13.0614
2500 13.0614
2500 13.0614
2500 13.0614
2500 13.0614
2500 13.0614
2500 13.0614
2500 13.0614
2500 13.0614
2500 13.0614
2500 13.0614
2500 13.0872
2500 13.0872
2500 13.0872
2500 13.0872
2500 13.0872
2500 13.0872
2500 13.0872
2500 13.0872
2500 13.0872
2500 13.0872
2500 13.0872
2500 13.0872
2500 13.0872
2500 13.0872
2500 13.0614
2500 13.0614
2500 13.0614
2500 13.0872
2500 13.0872
2500 13.0872
2500 13.0872
2500 13.0872
2500 13.0872
2500 13.0872
2500 13.0872
2500 13.0872
2500 13.0872
2500 13.0872
2500 13.0872
2500 13.0872
2500 13.0872
2500 13.0872
2500 13.0872
2500 13.0872
2500 13.0872
2500 13.0872
2500 13.0872
2500 13.0872
2500 13.0872
2500 13.0872
2500 13.0041
2500 13.0041
2500 13.0041
2500 13.0041
2500 13.0041
2500 13.0041
2500 13.0041
2500 13.0614
2500 13.0872
2500 13.0872
2500 13.0872
2500 13.0872
2500 13.0872
2500 13.0872
2500 13.0872
2500 13.0872
2500 13.0872
2500 13.0872
2500 13.0872
2500 13.0872
2500 13.0872
2500 13.0872
2500 13.0872
2500 13.0872
2500 13.0872
2500 13.0872
2500 13.0872
2500 13.0872
2500 13.0872
2500 13.0872
2500 13.0872
2500 13.0872
2500 13.0872
2500 13.0872
2500 13.0872
2500 13.0872
2500 13.0872
2500 13.0872
2500 13.0872
2500 13.0872
2500 13.0872
2500 12.5573
2500 13.0872
2500 13.0721
2500 13.0872
2500 13.0872
2500 13.0872
2500 13.0872
2500 13.0872
2500 13.0872
2500 13.0872
2500 13.0872
2500 13.0872
2500 13.0872
2500 13.0872
2500 13.0872
2500 13.0872
2500 13.0872
2500 13.0872
2500 13.0872
2500 13.0872
2500 13.0872
2500 13.0872
2500 13.0872
2500 13.0872
2500 13.0872
2500 13.0872
2500 13.0872
2500 13.0872
2500 13.0872
2500 13.0872
2500 13.0872
2500 13.0872
2500 13.0872
2500 13.0872
2500 13.0872
2500 13.0872
2500 13.0872
2500 12.957
2500 13.0872
2500 13.0872
2500 13.0872
2500 13.0872
2500 12.957
2500 12.957
2500 12.957
2500 12.957
2500 12.957
2500 12.957
2500 12.957
2500 13.0872
2500 13.0872
2500 13.0872
2500 13.0872
2500 13.0872
2500 13.0872
2500 13.0872
2500 13.0872
2500 13.0872
2500 13.0872
2500 13.0872
2500 13.0872
2500 13.0872
2500 13.0872
2500 12.6067
2500 12.6067
2500 12.6067
2500 13.0872
2500 13.0872
2500 13.0872
2500 13.0872
2500 13.0872
2500 13.0872
2500 13.0872
2500 13.0614
2500 13.0872
2500 13.0872
2500 13.0872
2500 13.0872
2500 13.0872
2500 13.0817
2500 13.0817
2500 12.6067
2500 12.6067
2500 12.6067
2500 13.0872
2500 13.0872
2500 13.0872
2500 13.0872
2500 13.0872
2500 13.0872
2500 13.0872
2500 13.0872
2500 13.0872
2500 13.0872
2500 13.0872
2500 13.0872
2500 13.0872
2500 13.0872
2500 13.0872
2500 13.0872
2500 13.0872
2500 13.0872
2500 13.0872
2500 13.0872
2500 13.0872
2500 13.0872
2500 13.0872
2500 13.0872
2500 13.0872
2500 12.8716
2500 12.8716
2500 13.0872
2500 13.0872
2500 13.0872
2500 13.0872
2500 13.0872
2500 13.0872
2500 13.0872
2500 13.0872
2500 13.0872
2500 13.0872
2500 13.0872
2500 12.5573
2500 12.5573
2500 12.5573
2500 12.5573
2500 12.5573
2500 12.5573
2500 12.5573
2500 12.5573
2500 12.5573
2500 12.5573
2500 12.5573
2500 12.5573
2500 12.5573
2500 12.5573
2500 12.5573
2500 12.5573
2500 12.5573
2500 12.5573
2500 12.5573
2500 12.5573
2500 12.5573
2500 12.5573
2500 12.5573
2500 12.5573
2500 12.5573
2500 12.5573
2500 12.5573
2500 12.5573
2500 12.5573
2500 12.5573
2500 12.5573
2500 12.5573
2500 12.5573
2500 12.5175
2500 12.5315
2500 12.5315
2500 12.5573
2500 12.5573
2500 12.5573
2500 12.5315
2500 12.5573
2500 12.5573
2500 12.5573
2500 12.5573
2500 12.5573
2500 12.5573
2500 12.5315
2500 12.5315
2500 12.5315
2500 12.5315
2500 12.5315
2500 12.5573
2500 12.5175
2500 12.5573
2500 12.5573
2500 12.5175
2500 12.5175
2500 12.5175
2500 12.5175
2500 12.5573
2500 12.5573
2500 12.5573
2500 12.5573
2500 12.5573
2500 12.5573
2500 12.5573
2500 12.5573
2500 12.5573
2500 12.5573
2500 12.5573
2500 12.5573
2500 12.5573
2500 12.5573
2500 12.5573
2500 12.5573
2500 12.5573
2500 12.5573
2500 12.5573
2500 12.5573
2500 12.5573
2500 12.5573
2500 12.5573
2500 12.5573
2500 12.5573
2500 12.5573
2500 12.5573
2500 12.5573
2500 12.5573
2500 12.5573
2500 12.5573
2500 12.5573
2500 12.5573
2500 12.5573
2500 12.5573
2500 12.5573
2500 12.5573
2500 12.5573
2500 12.5573
2500 12.5573
2500 12.5573
2500 12.5573
2500 12.5573
2500 12.5573
2500 12.5573
2500 12.5573
2500 12.5573
2500 12.5573
2500 12.5573
2500 12.5573
2500 12.5573
2500 12.5573
2500 12.5573
2500 12.5573
2500 12.5573
2500 12.5175
2500 12.5175
2500 12.5315
2500 12.5315
2500 12.5315
2500 12.5573
2500 12.5573
2500 12.5573
2500 12.5573
2500 12.5573
2500 12.5573
2500 12.5573
2500 12.5573
2500 12.5573
2500 12.5573
2500 12.5573
2500 12.5573
2500 12.5573
2500 12.5573
2500 12.5573
2500 12.5573
2500 12.5573
2500 12.5573
2500 12.5573
2500 12.5573
2500 12.5573
2500 12.5573
2500 12.5573
2500 12.5573
2500 12.5573
2500 12.5573
2500 12.5573
2500 12.5573
2500 12.5573
2500 12.5573
2500 12.5573
2500 12.5573
2500 12.5573
2500 12.5573
2500 12.5573
2500 12.5573
2500 12.5573
2500 12.5573
2500 12.5573
2500 12.5175
2500 12.5175
2500 12.5573
2500 12.5573
2500 12.5573
2500 12.5573
2500 12.5573
2500 12.5573
2500 12.5573
2500 12.5573
2500 12.5573
2500 12.5573
2500 12.5573
2500 12.5573
2500 12.5573
2500 12.5573
2500 12.5573
2500 12.5573
2500 12.5573
2500 12.5573
2500 12.5573
2500 12.5573
2500 12.5573
2500 12.5573
2500 12.5573
2500 12.5573
2500 12.5573
2500 12.5573
2500 12.5573
2500 12.5573
2500 12.5175
2500 12.5175
2500 12.4917
2500 12.4917
2500 12.5175
2500 12.5573
2500 12.5573
2500 12.5315
2500 12.5315
2500 12.5315
2500 12.5315
2500 12.5315
2500 12.5315
2500 12.5573
2500 12.5573
2500 12.5573
2500 12.5573
2500 12.5175
2500 12.5573
2500 12.5573
2500 12.5175
2500 12.5175
2500 12.5175
2500 12.5175
2500 12.5175
2500 12.5175
2500 12.5175
2500 12.5175
2500 12.5175
2500 12.5573
2500 12.5573
2500 12.5573
2500 12.5573
2500 12.5573
2500 12.5573
2500 12.5573
2500 12.5573
2500 12.5573
2500 12.5573
2500 12.5573
2500 12.5573
2500 12.5573
2500 12.5573
2500 12.5573
2500 12.5573
2500 12.5573
2500 12.5573
2500 12.5175
2500 12.5175
2500 12.5175
2500 12.5175
2500 12.5421
2500 12.5421
2500 12.5573
2500 12.5421
2500 12.5573
2500 12.5573
2500 12.5573
2500 12.5573
2500 12.5573
2500 12.5573
2500 12.5573
2500 12.5573
2500 12.5573
2500 12.5573
2500 12.5573
2500 12.5573
2500 12.5573
2500 12.5573
2500 12.5175
2500 12.5175
2500 12.5573
2500 12.5573
2500 12.5573
2500 12.5573
2500 12.5573
2500 12.5573
2500 12.5573
2500 12.5573
2500 12.5573
2500 12.5573
2500 12.5573
2500 12.5573
2500 12.5573
2500 12.5573
2500 12.5573
2500 12.5573
2500 12.5175
2500 12.5175
2500 12.5175
2500 12.5573
2500 12.5573
2500 12.5421
2500 12.5421
2500 12.5573
2500 12.5573
2500 12.5573
2500 12.5573
2500 12.5573
2500 12.5573
2500 12.5573
2500 12.5573
2500 12.5573
2500 12.5573
2500 12.5573
2500 12.5573
2500 12.5175
2500 12.5573
2500 12.5573
2500 12.5573
2500 12.5573
2500 12.5573
2500 12.5573
2500 12.5573
2500 12.5573
2500 12.5573
2500 12.5573
2500 12.5573
2500 12.5421
2500 12.5421
2500 12.5421
2500 12.5421
2500 12.5421
2500 12.5421
2500 12.5421
2500 12.5421
2500 12.5421
2500 12.5421
2500 12.5421
2500 12.5421
2500 12.5421
2500 12.5421
2500 12.5421
2500 12.5421
2500 12.5421
2500 12.5421
2500 12.5421
2500 12.5421
2500 12.5421
2500 12.5421
2500 12.5421
2500 12.5421
2500 12.5421
2500 12.5421
2500 12.5421
2500 12.5421
2500 12.5421
2500 12.5421
2500 12.5421
2500 12.5421
2500 12.5421
2500 12.5421
2500 12.5421
2500 12.5421
2500 12.5573
2500 12.5573
2500 12.5573
2500 12.5573
2500 12.5573
2500 12.5573
2500 12.5573
2500 12.5573
2500 12.5573
2500 12.5573
2500 12.5573
2500 12.5573
2500 12.5573
2500 12.5573
2500 12.5573
2500 12.5573
2500 12.5573
2500 12.5573
2500 12.5573
2500 12.5573
2500 12.5573
2500 12.5573
2500 12.5573
2500 12.5573
2500 12.5573
2500 12.5573
2500 12.5573
2500 12.5573
2500 12.5573
2500 12.5573
2500 12.5573
2500 12.5573
2500 12.5573
2500 12.5573
2500 12.5573
2500 12.5573
2500 12.5573
2500 12.5573
2500 12.5573
2500 12.5573
2500 12.7822
2500 12.7822
2500 12.7822
2500 12.7822
2500 12.7822
2500 12.7822
2500 12.7822
2500 12.7822
2500 12.7822
2500 12.7822
2500 12.7822
2500 12.7822
2500 12.7822
2500 12.8723
2500 12.8574
2500 12.8723
2500 12.8723
2500 12.8723
2500 12.8723
2500 12.7822
2500 12.7822
2500 12.7822
2500 12.7822
2500 12.6067
2500 12.6067
2500 12.7822
2500 12.7822
2500 12.7822
2500 12.7822
2500 12.7822
2500 12.7822
2500 12.7822
2500 12.7822
2500 12.7822
2500 12.7822
2500 12.7822
2500 12.7822
2500 12.7822
2500 12.7822
2500 12.7822
2500 12.7822
2500 12.7822
2500 12.7822
2500 12.7822
2500 12.7822
2500 12.7822
2500 12.6067
2500 12.6067
2500 12.6067
2500 12.6067
2500 12.6067
2500 12.6067
2500 12.6067
2500 12.6067
2500 12.6067
2500 12.7822
2500 12.7822
2500 12.7822
2500 12.7822
2500 12.7822
2500 12.7822
2500 12.7822
2500 12.7822
2500 12.7822
2500 12.8723
2500 12.8723
2500 12.8325
2500 12.8325
2500 12.8325
2500 12.8325
2500 12.8325
2500 12.8325
2500 12.8325
2500 12.8723
2500 12.8723
2500 12.8723
2500 12.8723
2500 12.8723
2500 12.8723
2500 12.8723
2500 12.8723
2500 12.8723
2500 12.8723
2500 12.8723
2500 12.8723
2500 12.8723
2500 12.8723
2500 12.8723
2500 12.8723
2500 12.8723
2500 12.8723
2500 12.8723
2500 12.8723
2500 12.8723
2500 12.8723
2500 12.8723
2500 12.8723
2500 12.8723
2500 12.8723
2500 12.8723
2500 12.8723
2500 12.8723
2500 12.8723
2500 12.8723
2500 12.8325
2500 12.8723
2500 12.8723
2500 12.8723
2500 12.8723
2500 12.8723
2500 12.8723
2500 12.8723
2500 12.8723
2500 12.8723
2500 12.8229
2500 12.8229
2500 12.8229
2500 12.6067
2500 12.6067
2500 12.6067
2500 12.6067
2500 12.6067
2500 12.8229
2500 12.8229
2500 12.8229
2500 12.8229
2500 12.8229
2500 12.8229
2500 12.8229
2500 12.8465
2500 12.8465
2500 12.8465
2500 12.8465
2500 12.8465
2500 12.8465
2500 12.8465
2500 12.6067
2500 12.6067
2500 12.6067
2500 12.6067
2500 12.6067
2500 12.6067
2500 12.6067
