2500 60.5214
2500 60.4061
2500 59.637
2500 59.7533
2500 59.0518
2500 59.7318
2500 59.4216
2500 59.4415
2500 58.7444
2500 57.6779
2500 57.9461
2500 57.6722
2500 57.2993
2500 57.0414
2500 57.1608
2500 57.1936
2500 56.704
2500 56.326
2500 56.5653
2500 56.3489
2500 55.5311
2500 55.3307
2500 56.0496
2500 55.6413
2500 55.3542
2500 55.4301
2500 55.4471
2500 55.3387
2500 55.6468
2500 55.8328
2500 55.5388
2500 55.6901
2500 56.3924
2500 56.4605
2500 56.5059
2500 56.1577
2500 55.7582
2500 55.9054
2500 56.0504
2500 56.4663
2500 56.8648
2500 56.4189
2500 56.7622
2500 57.0392
2500 56.7529
2500 56.7912
2500 56.5717
2500 56.4079
2500 56.3561
2500 55.9015
2500 56.5422
2500 56.3478
2500 55.9668
2500 55.7066
2500 56.1796
2500 56.3327
2500 56.491
2500 56.9514
2500 56.1788
2500 56.5691
2500 56.687
2500 56.0286
2500 55.4523
2500 55.7685
2500 55.5016
2500 55.6304
2500 56.3148
2500 56.5383
2500 56.8928
2500 56.977
2500 57.1666
2500 57.1406
2500 57.3476
2500 56.6958
2500 55.7804
2500 54.636
2500 54.9515
2500 55.4798
2500 55.6637
2500 55.0477
2500 54.0337
2500 54.7264
2500 54.1614
2500 53.3427
2500 53.4972
2500 53.6245
2500 53.1843
2500 53.2874
2500 52.8319
2500 52.4804
2500 52.6707
2500 52.8823
2500 52.8532
2500 52.7098
2500 52.2841
2500 51.9886
2500 51.9944
2500 51.6676
2500 51.6157
2500 51.0623
2500 51.0681
2500 51.0683
2500 51.6934
2500 51.5314
2500 51.9484
2500 51.6699
2500 51.7736
2500 50.8103
2500 50.3308
2500 50.0589
2500 49.3798
2500 49.6445
2500 50.1001
2500 50.9873
2500 50.1593
2500 50.0737
2500 50.8675
2500 50.9724
2500 50.4132
2500 50.0997
2500 49.9047
2500 48.9923
2500 49.1782
2500 49.1164
2500 49.6788
2500 49.3048
2500 49.3294
2500 49.5372
2500 49.6258
2500 50.2803
2500 50.7381
2500 49.9921
2500 49.7203
2500 50.8789
2500 50.6104
2500 50.2199
2500 49.7789
2500 49.8547
2500 49.8194
2500 50.0703
2500 48.9998
2500 49.0269
2500 49.3014
2500 49.2073
2500 48.2276
2500 49.8124
2500 49.4282
2500 49.0646
2500 48.7836
2500 47.5558
2500 46.2299
2500 46.8659
2500 46.6817
2500 45.9855
2500 45.3931
2500 44.1036
2500 45.3758
2500 45.6067
2500 45.3707
2500 44.6567
2500 44.9683
2500 44.7707
2500 44.729
2500 44.5591
2500 44.5181
2500 44.1461
2500 43.5698
2500 43.9722
2500 43.2548
2500 43.3737
2500 43.8341
2500 44.1549
2500 44.312
2500 44.2422
2500 44.4662
2500 44.3776
2500 43.6358
2500 43.3204
2500 43.3999
2500 43.6185
2500 44.1707
2500 44.0953
2500 43.9764
2500 44.0055
2500 44.0873
2500 43.9719
2500 44.327
2500 44.2583
2500 44.4832
2500 45.1979
2500 46.0985
2500 45.8882
2500 46.1958
2500 46.2892
2500 46.5671
2500 45.8582
2500 45.9505
2500 45.1329
2500 43.708
2500 43.9952
2500 44.3283
2500 44.405
2500 43.7552
2500 42.3785
2500 41.7068
2500 41.796
2500 42.2811
2500 42.4214
2500 42.0284
2500 41.5394
2500 41.6684
2500 41.5916
2500 41.5915
2500 41.7276
2500 42.2199
2500 42.0936
2500 42.1273
2500 42.1071
2500 41.9472
2500 41.4854
2500 41.1875
2500 41.0315
2500 40.7552
2500 41.2915
2500 40.6167
2500 40.8315
2500 40.6923
2500 41.0064
2500 40.8252
2500 40.78
2500 40.9462
2500 41.1559
2500 40.8977
2500 40.9423
2500 40.9228
2500 40.6835
2500 41.1879
2500 41.3149
2500 41.7688
2500 42.3496
2500 42.5883
2500 42.7944
2500 42.0012
2500 42.5824
2500 41.5224
2500 41.4038
2500 41.4885
2500 41.3463
2500 41.0514
2500 40.9236
2500 40.2463
2500 40.7601
2500 40.6964
2500 41.0636
2500 41.019
2500 40.6095
2500 40.3955
2500 40.4766
2500 41.1379
2500 40.7739
2500 41.0648
2500 41.0413
2500 41.2092
2500 41.1857
2500 41.874
2500 41.7259
2500 41.6498
2500 41.218
2500 42.0522
2500 41.9795
2500 41.8762
2500 41.6839
2500 42.0913
2500 42.4325
2500 42.6127
2500 42.5804
2500 43.8484
2500 43.878
2500 44.3094
2500 44.5241
2500 44.6851
2500 44.4282
2500 44.4361
2500 44.2152
2500 43.8761
2500 44.0984
2500 44.5011
2500 44.7386
2500 45.3807
2500 44.7911
2500 45.1745
2500 45.6549
2500 45.4561
2500 45.2787
2500 44.9998
2500 44.6666
2500 43.4613
2500 44.3059
2500 44.0027
2500 44.2023
2500 44.4275
2500 44.295
2500 44.1496
2500 44.1257
2500 44.1338
2500 43.674
2500 43.4024
2500 43.724
2500 43.4414
2500 43.5789
2500 44.103
2500 44.1013
2500 43.4985
2500 43.4358
2500 43.5022
2500 43.3211
2500 42.9767
2500 42.9892
2500 43.1527
2500 43.5714
2500 43.9401
2500 43.3886
2500 43.8048
2500 44.1512
2500 43.7045
2500 44.0161
2500 44.3781
2500 44.4605
2500 44.7456
2500 44.6389
2500 44.7783
2500 45.2741
2500 45.3832
2500 45.467
2500 45.4847
2500 45.5886
2500 46.1094
2500 46.2272
2500 46.8698
2500 46.3515
2500 46.154
2500 46.3917
2500 46.932
2500 47.2105
2500 46.7203
2500 46.7735
2500 46.3808
2500 45.6871
2500 45.3119
2500 45.4558
2500 45.342
2500 45.3024
2500 45.3493
2500 45.2828
2500 45.3721
2500 44.9509
2500 43.8103
2500 43.2259
2500 43.2215
2500 42.722
2500 41.8487
2500 41.6924
2500 42.1286
2500 42.3648
2500 42.6992
2500 43.3137
2500 44.0016
2500 43.9244
2500 44.1666
2500 43.3534
2500 42.9583
2500 42.3676
2500 42.056
2500 41.3587
2500 41.3366
2500 41.3936
2500 41.8294
2500 42.1528
2500 42.4125
2500 42.7235
2500 43.3821
2500 42.6751
2500 41.938
2500 42.0217
2500 42.1334
2500 42.752
2500 43.058
2500 43.832
2500 44.1683
2500 44.0702
2500 44.3489
2500 44.1888
2500 44.1757
2500 43.0338
2500 42.6381
2500 42.9098
2500 42.5602
2500 42.5985
2500 41.3877
2500 41.1748
2500 41.3408
2500 42.2731
2500 42.813
2500 42.5998
2500 42.2836
2500 42.0423
2500 41.2279
2500 42.4368
2500 42.4032
2500 42.1406
2500 42.3106
2500 43.1285
2500 41.8867
2500 41.4557
2500 41.5824
2500 41.5887
2500 41.7598
2500 41.9681
2500 42.2137
2500 41.995
2500 41.7207
2500 41.9152
2500 41.6594
2500 42.0118
2500 42.5709
2500 43.0088
2500 43.2449
2500 42.894
2500 42.9772
2500 42.9727
2500 42.7498
2500 42.6507
2500 42.6884
2500 42.7116
2500 42.9006
2500 42.4586
2500 41.8233
2500 41.9333
2500 41.8806
2500 41.2129
2500 41.1354
2500 41.6105
2500 42.0282
2500 42.0048
2500 42.0909
2500 41.6726
2500 42.2861
2500 41.9466
2500 40.7663
2500 40.5502
2500 40.8826
2500 41.1521
2500 41.0535
2500 40.8848
2500 40.7405
2500 40.9565
2500 40.6396
2500 40.7974
2500 41.2858
2500 41.3344
2500 41.4305
2500 42.6239
2500 43.16
2500 42.0449
2500 42.0842
2500 42.2491
2500 42.4809
2500 41.5803
2500 41.7508
2500 40.6455
2500 40.588
2500 40.2599
2500 39.7426
2500 39.6014
2500 39.7912
2500 39.3114
2500 38.9057
2500 39.4052
2500 39.3181
2500 38.6595
2500 38.9065
2500 38.2471
2500 37.1793
2500 37.4251
2500 37.4354
2500 36.7197
2500 35.8848
2500 36.0489
2500 36.156
2500 36.1459
2500 36.1222
2500 37.107
2500 37.1096
2500 37.0164
2500 37.3938
2500 36.4795
2500 36.9873
2500 37.2884
2500 37.2702
2500 36.8846
2500 36.7376
2500 36.3352
2500 36.6617
2500 36.9037
2500 37.2841
2500 36.5949
2500 36.5008
2500 36.5401
2500 36.8334
2500 37.596
2500 37.5445
2500 37.2448
2500 37.9794
2500 38.0676
2500 38.0199
2500 37.6165
2500 37.7103
2500 37.3558
2500 37.9455
2500 37.8207
2500 37.7954
2500 37.6215
2500 37.6099
2500 37.1663
2500 37.1856
2500 36.476
2500 37.3267
2500 37.4375
2500 37.344
2500 37.286
2500 37.3178
2500 37.8508
2500 38.1679
2500 38.3724
2500 38.1366
2500 37.6083
2500 37.6935
2500 38.0405
2500 37.9039
2500 37.4413
2500 36.9314
2500 38.1661
2500 38.4575
2500 38.8991
2500 38.6405
2500 38.5457
2500 38.5939
2500 38.8388
2500 37.8427
2500 37.3006
2500 36.2431
2500 35.9244
2500 35.6154
2500 35.9291
2500 36.4531
2500 36.2971
2500 36.67
2500 37.1376
2500 35.564
2500 35.0164
2500 34.9223
2500 35.0953
2500 34.5599
2500 34.5231
2500 34.6824
2500 35.3577
2500 34.8576
2500 34.6385
2500 34.7834
2500 34.7919
2500 35.5867
2500 35.268
2500 35.57
2500 35.0963
2500 35.8333
2500 35.8125
2500 35.4693
2500 35.7355
2500 34.943
2500 35.4161
2500 35.3771
2500 35.5391
2500 35.7172
2500 35.8665
2500 35.8666
2500 36.1863
2500 35.7468
2500 35.9778
2500 36.0969
2500 36.2822
2500 37.5389
2500 36.8124
2500 36.8731
2500 36.1342
2500 36.2083
2500 36.0562
2500 36.7943
2500 37.0301
2500 36.6453
2500 36.5473
2500 36.9704
2500 37.0746
2500 36.8384
2500 36.6929
2500 36.735
2500 36.2609
2500 36.1972
2500 36.2615
2500 36.8393
2500 36.5028
2500 37.0528
2500 37.3903
2500 37.7985
2500 37.6679
2500 38.3793
2500 38.1611
2500 37.7314
2500 38.1121
2500 37.4705
2500 36.974
2500 36.5356
2500 37.1374
2500 36.6912
2500 36.1846
2500 36.2649
2500 36.7319
2500 36.2398
2500 35.8958
2500 36.6016
2500 36.3185
2500 36.584
2500 36.3566
2500 36.0298
2500 35.7115
2500 36.0736
2500 36.6993
2500 36.5839
2500 36.6469
2500 37.5578
2500 37.8406
2500 38.4574
2500 38.0766
2500 38.3056
2500 38.7899
2500 38.871
2500 38.8431
2500 38.6466
2500 38.4053
2500 38.2481
2500 38.8176
2500 38.9875
2500 39.3699
2500 39.7141
2500 39.0348
2500 39.0978
2500 38.6843
2500 38.7206
2500 39.7371
2500 39.8975
2500 39.7341
2500 40.2808
2500 40.2558
2500 40.3452
2500 40.9039
2500 40.3607
2500 41.042
2500 40.6597
2500 41.5127
2500 41.9831
2500 41.4428
2500 41.1646
2500 41.1323
2500 40.7083
2500 40.997
2500 40.8807
2500 41.2846
2500 41.1417
2500 41.4408
2500 41.8663
2500 41.8737
2500 42.1492
2500 42.6619
2500 42.2338
2500 42.1704
2500 42.0858
2500 41.6943
2500 41.5908
2500 40.9606
2500 40.6289
2500 40.3158
2500 40.0024
2500 39.9341
2500 40.8683
2500 41.5157
2500 41.5365
2500 41.5025
2500 40.7748
2500 40.6168
2500 40.4009
2500 40.5335
2500 40.4483
2500 40.4098
2500 40.1121
2500 40.6693
2500 41.1622
2500 40.8039
2500 41.1521
2500 40.5076
2500 40.6141
2500 41.1231
2500 41.4553
2500 41.2487
2500 41.5951
2500 42.3626
2500 41.9457
2500 42.7516
2500 42.4285
2500 41.8362
2500 42.2352
2500 42.4737
2500 42.5511
2500 43.4795
2500 43.117
2500 43.7158
2500 43.2155
2500 43.066
2500 42.7128
2500 42.6499
2500 43.0801
2500 43.2151
2500 42.9963
2500 42.5484
2500 43.3218
2500 43.1763
2500 43.3011
2500 42.7007
2500 42.991
2500 42.1745
2500 42.4444
2500 41.7843
2500 41.7952
2500 41.2043
2500 41.6835
2500 41.4553
2500 41.7188
2500 41.6944
2500 42.1582
2500 41.7213
2500 41.6462
2500 41.8394
2500 41.8611
2500 42.4226
2500 42.2997
2500 42.2889
2500 42.0673
2500 41.8362
2500 42.4493
2500 42.0504
2500 42.4144
2500 42.3137
2500 42.3587
2500 42.1454
2500 41.6236
2500 42.0639
2500 41.3397
2500 41.368
2500 41.8878
2500 41.6283
2500 42.0904
2500 42.6642
2500 42.7901
2500 42.9334
2500 42.4857
2500 42.3768
2500 42.4495
2500 41.9901
2500 42.1702
2500 42.1501
2500 42.4511
2500 42.8535
2500 43.0698
2500 43.1411
2500 44.0331
2500 44.2723
2500 45.0998
2500 46.1118
2500 47.0391
2500 46.723
2500 46.8287
2500 46.034
2500 46.8325
2500 46.1461
2500 45.852
2500 45.519
2500 46.2191
2500 46.0902
2500 45.6254
2500 45.3169
2500 45.2065
2500 44.5059
2500 43.9378
2500 43.969
2500 43.6315
2500 43.7404
2500 44.079
2500 44.0855
2500 44.4138
2500 43.7002
2500 43.6638
2500 43.7111
2500 43.148
2500 43.6937
2500 43.008
2500 42.7853
2500 43.7242
2500 43.6055
2500 43.4562
2500 43.1663
2500 43.4624
2500 44.3514
2500 44.1821
2500 44.293
2500 44.7359
2500 43.8527
2500 44.554
2500 44.2416
2500 44.339
2500 43.459
2500 43.5902
2500 43.2513
2500 43.7618
2500 43.9155
2500 44.0629
2500 44.0136
2500 44.1989
2500 44.0635
2500 43.6409
2500 43.7958
2500 43.6896
2500 43.2114
2500 43.2842
2500 43.036
2500 43.0552
2500 43.1861
2500 42.7713
2500 43.5138
2500 42.9618
2500 43.7146
2500 43.4439
2500 43.6078
2500 44.017
2500 44.0398
2500 44.6244
2500 44.6807
2500 44.7209
2500 44.7524
2500 45.2786
2500 45.779
2500 45.9143
2500 45.1408
2500 44.4129
2500 44.221
2500 44.1665
2500 43.5914
2500 44.3369
2500 43.5
2500 42.318
2500 42.6974
2500 43.5141
2500 43.5378
2500 43.1281
2500 43.3678
2500 42.4279
2500 41.9796
2500 41.6713
2500 41.0152
2500 41.0928
2500 40.9961
2500 40.6159
2500 41.1356
2500 40.3721
2500 39.9032
2500 40.3498
2500 40.6003
2500 40.4571
2500 40.5195
2500 40.1597
2500 40.3791
2500 40.0283
2500 40.3254
2500 40.1641
2500 40.1794
2500 39.9655
2500 39.4869
2500 39.5423
2500 39.3908
2500 39.2405
2500 39.5504
2500 39.7339
2500 39.7568
2500 39.8183
2500 40.3527
2500 41.0947
2500 41.3775
2500 40.8341
2500 40.7075
2500 40.7107
2500 40.5532
2500 41.0533
2500 40.9267
2500 40.2454
2500 39.936
2500 39.9009
2500 40.6097
2500 41.7445
2500 41.4
2500 41.835
2500 41.8939
2500 42.7825
2500 42.9762
2500 42.9693
2500 42.0666
2500 41.8197
2500 42.0729
2500 42.1938
2500 42.0992
2500 41.6981
2500 41.3772
2500 41.6851
2500 41.7454
2500 41.726
2500 41.5434
2500 41.0652
2500 41.0778
2500 41.2882
2500 40.8771
2500 40.9657
2500 41.0723
2500 40.9107
2500 40.6739
2500 40.5718
2500 41.1437
2500 40.8372
2500 40.9914
2500 41.4688
2500 41.5755
2500 40.6333
2500 40.8631
2500 41.0185
2500 41.7504
2500 41.1898
2500 41.3964
2500 40.6624
2500 40.571
2500 41.0331
2500 40.924
2500 41.251
2500 41.2433
2500 41.5577
2500 41.9543
2500 41.8547
2500 42.1071
2500 42.1373
2500 41.8258
2500 41.7967
2500 41.4965
2500 40.7236
2500 40.988
2500 41.3911
2500 40.6793
2500 39.5398
2500 39.7273
2500 39.6303
2500 38.8496
2500 39.1523
2500 39.0285
2500 39.2406
2500 39.2586
2500 39.2925
2500 39.4916
2500 38.9533
2500 39.3692
2500 39.8611
2500 39.993
2500 39.8984
2500 40.0007
2500 40.4391
2500 40.1749
2500 39.9372
2500 39.8177
2500 40.5086
2500 41.2842
2500 40.9733
2500 40.4609
2500 40.1032
2500 40.6418
2500 40.7477
2500 41.1869
2500 40.8754
2500 40.9763
2500 41.6865
2500 42.0081
2500 42.5269
2500 41.8292
2500 41.7101
2500 42.1272
2500 42.317
2500 42.1784
2500 42.7116
2500 42.2603
2500 41.4761
2500 41.3729
2500 40.3044
2500 40.7125
2500 40.8307
2500 40.9905
2500 41.6469
2500 41.0065
2500 41.6881
2500 41.9389
2500 41.8761
2500 42.4579
2500 42.7107
2500 41.4802
2500 41.7051
2500 41.7844
2500 41.982
2500 41.6055
2500 40.8438
2500 40.6219
2500 41.1764
2500 41.4189
2500 41.7694
2500 41.2909
2500 41.47
2500 41.4671
2500 42.4
2500 42.108
2500 42.1175
2500 42.5976
2500 42.8689
2500 43.387
2500 43.546
2500 42.9867
2500 41.6445
2500 41.3237
2500 42.1593
2500 41.4508
2500 40.2864
2500 40.5532
2500 39.774
2500 38.8132
2500 38.7299
2500 39.7389
2500 38.9985
2500 40.019
2500 38.6179
2500 38.5265
2500 37.9947
2500 38.4167
2500 37.6905
2500 38.265
2500 38.4216
2500 38.0187
2500 38.88
2500 38.6205
2500 38.5461
2500 38.3027
2500 37.7791
2500 37.712
2500 37.5994
2500 36.8457
2500 37.373
2500 38.7296
2500 38.5748
2500 38.6251
2500 37.9578
2500 38.0201
2500 38.0915
2500 38.1345
2500 38.3303
2500 38.4494
2500 38.5916
2500 38.9196
2500 38.8772
2500 38.81
2500 38.8283
2500 38.4338
2500 38.115
2500 37.9309
2500 37.6206
2500 37.4319
2500 37.6818
2500 37.6161
2500 36.9384
2500 37.2662
2500 36.7006
2500 36.6984
2500 37.4864
2500 37.3597
2500 38.2463
2500 38.229
2500 38.1696
2500 37.9892
2500 37.4808
2500 37.588
2500 36.9731
2500 37.5674
2500 37.7081
2500 38.0537
2500 38.1837
2500 38.244
2500 38.2161
2500 37.9653
2500 38.0778
2500 37.9906
2500 38.2295
2500 37.9614
2500 38.3217
2500 38.3338
2500 39.0603
2500 39.0064
2500 39.2537
2500 39.1863
2500 39.4644
2500 39.6981
2500 39.8344
2500 39.8758
2500 39.9207
2500 39.9025
2500 39.8774
2500 39.732
2500 39.8815
2500 39.749
2500 39.8956
2500 40.1957
2500 39.8372
2500 40.1671
2500 39.949
2500 39.7591
2500 39.7315
2500 39.298
2500 38.9458
2500 38.9148
2500 38.9786
2500 38.2298
2500 38.7858
2500 37.8087
2500 37.7989
2500 37.9292
2500 38.1543
2500 37.726
2500 38.0104
2500 38.081
2500 37.879
2500 38.2373
2500 37.9966
2500 38.358
2500 38.7336
2500 38.7684
2500 38.8613
2500 38.8235
2500 39.9678
2500 39.9964
2500 39.941
2500 39.2852
2500 38.7206
2500 38.368
2500 38.6651
2500 39.3348
2500 38.3703
2500 38.1348
2500 38.3646
2500 38.108
2500 38.2259
2500 38.5109
2500 38.5932
2500 38.6063
2500 39.1003
2500 39.1111
2500 38.6957
2500 39.0198
2500 39.2832
2500 39.7522
2500 39.7271
2500 40.0202
2500 40.6661
2500 40.7166
2500 40.5541
2500 40.7752
2500 40.362
2500 40.6277
2500 39.7178
2500 39.764
2500 38.8976
2500 38.3321
2500 38.4719
2500 38.1978
2500 38.723
2500 38.6839
2500 38.5379
2500 39.89
2500 40.105
2500 39.605
2500 38.2324
2500 38.205
2500 38.59
2500 38.5578
2500 39.5172
2500 39.4764
2500 39.0306
2500 37.9616
2500 37.2862
2500 37.1893
2500 37.5908
2500 37.8128
2500 37.2826
2500 37.4899
2500 37.3284
2500 37.2576
2500 37.845
2500 37.2375
2500 37.6703
2500 37.0917
2500 37.2282
2500 37.7241
2500 38.0418
2500 37.6737
2500 37.866
2500 37.7249
2500 37.4989
2500 38.2273
2500 38.1577
2500 38.3264
2500 38.6118
2500 38.0086
2500 37.9324
2500 38.0954
2500 39.0204
2500 39.2312
2500 39.4884
2500 39.9654
2500 39.8211
2500 39.5911
2500 39.24
2500 39.6825
2500 39.9238
2500 39.671
2500 39.096
2500 39.4329
2500 39.9356
2500 39.9118
2500 40.0876
2500 39.9833
2500 39.7236
2500 39.8442
2500 39.9011
2500 39.7275
2500 40.7122
2500 40.6555
2500 40.9652
2500 41.0156
2500 40.751
2500 41.634
2500 41.3952
2500 41.2506
2500 41.3547
2500 41.4918
2500 41.6412
2500 41.5013
2500 41.5072
2500 41.735
2500 41.5824
2500 41.2581
2500 40.8987
2500 41.0819
2500 40.9216
2500 41.9693
2500 42.6922
2500 42.5904
2500 42.3359
2500 41.5607
2500 41.3022
2500 41.0835
2500 40.6033
2500 40.0387
2500 39.5092
2500 39.1931
2500 39.7928
2500 39.7294
2500 39.3489
2500 39.3824
2500 39.6528
2500 40.2729
2500 40.6451
2500 40.1782
2500 39.2694
2500 38.5127
2500 37.9506
2500 37.5891
2500 37.5548
2500 36.9013
2500 37.1094
2500 36.3072
2500 36.5741
2500 36.2231
2500 36.1082
2500 36.463
2500 36.2056
2500 36.6077
2500 36.3814
2500 36.8468
2500 36.7243
2500 37.0115
2500 36.954
2500 36.7925
2500 36.9451
2500 37.137
2500 36.383
2500 36.3994
2500 36.4981
2500 36.9752
2500 37.1893
2500 37.5037
2500 37.9594
2500 36.9191
2500 36.8282
2500 37.0119
2500 37.3778
2500 37.4236
2500 37.0864
2500 37.8403
2500 37.7509
2500 37.7157
2500 38.0442
2500 38.4531
2500 39.1078
2500 38.8944
2500 38.3864
2500 38.4495
2500 38.4089
2500 37.667
2500 37.1113
2500 37.1353
2500 37.136
2500 38.0575
2500 37.2373
2500 37.5441
2500 37.7949
2500 37.8468
2500 37.7924
2500 37.386
2500 37.2358
2500 37.3263
2500 37.4746
2500 37.496
2500 37.8934
2500 38.6716
2500 39.4269
2500 38.4829
2500 38.1127
2500 38.4981
2500 37.8485
2500 37.8022
2500 38.7546
2500 37.9371
2500 37.6695
2500 37.5306
2500 37.9775
2500 37.007
2500 36.9879
2500 37.0276
2500 37.4923
2500 36.8888
2500 37.6756
2500 38.0785
2500 38.1365
2500 38.0371
2500 37.4122
2500 37.4831
2500 37.6655
2500 37.9211
2500 37.2902
2500 37.6348
2500 37.2066
2500 37.5472
2500 38.0603
2500 38.3251
2500 38.1424
2500 37.5283
2500 37.0864
2500 37.0403
2500 36.6175
2500 36.6457
2500 36.2876
2500 36.8603
2500 36.7486
2500 37.5503
2500 37.3183
2500 38.0038
2500 37.9282
2500 38.4068
2500 38.1326
2500 38.3291
2500 37.9816
2500 38.4002
2500 38.2648
2500 37.6175
2500 38.2501
2500 38.5812
2500 38.4287
2500 37.6817
2500 37.8613
2500 38.3293
2500 38.3867
2500 37.9503
2500 37.8143
2500 38.0779
2500 37.3239
2500 37.5125
2500 37.5211
2500 37.6653
2500 37.9648
2500 37.1188
2500 36.858
2500 36.9876
2500 37.1369
2500 37.8231
2500 37.6181
2500 37.2094
2500 37.2041
2500 36.9422
2500 36.9971
2500 36.8659
2500 36.4069
2500 36.0846
2500 36.1299
2500 36.1913
2500 36.5125
2500 36.7139
2500 37.4021
2500 37.4521
2500 37.6489
2500 37.232
2500 37.35
2500 37.4609
2500 37.398
2500 37.2562
2500 37.2575
2500 37.2936
2500 37.6299
2500 38.0203
2500 38.2016
2500 39.1533
2500 39.4244
2500 39.3703
2500 39.0573
2500 38.8083
2500 39.1468
2500 39.2368
2500 39.2783
2500 39.4108
2500 39.2249
2500 39.249
2500 39.7143
2500 39.527
2500 39.2775
2500 40.1449
2500 40.0392
2500 40.0979
2500 40.1584
2500 40.0414
2500 39.4474
2500 40.2371
2500 40.1904
2500 39.7473
2500 39.6908
2500 39.8813
2500 39.5251
2500 39.889
2500 39.4157
2500 39.5199
2500 39.4368
2500 40.4527
2500 40.3111
2500 41.204
2500 40.947
2500 40.5852
2500 40.3966
2500 40.1421
2500 39.9061
2500 40.024
2500 40.0847
2500 40.1048
2500 40.1329
2500 39.8819
2500 39.7923
2500 40.0917
2500 40.0651
2500 39.9148
2500 40.1151
2500 40.2172
2500 39.9657
2500 40.0604
2500 40.4138
2500 40.7514
2500 40.3133
2500 39.9414
2500 40.3992
2500 39.3017
2500 39.3223
2500 39.2817
2500 39.4129
2500 39.601
2500 39.3606
2500 39.5797
2500 39.8787
2500 40.0687
2500 40.2032
2500 39.9783
2500 40.5187
2500 40.2378
2500 40.6822
2500 40.6188
2500 41.098
2500 40.887
2500 40.7362
2500 41.0955
2500 41.3178
2500 41.5972
2500 42.0818
2500 40.9928
2500 41.3272
2500 41.8486
2500 41.5198
2500 41.7189
2500 41.4944
2500 42.2714
2500 42.1148
2500 41.5969
2500 41.2432
2500 41.7451
2500 41.855
2500 41.2779
2500 41.436
2500 40.898
2500 38.6936
2500 38.5168
2500 37.9231
2500 37.9094
2500 37.6054
2500 37.5447
2500 37.9695
2500 37.5796
2500 38.2377
2500 38.4951
2500 37.9934
2500 38.3541
2500 37.8992
2500 38.0413
2500 38.5521
2500 39.0786
2500 39.4306
2500 39.3711
2500 38.7843
2500 38.0174
2500 37.7318
2500 37.7718
2500 37.9856
2500 38.3825
2500 38.0494
2500 37.9937
2500 38.5796
2500 38.288
2500 38.4268
2500 38.1131
2500 38.5734
2500 38.0443
2500 37.9811
2500 37.8492
2500 38.1416
2500 37.6622
2500 37.8108
2500 37.6624
2500 37.4485
2500 37.3323
2500 37.4777
2500 36.9256
2500 37.06
2500 37.4575
2500 37.8742
2500 37.9815
2500 38.3743
2500 38.279
2500 37.9355
2500 37.7094
2500 38.3513
2500 38.8267
2500 38.9291
2500 38.9578
2500 39.1003
2500 39.1614
2500 39.6402
2500 39.7898
2500 39.9082
2500 39.619
2500 39.4179
2500 38.9781
2500 38.7289
2500 38.6125
2500 38.5974
2500 38.5771
2500 38.8086
2500 38.7418
2500 38.5559
2500 38.6191
2500 38.3169
2500 38.837
2500 39.9788
2500 39.7892
2500 40.231
2500 39.9994
2500 39.7551
2500 39.3264
2500 39.2016
2500 38.6064
2500 38.5123
2500 39.0917
2500 39.2344
2500 39.0383
2500 37.9889
2500 38.0094
2500 38.0007
2500 37.3771
2500 36.5087
2500 36.7095
2500 37.0808
2500 37.7922
2500 38.244
2500 38.4605
2500 38.3858
2500 39.1462
2500 39.2471
2500 38.9453
2500 39.1655
2500 39.0115
2500 38.488
2500 38.6255
2500 38.2403
2500 39.2521
2500 38.9743
2500 38.9107
2500 38.644
2500 38.4115
2500 38.6064
2500 38.4931
2500 38.3307
2500 38.6648
2500 38.9704
2500 39.1645
2500 39.6871
2500 39.8952
2500 39.2085
2500 39.4484
2500 39.6828
2500 39.6552
2500 39.5606
2500 39.5031
2500 38.9729
2500 38.8049
2500 38.8148
2500 38.679
2500 38.7894
2500 39.1803
2500 38.8077
2500 38.9297
2500 38.6117
2500 38.5971
2500 38.7274
2500 38.6378
2500 38.8241
2500 39.0024
2500 38.8106
2500 38.6425
2500 38.5488
2500 38.8305
2500 39.5353
2500 39.1385
2500 38.5899
2500 39.2335
2500 39.6589
2500 39.116
2500 39.9551
2500 39.9206
2500 40.0409
2500 40.4068
2500 40.1668
2500 39.8237
2500 39.946
2500 40.417
2500 40.7492
2500 40.1062
2500 39.9642
2500 38.39
2500 37.7166
2500 37.2294
2500 37.7716
2500 37.9448
2500 37.8262
2500 38.1509
2500 37.9774
2500 38.0584
2500 37.7339
2500 37.6589
2500 37.3522
2500 37.4995
2500 37.2907
2500 36.6235
2500 36.1243
2500 36.4871
2500 36.4452
2500 36.5236
2500 36.8418
2500 36.8834
2500 36.7484
2500 36.3125
2500 36.3242
2500 36.5808
2500 36.4392
2500 36.8169
2500 36.7493
2500 37.1235
2500 36.659
2500 36.4427
2500 36.7004
2500 36.5697
2500 36.8512
2500 36.6404
2500 36.7144
2500 36.3925
2500 36.1382
2500 36.2274
2500 36.3721
2500 36.7064
2500 36.6438
2500 36.4895
2500 36.5361
2500 36.9667
2500 37.417
2500 37.1519
2500 36.7521
2500 36.8203
2500 37.0751
2500 37.1009
2500 36.6415
2500 36.8027
2500 36.5639
2500 35.8212
2500 35.132
2500 35.0715
2500 35.2058
2500 35.2539
2500 35.1074
2500 35.5976
2500 35.7688
2500 35.7541
2500 35.4648
2500 35.5352
2500 35.1916
2500 34.864
2500 34.8729
2500 34.1994
2500 34.9264
2500 35.275
2500 35.792
2500 35.8911
2500 35.8096
2500 35.3669
2500 34.5454
2500 34.9701
2500 35.2206
2500 34.6016
2500 33.8104
2500 34.2741
2500 34.5792
2500 34.4278
2500 33.7424
2500 33.677
2500 34.637
2500 34.7266
2500 34.4666
2500 34.431
2500 35.0686
2500 35.7557
2500 35.5591
2500 35.4961
2500 35.9199
2500 36.0265
2500 35.988
2500 36.0099
2500 35.0124
2500 35.1241
2500 35.1961
2500 35.3346
2500 35.2904
2500 34.9775
2500 35.1573
2500 35.9875
2500 35.6674
2500 35.4576
2500 35.7112
2500 35.1703
2500 35.4689
2500 35.5919
2500 35.5823
2500 35.0542
2500 35.0292
2500 34.3723
2500 34.7499
2500 35.2011
2500 34.9562
2500 34.4493
2500 34.3888
2500 34.0072
2500 33.5199
2500 33.5817
2500 33.8838
2500 34.2069
2500 34.6533
2500 35.1216
2500 35.1719
2500 35.2837
2500 35.0131
2500 34.0822
2500 33.8751
2500 34.2273
2500 34.3984
2500 34.5963
2500 35.0759
2500 34.6117
2500 34.9584
2500 35.5805
2500 36.5012
2500 36.0876
2500 35.6176
2500 35.4164
2500 36.4092
2500 35.7775
2500 35.5041
2500 35.1122
2500 34.9571
2500 34.684
2500 34.7084
2500 34.3014
2500 35.1887
2500 35.5905
2500 35.0243
2500 35.0922
2500 35.0128
2500 34.9451
2500 34.4375
2500 34.8783
2500 35.3304
2500 36.5632
2500 36.0672
2500 35.951
2500 36.1711
2500 35.4542
2500 34.9038
2500 34.4956
2500 34.5422
2500 34.593
2500 34.424
2500 33.8561
2500 34.2283
2500 34.5787
2500 35.0982
2500 34.8158
2500 35.0254
2500 34.636
2500 35.0818
2500 34.8995
2500 35.1275
2500 34.486
2500 34.3327
2500 35.2397
2500 35.4732
2500 35.3674
2500 35.4617
2500 35.5185
2500 35.0443
2500 35.1809
2500 35.5815
2500 36.1566
2500 36.93
2500 37.4955
2500 37.9184
2500 37.6888
2500 38.02
2500 37.3092
2500 35.9271
2500 36.0967
2500 35.8599
2500 36.3194
2500 36.173
2500 35.1209
2500 34.974
2500 34.3908
2500 34.3861
2500 34.4467
2500 34.3142
2500 34.4906
2500 34.2432
2500 33.9768
2500 33.7159
2500 33.9471
2500 34.7167
2500 34.6338
2500 35.0864
2500 34.4726
2500 34.6825
2500 34.9148
2500 35.3189
2500 34.4109
2500 34.3549
2500 34.3491
2500 34.3865
2500 34.0832
2500 33.9687
2500 33.7865
2500 33.7504
2500 33.2799
2500 33.5885
2500 33.4958
2500 33.4056
2500 33.4725
2500 33.4505
2500 33.6389
2500 33.7733
2500 34.0354
2500 34.2516
2500 34.1488
2500 34.3505
2500 34.7853
2500 35.1651
2500 35.4264
2500 34.942
2500 34.2991
2500 33.258
2500 33.0245
2500 33.085
2500 33.4173
2500 33.0582
2500 32.7393
2500 32.6764
2500 32.8897
2500 32.8767
2500 32.9894
2500 33.6304
2500 33.5561
2500 34.0983
2500 34.3029
2500 34.0359
2500 33.9673
2500 34.3579
2500 34.276
2500 34.2499
2500 34.1133
2500 34.3938
2500 34.01
2500 34.1216
2500 33.9604
2500 33.5201
2500 33.6958
2500 33.9568
2500 34.3205
2500 34.5563
2500 34.004
2500 34.5471
2500 34.7681
2500 34.1435
2500 34.3898
2500 34.7225
2500 35.0902
2500 34.6592
2500 34.7681
2500 33.9511
2500 33.668
2500 33.9142
2500 33.986
2500 34.2376
2500 34.5267
2500 34.261
2500 33.7937
2500 33.658
2500 34.0506
2500 33.4381
2500 33.5948
2500 33.5005
2500 34.0489
2500 34.0227
2500 33.3649
2500 33.373
2500 32.9519
2500 33.0606
2500 33.6651
2500 33.2965
2500 34.0002
2500 34.1329
2500 34.2834
2500 34.205
2500 33.6639
2500 34.6103
2500 34.9567
2500 33.7961
2500 33.4495
2500 33.3191
2500 33.1427
2500 33.6317
2500 34.0716
2500 33.4665
2500 34.1544
2500 34.5665
2500 34.4687
2500 34.4453
2500 35.0721
2500 34.7198
2500 35.0429
2500 34.9172
2500 34.2034
2500 34.4319
2500 34.8584
2500 35.1143
2500 35.4465
2500 35.5892
2500 36.0147
2500 35.6312
2500 36.0329
2500 35.687
2500 35.6832
2500 35.6543
2500 36.3502
2500 36.0802
2500 35.8927
2500 36.2065
2500 36.3948
2500 35.6254
2500 35.2588
2500 34.7284
2500 34.6496
2500 35.0804
2500 34.7428
2500 34.2681
2500 34.8155
2500 34.8986
2500 34.2042
2500 33.9497
2500 33.9947
2500 33.79
2500 34.0794
2500 34.2202
2500 33.8092
2500 33.946
2500 34.0135
2500 34.1442
2500 34.0674
2500 33.171
2500 33.5015
2500 34.0602
2500 34.3245
2500 34.1314
2500 34.5274
2500 34.344
2500 34.3288
2500 34.4478
2500 34.7908
2500 34.8043
2500 34.9392
2500 35.2352
2500 35.4416
2500 36.5075
2500 35.996
2500 35.6777
2500 35.5186
2500 35.5797
2500 35.9692
2500 35.8893
2500 35.71
2500 36.1787
2500 36.3954
2500 36.4284
2500 36.9866
2500 36.439
2500 36.7469
2500 36.9258
2500 37.2734
2500 37.2355
2500 38.1187
2500 37.6652
2500 37.043
2500 36.9644
2500 36.029
2500 35.5818
2500 34.6584
2500 33.8259
2500 33.6266
2500 33.6901
2500 33.6999
2500 33.1343
2500 33.1242
2500 32.8365
2500 32.5835
2500 32.3372
2500 32.307
2500 32.4802
2500 32.1912
2500 32.8506
2500 32.95
2500 32.5118
2500 33.0278
2500 32.8161
2500 32.9855
2500 32.5503
2500 32.8831
2500 33.2553
2500 33.2561
2500 33.3476
2500 33.514
2500 34.0317
2500 33.7088
2500 33.9689
2500 34.3724
2500 34.0771
2500 34.468
2500 34.8744
2500 34.4321
2500 34.6372
2500 34.2272
2500 34.2418
2500 33.7565
2500 34.128
2500 34.6498
2500 34.908
2500 35.0025
2500 35.2892
2500 35.2525
2500 35.3122
2500 34.9507
2500 35.5081
2500 34.8931
2500 35.0977
2500 35.0271
2500 35.5364
2500 35.6829
2500 35.4045
2500 34.5728
2500 35.0353
2500 34.8725
2500 34.3216
2500 34.2129
2500 34.005
2500 34.8782
2500 35.2105
2500 35.0106
2500 34.7155
2500 34.3457
2500 34.3088
2500 34.2167
2500 34.4122
2500 34.4629
2500 33.9885
2500 34.5296
2500 34.0339
2500 33.8297
2500 33.8221
2500 34.3061
2500 34.1991
2500 34.3245
2500 34.2087
2500 34.2613
2500 34.4134
2500 34.261
2500 35.3664
2500 35.7283
2500 35.753
2500 35.6808
2500 35.7347
2500 36.4858
2500 36.8032
2500 36.645
2500 36.6818
2500 36.665
2500 36.9208
2500 37.239
2500 37.5815
2500 37.3555
2500 37.9287
2500 37.0288
2500 36.9201
2500 37.0247
2500 37.0102
2500 36.0898
2500 36.1122
2500 35.6485
2500 35.7269
2500 35.0519
2500 34.8204
2500 34.817
2500 34.8085
2500 34.9441
2500 35.4113
2500 34.8705
2500 35.1833
2500 35.2156
2500 35.2149
2500 34.9297
2500 35.3365
2500 35.4009
2500 34.9597
2500 35.192
2500 34.9966
2500 35.2993
2500 35.2767
2500 35.2681
2500 35.2161
2500 35.2329
2500 35.6518
2500 35.5065
2500 35.7939
2500 35.8706
2500 35.6964
2500 35.1326
2500 35.4043
2500 35.8196
2500 36.3171
2500 36.7328
2500 36.3634
2500 36.127
2500 36.5767
2500 36.2855
2500 36.6441
2500 36.3102
2500 36.5397
2500 36.7391
2500 37.0278
2500 37.2867
2500 37.9672
2500 38.9719
2500 38.8724
2500 37.8923
2500 37.311
2500 37.406
2500 37.729
2500 37.6927
2500 37.2433
2500 37.396
2500 37.6788
2500 36.915
2500 36.8559
2500 37.1049
2500 36.8797
2500 37.1929
2500 37.4599
2500 37.6383
2500 38.2578
2500 37.7285
2500 37.5812
2500 36.8823
2500 36.9011
2500 37.0406
2500 36.9821
2500 37.3941
2500 36.8008
2500 36.7353
2500 36.6679
2500 36.3546
2500 36.3711
2500 36.0952
2500 36.2529
2500 36.0009
2500 36.1616
2500 36.8221
2500 36.556
2500 36.1677
2500 35.4813
2500 35.4388
2500 35.8383
2500 35.8838
2500 35.8713
2500 36.3228
2500 36.1827
2500 36.2861
2500 35.8529
2500 35.5245
2500 35.9938
2500 36.0327
2500 36.3015
2500 36.9166
2500 37.3291
2500 36.5898
2500 36.126
2500 36.7195
2500 36.9599
2500 36.7938
2500 37.0899
2500 37.0655
2500 37.6547
2500 37.2016
2500 37.5324
2500 37.3518
2500 37.3022
2500 37.3057
2500 37.3364
2500 38.0645
2500 38.0082
2500 37.7052
2500 37.2585
2500 37.4678
2500 37.6141
2500 38.1393
2500 38.1751
2500 37.6796
2500 37.5572
2500 37.0697
2500 37.3458
2500 37.5456
2500 38.0155
2500 38.5609
2500 38.8453
2500 38.8149
2500 38.7488
2500 38.7046
2500 38.6685
2500 39.2675
2500 38.4399
2500 38.4674
2500 38.239
2500 37.252
2500 36.617
2500 36.2691
2500 36.194
2500 36.3108
2500 36.0685
2500 35.7652
2500 35.6537
2500 35.8024
2500 35.7716
2500 35.7513
2500 35.611
2500 35.8858
2500 36.0113
2500 35.6739
2500 35.8366
2500 35.8117
2500 36.0581
2500 35.8062
2500 35.9907
2500 35.9562
2500 35.6877
2500 35.7189
2500 35.7216
2500 35.9164
2500 36.3231
2500 36.7025
2500 36.5135
2500 37.165
2500 37.4045
2500 38.0582
2500 38.0925
2500 38.1555
2500 37.7449
2500 37.7802
2500 37.6847
2500 37.2152
2500 37.1373
2500 36.5844
2500 36.635
2500 36.213
2500 36.5611
2500 37.394
2500 37.7559
2500 37.401
2500 37.1973
2500 37.5229
2500 37.2719
2500 38.1384
2500 37.8096
2500 37.8139
2500 38.4102
2500 38.9747
2500 38.3322
2500 38.7696
2500 38.49
2500 37.938
2500 37.8118
2500 37.5406
2500 37.5466
2500 37.4619
2500 37.5199
2500 37.7357
2500 37.61
2500 37.1172
2500 37.318
2500 37.1334
2500 37.533
2500 37.4231
2500 37.5352
2500 37.5165
2500 37.8185
2500 37.7644
2500 38.1236
2500 37.4586
2500 37.5325
2500 37.3883
2500 37.3444
2500 36.8417
2500 36.9618
2500 36.9402
2500 36.7114
2500 36.5094
2500 36.5682
2500 37.1362
2500 36.6706
2500 36.0437
2500 35.8738
2500 35.5178
2500 35.1505
2500 35.2528
2500 35.5994
2500 35.9347
2500 35.6815
2500 35.3876
2500 35.9662
2500 36.3788
2500 35.9865
2500 36.2847
2500 36.5274
2500 36.2311
2500 37.1066
2500 37.4285
2500 38.0074
2500 37.6818
2500 37.8712
2500 37.7627
2500 37.84
2500 37.9292
2500 37.6948
2500 36.9988
2500 36.1845
2500 36.9734
2500 36.1073
2500 35.6019
2500 35.4626
2500 35.1899
2500 35.6538
2500 35.8626
2500 35.7545
2500 35.468
2500 35.3257
2500 35.4133
2500 36.103
2500 36.8656
2500 37.3507
2500 37.3041
2500 37.0753
2500 37.3858
2500 37.0719
2500 37.1105
2500 36.635
2500 36.8544
2500 36.8301
2500 37.1364
2500 37.3602
2500 37.7708
2500 37.9493
2500 37.6967
2500 37.5248
2500 38.1562
2500 38.1282
2500 38.606
2500 38.3064
2500 39.0153
2500 38.7734
2500 38.8201
2500 39.5237
2500 39.3362
2500 39.2066
2500 38.2369
2500 38.2587
2500 38.4514
2500 38.8141
2500 38.2166
2500 38.7061
2500 39.0113
2500 39.0304
2500 38.5034
2500 38.6825
2500 38.2382
2500 38.3631
2500 38.3936
