2500 71.9986
2500 72.3348
2500 69.7551
2500 69.2287
2500 67.3789
2500 66.4367
2500 65.5095
2500 66.2618
2500 64.6596
2500 63.6989
2500 64.7348
2500 65.0939
2500 64.6774
2500 64.7082
2500 63.9872
2500 62.6626
2500 60.2315
2500 59.1279
2500 58.4684
2500 57.9071
2500 57.073
2500 57.1089
2500 56.5843
2500 56.9586
2500 56.5515
2500 56.9309
2500 57.1294
2500 58.2563
2500 57.7354
2500 58.0122
2500 58.2578
2500 58.9504
2500 58.66
2500 58.9207
2500 58.0155
2500 57.3209
2500 57.2541
2500 56.6901
2500 56.5342
2500 55.6269
2500 55.8749
2500 55.5081
2500 55.6102
2500 55.6739
2500 55.5037
2500 55.2418
2500 54.7335
2500 55.6887
2500 56.047
2500 55.5419
2500 54.8377
2500 54.6887
2500 53.9321
2500 53.5479
2500 54.2039
2500 54.049
2500 54.2966
2500 54.4033
2500 54.5195
2500 54.496
2500 54.3345
2500 54.0291
2500 54.4742
2500 55.0411
2500 53.9816
2500 54.1339
2500 53.9674
2500 53.3432
2500 53.463
2500 53.0104
2500 53.367
2500 52.944
2500 53.7263
2500 53.944
2500 53.4115
2500 53.4813
2500 53.1866
2500 53.7865
2500 52.7526
2500 53.381
2500 52.8711
2500 52.5555
2500 52.232
2500 52.7709
2500 51.9037
2500 51.3734
2500 50.8735
2500 51.5668
2500 50.5897
2500 50.4888
2500 50.4242
2500 50.2419
2500 49.3512
2500 48.9262
2500 49.017
2500 49.3024
2500 49.6435
2500 49.3197
2500 49.1146
2500 49.8615
2500 48.8659
2500 48.3944
2500 48.5781
2500 49.1183
2500 49.0825
2500 49.3091
2500 48.8865
2500 49.4602
2500 49.2618
2500 50.1398
2500 49.6668
2500 50.1603
2500 49.9928
2500 50.4624
2500 50.1101
2500 50.4063
2500 50.6617
2500 51.8174
2500 51.3876
2500 51.1555
2500 49.9196
2500 49.2797
2500 49.3305
2500 49.41
2500 49.0942
2500 48.6926
2500 48.8514
2500 48.2151
2500 47.8255
2500 47.7081
2500 47.693
2500 47.0263
2500 46.8862
2500 47.5802
2500 48.0922
2500 48.0511
2500 48.7586
2500 47.9677
2500 48.3924
2500 48.6694
2500 49.2147
2500 49.112
2500 49.5846
2500 49.6903
2500 49.0624
2500 49.8096
2500 50.1113
2500 50.5035
2500 51.1487
2500 51.623
2500 51.0577
2500 51.1288
2500 50.589
2500 50.1094
2500 48.1291
2500 47.3828
2500 47.4712
2500 46.8391
2500 47.2442
2500 47.0978
2500 47.0573
2500 45.6512
2500 44.8136
2500 44.4947
2500 45.38
2500 45.6235
2500 45.3856
2500 44.3668
2500 44.3827
2500 44.6187
2500 44.4436
2500 44.3846
2500 44.22
2500 43.4681
2500 42.1497
2500 41.6924
2500 41.6278
2500 41.8911
2500 42.3737
2500 41.9626
2500 41.6214
2500 41.4474
2500 41.4087
2500 41.1667
2500 41.5363
2500 40.896
2500 40.8501
2500 41.915
2500 41.9092
2500 42.6161
2500 43.1683
2500 42.6123
2500 42.7694
2500 41.5489
2500 41.282
2500 40.9591
2500 42.3269
2500 43.1226
2500 42.1227
2500 41.0913
2500 41.5448
2500 41.5906
2500 42.0458
2500 42.0179
2500 41.3708
2500 41.8326
2500 42.7977
2500 42.2995
2500 41.8388
2500 42.4543
2500 42.0591
2500 41.7628
2500 41.45
2500 41.7417
2500 42.082
2500 41.9644
2500 41.8619
2500 41.2382
2500 40.8037
2500 40.4251
2500 39.9573
2500 40.0297
2500 40.5902
2500 40.3874
2500 40.2273
2500 40.01
2500 40.0853
2500 39.923
2500 40.33
2500 40.9878
2500 41.2284
2500 40.381
2500 40.549
2500 40.5676
2500 40.2213
2500 40.6627
2500 40.5385
2500 40.7565
2500 40.3287
2500 39.9558
2500 40.5283
2500 40.6547
2500 40.248
2500 40.9783
2500 40.8169
2500 40.6396
2500 40.3103
2500 40.5379
2500 40.9558
2500 41.0603
2500 40.5482
2500 40.6673
2500 41.0918
2500 40.9821
2500 41.7733
2500 41.7791
2500 41.8247
2500 41.6424
2500 41.6874
2500 41.6344
2500 42.0324
2500 41.0319
2500 40.9539
2500 40.7993
2500 40.6186
2500 41.222
2500 40.7298
2500 41.2128
2500 41.6542
2500 41.806
2500 41.8448
2500 41.4391
2500 41.7874
2500 41.8542
2500 41.8023
2500 42.3168
2500 42.3782
2500 42.4826
2500 42.4554
2500 41.9681
2500 41.9358
2500 42.3845
2500 42.823
2500 42.755
2500 41.8916
2500 41.6338
2500 41.6804
2500 42.3355
2500 42.0726
2500 42.5275
2500 41.8678
2500 41.6673
2500 42.0728
2500 42.2589
2500 42.3395
2500 42.4059
2500 41.9996
2500 42.3795
2500 42.4499
2500 42.3032
2500 42.1938
2500 42.6514
2500 41.9243
2500 41.706
2500 41.7005
2500 41.6683
2500 41.1253
2500 40.9181
2500 40.8806
2500 41.3552
2500 41.0144
2500 41.1438
2500 40.7391
2500 40.8106
2500 40.9503
2500 41.3613
2500 41.9391
2500 41.6919
2500 41.1767
2500 40.5326
2500 40.5606
2500 40.9713
2500 40.3871
2500 40.285
2500 39.9121
2500 40.2778
2500 40.375
2500 40.7141
2500 41.6893
2500 42.1159
2500 42.7104
2500 43.0443
2500 42.6828
2500 42.4892
2500 42.4017
2500 43.1139
2500 42.7038
2500 42.7318
2500 42.3034
2500 41.7618
2500 41.2868
2500 41.6023
2500 41.5799
2500 41.8631
2500 42.2728
2500 43.0212
2500 43.5581
2500 42.9607
2500 43.155
2500 43.1947
2500 43.5278
2500 42.5558
2500 42.3778
2500 42.8063
2500 43.3953
2500 43.1285
2500 42.719
2500 42.8828
2500 41.5134
2500 41.8809
2500 41.8377
2500 42.2072
2500 42.8279
2500 43.5036
2500 43.2748
2500 43.1546
2500 43.3975
2500 43.7721
2500 43.966
2500 43.9974
2500 43.6474
2500 43.5048
2500 43.2951
2500 43.3312
2500 43.4876
2500 43.6647
2500 44.0024
2500 44.4246
2500 43.9299
2500 43.7997
2500 42.888
2500 43.2624
2500 42.7352
2500 41.4895
2500 41.8911
2500 41.5767
2500 41.6881
2500 42.1627
2500 42.4662
2500 42.8354
2500 42.466
2500 42.8662
2500 43.1085
2500 42.9817
2500 43.6522
2500 43.3248
2500 43.5279
2500 43.2063
2500 43.8444
2500 44.2165
2500 43.2117
2500 43.0306
2500 43.4744
2500 42.8313
2500 42.8151
2500 42.7802
2500 42.9036
2500 43.1194
2500 43.5417
2500 43.8979
2500 43.8852
2500 43.1982
2500 42.9949
2500 42.7897
2500 42.6374
2500 42.718
2500 42.9187
2500 43.6159
2500 43.193
2500 42.8809
2500 43.0416
2500 43.3055
2500 43.0849
2500 43.4933
2500 43.6977
2500 44.0759
2500 44.6853
2500 44.7563
2500 44.6728
2500 45.2366
2500 45.605
2500 45.7016
2500 45.756
2500 46.1904
2500 45.5908
2500 45.6002
2500 44.4616
2500 44.6349
2500 43.7378
2500 44.1345
2500 44.6104
2500 43.3984
2500 41.9792
2500 42.1604
2500 41.787
2500 41.6418
2500 42.1383
2500 41.7335
2500 42.2775
2500 42.1491
2500 41.9665
2500 42.0622
2500 42.7615
2500 42.3911
2500 43.0259
2500 42.938
2500 42.674
2500 43.007
2500 41.9619
2500 42.4379
2500 42.5833
2500 42.3602
2500 42.1725
2500 42.9866
2500 42.6646
2500 42.3977
2500 42.7323
2500 43.0822
2500 43.2064
2500 42.2961
2500 41.5547
2500 42.3265
2500 42.0744
2500 41.9531
2500 43.3142
2500 43.6158
2500 43.7529
2500 43.7671
2500 44.0734
2500 44.5678
2500 44.6236
2500 45.008
2500 45.4651
2500 44.4835
2500 44.1461
2500 44.6853
2500 44.3958
2500 44.5416
2500 44.9142
2500 44.6839
2500 44.5699
2500 44.5589
2500 44.3674
2500 43.464
2500 42.9705
2500 42.7585
2500 42.0812
2500 42.7596
2500 42.2525
2500 42.6913
2500 43.311
2500 43.2982
2500 42.8802
2500 41.8647
2500 40.6538
2500 39.8286
2500 39.8477
2500 40.0069
2500 40.9825
2500 40.1444
2500 40.0114
2500 39.6285
2500 39.2458
2500 39.1174
2500 39.8787
2500 39.9008
2500 40.7395
2500 40.0428
2500 39.8014
2500 39.7191
2500 40.2901
2500 40.1383
2500 40.8607
2500 40.7943
2500 41.2215
2500 41.0766
2500 41.1799
2500 40.881
2500 41.3699
2500 41.0183
2500 40.7396
2500 41.1503
2500 41.8915
2500 42.5707
2500 42.6595
2500 43.045
2500 42.9827
2500 42.3705
2500 42.7577
2500 42.2011
2500 41.7399
2500 42.2405
2500 42.1267
2500 42.6747
2500 42.8427
2500 43.5725
2500 43.7524
2500 44.0933
2500 44.0256
2500 44.0494
2500 43.6706
2500 43.6162
2500 44.219
2500 44.2781
2500 44.9887
2500 44.2313
2500 44.4082
2500 44.4718
2500 44.8652
2500 44.5939
2500 44.484
2500 44.3565
2500 44.6192
2500 44.1532
2500 44.9832
2500 44.317
2500 45.1023
2500 43.5083
2500 43.4406
2500 43.6843
2500 43.2787
2500 42.0784
2500 41.7245
2500 40.8622
2500 40.8243
2500 39.7843
2500 38.7616
2500 38.1158
2500 38.1588
2500 37.9501
2500 38.176
2500 37.9895
2500 37.6903
2500 37.2228
2500 36.5683
2500 37.2539
2500 37.6394
2500 37.8281
2500 37.8646
2500 38.242
2500 38.6004
2500 38.1023
2500 38.166
2500 38.7465
2500 38.4628
2500 38.2344
2500 39.1744
2500 38.6818
2500 38.8741
2500 38.9999
2500 38.6399
2500 38.564
2500 38.5839
2500 37.7457
2500 38.1007
2500 37.719
2500 37.8541
2500 37.0519
2500 36.9848
2500 36.8285
2500 36.8199
2500 36.4005
2500 35.929
2500 35.479
2500 35.1236
2500 35.7185
2500 35.0362
2500 34.6995
2500 35.9578
2500 35.8471
2500 34.5647
2500 35.338
2500 34.8315
2500 34.2525
2500 34.6626
2500 35.1067
2500 35.5012
2500 36.6371
2500 37.2728
2500 37.7263
2500 38.1329
2500 38.2474
2500 37.5687
2500 36.5696
2500 36.3042
2500 35.7631
2500 35.0054
2500 35.286
2500 34.988
2500 34.9736
2500 34.7533
2500 35.0024
2500 35.9373
2500 34.7893
2500 35.0923
2500 35.7144
2500 35.7453
2500 35.3148
2500 35.49
2500 35.6207
2500 35.729
2500 35.6329
2500 36.1897
2500 35.6692
2500 35.8347
2500 35.9169
2500 36.1591
2500 36.1491
2500 35.792
2500 35.2625
2500 35.0474
2500 35.549
2500 35.5577
2500 35.6759
2500 35.9059
2500 35.2059
2500 35.3407
2500 35.3184
2500 35.1012
2500 34.2731
2500 34.4724
2500 34.2298
2500 34.4854
2500 34.4743
2500 34.2395
2500 34.905
2500 34.3905
2500 34.3406
2500 34.8738
2500 35.2003
2500 35.267
2500 36.0139
2500 35.9278
2500 35.4164
2500 35.6196
2500 35.6366
2500 35.3139
2500 34.6178
2500 34.7561
2500 34.825
2500 35.3016
2500 35.6395
2500 35.8054
2500 36.3647
2500 36.35
2500 35.1574
2500 35.4603
2500 35.6313
2500 35.4489
2500 34.9444
2500 35.401
2500 35.4459
2500 36.361
2500 36.6077
2500 35.8459
2500 35.4608
2500 35.3913
2500 34.9311
2500 35.3928
2500 34.7533
2500 33.9516
2500 34.607
2500 34.7761
2500 34.5554
2500 34.4982
2500 34.3146
2500 34.7522
2500 34.1152
2500 33.8338
2500 33.3284
2500 33.0254
2500 33.6268
2500 33.6647
2500 34.6968
2500 34.5707
2500 34.8419
2500 34.4073
2500 35.3779
2500 35.2395
2500 35.3975
2500 35.5398
2500 34.9534
2500 35.1436
2500 34.9124
2500 34.3214
2500 34.612
2500 34.5244
2500 34.5757
2500 34.8509
2500 33.8124
2500 33.364
2500 33.969
2500 34.463
2500 34.1343
2500 34.7515
2500 34.5277
2500 34.7022
2500 34.5448
2500 34.6789
2500 34.5949
2500 34.7668
2500 34.4537
2500 34.2856
2500 33.7521
2500 33.3706
2500 34.1344
2500 34.5326
2500 34.6076
2500 34.7908
2500 34.5264
2500 34.5576
2500 34.8719
2500 34.1814
2500 34.4285
2500 34.4681
2500 35.0362
2500 34.8265
2500 34.674
2500 34.983
2500 35.0325
2500 35.1682
2500 35.2293
2500 34.5437
2500 35.3213
2500 34.9676
2500 35.2587
2500 35.1542
2500 35.3335
2500 34.7791
2500 34.6888
2500 34.5142
2500 34.4354
2500 33.9908
2500 34.0985
2500 33.9579
2500 34.3605
2500 34.5945
2500 34.5466
2500 35.1323
2500 34.734
2500 35.2568
2500 34.9451
2500 35.0655
2500 35.1743
2500 35.6827
2500 35.3236
2500 35.5406
2500 35.4943
2500 35.8114
2500 36.188
2500 35.8221
2500 36.2624
2500 35.4406
2500 35.4249
2500 35.7572
2500 36.1065
2500 35.4751
2500 35.2972
2500 35.5102
2500 35.6003
2500 35.0924
2500 34.4416
2500 34.2956
2500 34.3162
2500 34.3131
2500 34.1075
2500 34.1833
2500 33.8194
2500 33.1621
2500 33.0445
2500 32.2358
2500 32.7085
2500 32.6421
2500 32.854
2500 32.8662
2500 32.693
2500 32.4497
2500 32.5813
2500 32.8967
2500 32.3452
2500 32.8929
2500 32.7771
2500 33.7604
2500 33.8601
2500 33.35
2500 32.9685
2500 32.7515
2500 32.2968
2500 32.0596
2500 31.9564
2500 32.6682
2500 32.7823
2500 33.0257
2500 33.2308
2500 33.7873
2500 33.2704
2500 32.9177
2500 33.107
2500 32.1952
2500 31.7206
2500 31.5583
2500 31.0432
2500 31.3875
2500 31.4687
2500 31.3112
2500 30.8346
2500 30.9963
2500 31.0279
2500 30.72
2500 31.0017
2500 31.1822
2500 30.9588
2500 30.9478
2500 31.1997
2500 31.3055
2500 31.2729
2500 31.2163
2500 31.1641
2500 31.4584
2500 32.2755
2500 33.0158
2500 32.6379
2500 32.6109
2500 32.0808
2500 32.3572
2500 32.7304
2500 33.0583
2500 32.9114
2500 32.9264
2500 32.8396
2500 33.2784
2500 32.893
2500 32.7477
2500 32.5364
2500 32.625
2500 32.7326
2500 32.8353
2500 32.567
2500 32.4989
2500 32.8546
2500 31.9091
2500 31.3631
2500 31.7171
2500 31.4153
2500 31.808
2500 32.0353
2500 31.9004
2500 31.9699
2500 31.6303
2500 31.2466
2500 31.1546
2500 31.2303
2500 31.7853
2500 31.0694
2500 31.8207
2500 31.7061
2500 31.6847
2500 32.0134
2500 32.3032
2500 32.3012
2500 32.1414
2500 32.4933
2500 33.1188
2500 33.6287
2500 33.7183
2500 33.4975
2500 33.8924
2500 33.3977
2500 34.3921
2500 34.173
2500 33.9147
2500 34.7705
2500 34.4167
2500 34.186
2500 34.2583
2500 34.5255
2500 34.4723
2500 34.7193
2500 34.5328
2500 33.552
2500 34.3201
2500 34.4048
2500 33.4998
2500 34.0384
2500 34.7103
2500 34.7009
2500 34.4494
2500 34.6691
2500 34.3201
2500 34.1373
2500 34.0039
2500 33.8192
2500 33.801
2500 34.0156
2500 33.6514
2500 33.4094
2500 34.1634
2500 34.1869
2500 34.0774
2500 34.3354
2500 33.6089
2500 33.6845
2500 32.9019
2500 32.4355
2500 31.9531
2500 32.7155
2500 33.3319
2500 33.0393
2500 32.6144
2500 32.0866
2500 31.9173
2500 31.7833
2500 31.5734
2500 30.9958
2500 31.1049
2500 31.5149
2500 31.4962
2500 31.3878
2500 31.2551
2500 31.525
2500 30.6491
2500 31.039
2500 31.0507
2500 30.8839
2500 30.834
2500 30.4922
2500 30.6294
2500 30.2828
2500 30.5517
2500 30.5117
2500 30.7856
2500 30.7921
2500 30.648
2500 30.3289
2500 30.4585
2500 30.0721
2500 29.564
2500 29.4808
2500 29.4692
2500 29.8648
2500 29.6621
2500 30.4723
2500 29.4673
2500 30.0347
2500 29.9188
2500 30.2772
2500 30.7344
2500 30.0722
2500 29.433
2500 29.8511
2500 29.933
2500 30.2087
2500 31.2858
2500 31.8177
2500 30.9192
2500 30.9569
2500 30.7774
2500 30.6743
2500 30.3586
2500 29.5225
2500 28.9378
2500 29.1356
2500 28.7546
2500 28.2834
2500 27.7828
2500 28.0081
2500 28.6376
2500 28.5764
2500 28.9087
2500 29.5863
2500 29.5535
2500 29.7712
2500 30.1304
2500 29.7098
2500 29.9567
2500 28.9629
2500 28.8142
2500 28.4799
2500 28.3831
2500 27.8529
2500 28.0274
2500 27.3308
2500 27.2256
2500 27.3108
2500 27.0979
2500 26.1636
2500 26.1371
2500 26.1236
2500 25.7146
2500 25.9084
2500 25.4312
2500 25.3746
2500 25.2227
2500 25.5788
2500 25.4031
2500 25.4559
2500 25.7368
2500 25.8092
2500 25.7889
2500 26.0856
2500 25.6046
2500 25.7764
2500 25.7618
2500 25.808
2500 25.8837
2500 25.6447
2500 25.512
2500 25.3984
2500 25.5275
2500 25.5108
2500 25.6508
2500 25.5679
2500 25.6552
2500 26.0411
2500 26.5805
2500 26.1127
2500 25.8986
2500 25.3344
2500 25.2693
2500 25.2978
2500 25.3842
2500 25.35
2500 25.7642
2500 25.9611
2500 25.8361
2500 25.4784
2500 25.5418
2500 25.1349
2500 25.9027
2500 25.8275
2500 25.7709
2500 25.7934
2500 25.8532
2500 25.3868
2500 25.1596
2500 25.8643
2500 26.15
2500 26.8539
2500 26.8461
2500 26.4905
2500 25.8309
2500 25.8415
2500 25.8696
2500 25.9981
2500 25.6884
2500 25.1786
2500 25.0825
2500 25.1723
2500 25.405
2500 25.5136
2500 25.569
2500 25.2869
2500 25.2118
2500 25.6403
2500 25.1918
2500 25.3502
2500 24.8957
2500 25.227
2500 25.2776
2500 25.5314
2500 25.4548
2500 25.5174
2500 24.5102
2500 24.6295
2500 24.0296
2500 24.1735
2500 24.0154
2500 23.738
2500 23.8591
2500 23.9356
2500 23.6496
2500 23.665
2500 23.5943
2500 23.633
2500 23.9062
2500 23.9226
2500 23.9708
2500 23.6192
2500 23.6449
2500 23.7078
2500 24.1183
2500 24.3356
2500 24.6812
2500 24.9324
2500 25.2162
2500 25.2849
2500 25.2395
2500 25.1372
2500 25.1037
2500 24.7874
2500 24.5642
2500 24.4374
2500 24.9107
2500 25.643
2500 25.406
2500 25.1503
2500 25.1406
2500 24.846
2500 24.7006
2500 24.9381
2500 24.9402
2500 24.8868
2500 24.8397
2500 24.6703
2500 24.4308
2500 24.3861
2500 23.9731
2500 24.0684
2500 24.364
2500 24.4266
2500 24.3354
2500 24.8907
2500 24.9264
2500 25.1662
2500 26.0888
2500 26.2365
2500 25.5114
2500 25.4298
2500 25.3581
2500 24.5444
2500 25.2771
2500 25.2948
2500 25.351
2500 25.6459
2500 25.354
2500 25.8207
2500 25.676
2500 25.7035
2500 25.3644
2500 25.1916
2500 25.4144
2500 25.4283
2500 24.9075
2500 25.1816
2500 25.3155
2500 25.7615
2500 25.5199
2500 25.3848
2500 25.636
2500 25.3475
2500 25.7788
2500 25.0826
2500 24.7102
2500 24.5205
2500 24.7979
2500 24.5323
2500 24.2323
2500 23.8783
2500 23.8947
2500 23.6746
2500 24.3954
2500 24.1767
2500 24.4553
2500 24.4281
2500 23.9784
2500 23.9957
2500 23.8459
2500 23.5191
2500 23.651
2500 23.2745
2500 23.5939
2500 23.8513
2500 23.9226
2500 24.1744
2500 24.3274
2500 24.9971
2500 24.1555
2500 24.0612
2500 24.6999
2500 23.8675
2500 24.0415
2500 24.0647
2500 24.3408
2500 24.5909
2500 24.8316
2500 24.6015
2500 24.2049
2500 24.0138
2500 24.3175
2500 24.1905
2500 24.0021
2500 23.9115
2500 23.8088
2500 24.0148
2500 23.9859
2500 23.8062
2500 23.9078
2500 23.6718
2500 24.0884
2500 24.054
2500 24.0493
2500 24.1756
2500 24.1291
2500 24.5298
2500 24.8565
2500 25.384
2500 25.0583
2500 24.619
2500 24.3793
2500 24.4739
2500 24.7784
2500 24.5798
2500 24.7823
2500 24.859
2500 24.2659
2500 24.2382
2500 23.9034
2500 24.1047
2500 24.4591
2500 24.7434
2500 23.9715
2500 23.8419
2500 23.4362
2500 23.9811
2500 24.3663
2500 24.0459
2500 24.454
2500 24.5046
2500 24.2232
2500 24.4122
2500 24.3299
2500 24.4937
2500 24.5619
2500 25.0169
2500 24.8376
2500 24.8463
2500 24.3382
2500 24.5381
2500 24.2363
2500 24.4708
2500 24.5974
2500 24.4635
2500 24.7612
2500 24.2243
2500 24.2056
2500 24.4334
2500 24.3495
2500 24.3916
2500 24.1962
2500 24.3824
2500 24.0613
2500 24.3198
2500 24.3328
2500 24.1765
2500 24.3092
2500 24.7851
2500 24.4679
2500 24.1701
2500 24.4243
2500 23.9291
2500 24.1176
2500 24.2425
2500 24.1882
2500 23.9699
2500 24.5008
2500 23.8413
2500 24.2424
2500 23.3794
2500 23.453
2500 23.8952
2500 23.4196
2500 23.5106
2500 23.1846
2500 23.3201
2500 23.2327
2500 23.634
2500 22.9013
2500 22.5598
2500 22.1015
2500 21.9949
2500 22.3493
2500 22.4555
2500 22.1569
2500 22.2512
2500 22.5498
2500 21.781
2500 21.3988
2500 21.3327
2500 21.4525
2500 21.304
2500 21.4328
2500 21.1155
2500 21.1831
2500 21.3359
2500 21.4733
2500 21.2784
2500 21.1951
2500 21.1086
2500 21.5387
2500 21.3772
2500 21.1047
2500 21.0545
2500 20.7339
2500 20.5508
2500 20.5303
2500 20.9632
2500 20.8207
2500 20.6043
2500 20.3929
2500 20.2962
2500 20.0325
2500 20.5376
2500 20.5532
2500 20.0547
2500 19.633
2500 19.6895
2500 19.8813
2500 19.9067
2500 20.3981
2500 20.4689
2500 20.6141
2500 20.6051
2500 19.8326
2500 20.0843
2500 19.9191
2500 19.5163
2500 18.9212
2500 18.8237
2500 18.8873
2500 18.2824
2500 18.321
2500 18.5858
2500 18.4932
2500 18.6257
2500 18.619
2500 18.8462
2500 18.3242
2500 18.4526
2500 18.4778
2500 18.246
2500 18.332
2500 18.4243
2500 18.6642
2500 18.4664
2500 18.0703
2500 17.8267
2500 17.8551
2500 18.0818
2500 18.1906
2500 18.301
2500 18.2555
2500 18.1548
2500 18.0789
2500 18.1311
2500 18.4635
2500 18.4115
2500 18.4731
2500 18.94
2500 18.443
2500 18.3536
2500 18.1474
2500 18.3109
2500 18.3558
2500 18.2143
2500 18.4521
2500 18.0625
2500 17.9563
2500 18.2106
2500 18.4115
2500 19.1119
2500 18.8025
2500 18.93
2500 18.8429
2500 18.8859
2500 18.477
2500 18.7262
2500 18.4123
2500 18.5461
2500 18.3606
2500 18.2151
2500 18.5753
2500 18.5162
2500 18.7401
2500 18.6153
2500 18.8067
2500 18.8358
2500 18.6153
2500 18.3349
2500 18.2677
2500 18.2175
2500 18.4806
2500 18.3213
2500 18.4787
2500 18.054
2500 18.3149
2500 18.2421
2500 18.2675
2500 18.2933
2500 18.5616
2500 18.2953
2500 18.322
2500 18.363
2500 18.3543
2500 18.2676
2500 18.863
2500 18.8823
2500 18.6012
2500 18.8995
2500 18.9256
2500 18.6634
2500 18.6931
2500 19.0257
2500 18.4352
2500 18.4373
2500 17.839
2500 17.7771
2500 17.3973
2500 17.2561
2500 17.0249
2500 17.052
2500 16.8236
2500 16.761
2500 17.3448
2500 17.2493
2500 17.2555
2500 16.9239
2500 16.7378
2500 16.7521
2500 16.5364
2500 16.8659
2500 16.5241
2500 16.854
2500 16.5893
2500 16.8064
2500 16.8652
2500 16.9651
2500 16.8194
2500 16.8658
2500 16.5341
2500 17.2187
2500 17.1448
2500 16.7604
2500 16.6592
2500 16.552
2500 16.4511
2500 16.2882
2500 15.8284
2500 16.0333
2500 15.9419
2500 15.8064
2500 15.5306
2500 15.7423
2500 15.7216
2500 15.7393
2500 15.4665
2500 14.9318
2500 14.9557
2500 14.8718
2500 14.8848
2500 14.8374
2500 15.3402
2500 15.5259
2500 15.2352
2500 15.1267
2500 15.1356
2500 14.8654
2500 14.8712
2500 15.0023
2500 15.1532
2500 15.1426
2500 15.3804
2500 15.34
2500 15.6277
2500 15.3535
2500 15.528
2500 15.2156
2500 15.3065
2500 15.5538
2500 15.972
2500 15.2328
2500 15.1002
2500 14.9703
2500 15.1737
2500 15.2876
2500 15.3576
2500 15.0985
2500 15.2511
2500 15.2948
2500 14.9425
2500 14.917
2500 14.9064
2500 15.0782
2500 15.1457
2500 15.0591
2500 15.2231
2500 15.0353
2500 15.1481
2500 15.005
2500 14.9859
2500 14.8106
2500 14.6415
2500 14.8529
2500 14.9124
2500 14.912
2500 15.1436
2500 15.1309
2500 14.6211
2500 14.5735
2500 14.7246
2500 14.6478
2500 14.6829
2500 14.6907
2500 14.79
2500 14.7835
2500 14.7612
2500 15.0211
2500 14.7067
2500 14.8053
2500 14.9217
2500 15.0069
2500 14.9488
2500 14.8705
2500 14.8402
2500 14.7577
2500 14.6637
2500 14.5094
2500 14.9935
2500 15.2927
2500 15.0138
2500 15.3602
2500 14.8545
2500 14.8957
2500 14.9107
2500 14.3401
2500 14.4998
2500 14.6926
2500 14.8446
2500 14.6333
2500 14.8704
2500 14.9489
2500 14.9381
2500 14.9919
2500 14.6244
2500 14.7505
2500 14.46
2500 14.7575
2500 14.4352
2500 13.9404
2500 13.7813
2500 13.8974
2500 13.8215
2500 13.6622
2500 13.5569
2500 13.4408
2500 13.4817
2500 13.5036
2500 13.5751
2500 13.6465
2500 13.7526
2500 13.8011
2500 13.7403
2500 13.7603
2500 13.7769
2500 13.7628
2500 13.7986
2500 13.9756
2500 13.9185
2500 14.1162
2500 13.8398
2500 13.9328
2500 14.2281
2500 14.0676
2500 14.247
2500 14.1979
2500 14.1493
2500 14.1714
2500 13.9973
2500 14.0348
2500 13.8671
2500 13.8686
2500 13.7517
2500 13.7191
2500 13.8164
2500 13.9482
2500 13.8527
2500 14.0009
2500 13.9501
2500 13.954
2500 13.7849
2500 13.8453
2500 13.7835
2500 13.5366
2500 13.6101
2500 13.4731
2500 13.5466
2500 13.5439
2500 13.4684
2500 13.4213
2500 13.3904
2500 13.3207
2500 13.226
2500 13.4243
2500 13.5109
2500 13.3663
2500 13.5188
2500 13.6172
2500 13.7437
2500 13.6481
2500 13.5818
2500 13.4252
2500 13.4344
2500 13.3826
2500 13.285
2500 13.2979
2500 13.2382
2500 13.1893
2500 13.1631
2500 13.0976
2500 13.0739
2500 13.0901
2500 13.1653
2500 13.1127
2500 13.1103
2500 13.3126
2500 13.3227
2500 13.269
2500 13.3614
2500 13.4265
2500 13.4419
2500 13.3974
2500 13.2801
2500 13.3041
2500 13.3301
2500 13.2547
2500 13.2372
2500 13.1387
2500 13.2325
2500 13.0694
2500 13.0619
2500 13.1885
2500 13.1898
2500 13.2709
2500 13.1819
2500 13.4258
2500 13.3722
2500 13.4663
2500 13.4121
2500 13.461
2500 13.3083
2500 13.4699
2500 13.3487
2500 13.4532
2500 13.4092
2500 13.5846
2500 13.5982
2500 13.9599
2500 14.0241
2500 14.03
2500 13.9526
2500 13.6475
2500 14.0407
2500 13.7533
2500 14.1166
2500 14.4142
2500 14.0837
2500 14.375
2500 14.6742
2500 14.5134
2500 13.905
2500 13.9101
2500 13.5317
2500 14.1136
2500 13.7912
2500 13.4958
2500 13.6808
2500 13.9179
2500 13.3197
2500 13.3176
2500 13.3512
2500 13.3464
2500 13.2424
2500 13.2358
2500 13.2415
2500 13.7367
2500 13.7474
2500 13.6068
2500 13.5901
2500 13.9991
2500 13.9213
2500 13.9652
2500 13.4543
2500 13.5342
2500 13.4286
2500 13.528
2500 13.4662
2500 13.4
2500 13.4215
2500 13.3043
2500 13.2683
2500 13.2659
2500 13.448
2500 13.5234
2500 13.4566
2500 13.3883
2500 13.3847
2500 13.4296
2500 13.4604
2500 13.439
2500 13.4776
2500 13.4349
2500 13.4531
2500 13.5077
2500 13.7387
2500 13.8012
2500 13.5887
2500 13.745
2500 14.1129
2500 13.8126
2500 13.6526
2500 13.6185
2500 13.7592
2500 13.6011
2500 13.5546
2500 13.4718
2500 13.6489
2500 13.7036
2500 14.0326
2500 13.99
2500 13.9985
2500 13.9474
2500 13.9371
2500 13.9681
2500 14.2171
2500 14.3013
2500 14.147
2500 14.2328
2500 14.1579
2500 14.0971
2500 13.9818
2500 13.6494
2500 13.8659
2500 13.9162
2500 14.0003
2500 13.9942
2500 13.9549
2500 13.8556
2500 13.8453
2500 13.9218
2500 14.1059
2500 13.9186
2500 14.1059
2500 14.105
2500 13.8688
2500 13.8651
2500 13.7899
2500 13.7559
2500 14.0577
2500 14.0783
2500 14.1729
2500 13.9822
2500 13.9952
2500 13.8457
2500 14.2004
2500 14.1758
2500 14.3725
2500 13.9072
2500 13.8809
2500 13.8472
2500 13.8364
2500 14.2149
2500 13.9461
2500 14.0352
2500 13.7894
2500 13.7465
2500 13.7826
2500 13.8531
2500 13.8356
2500 13.6249
2500 13.7355
2500 13.937
2500 14.1028
2500 13.5778
2500 13.4503
2500 13.5475
2500 13.5281
2500 13.6497
2500 13.4149
2500 13.4035
2500 13.6152
2500 14.0649
2500 13.8202
2500 14.1253
2500 14.0265
2500 14.3545
2500 14.444
2500 14.8081
2500 14.4082
2500 14.2917
2500 14.4482
2500 14.2789
2500 14.0346
2500 13.949
2500 14.1013
2500 14.1709
2500 14.0236
2500 13.5521
2500 13.7001
2500 13.6376
2500 13.6076
2500 13.4987
2500 13.5162
2500 13.5329
2500 13.871
2500 13.6115
2500 13.7065
2500 13.9183
2500 13.7697
2500 13.6695
2500 13.5824
2500 13.4439
2500 13.4765
2500 13.4307
2500 13.4569
2500 13.3989
2500 13.3974
2500 13.4078
2500 13.4436
2500 13.4017
2500 13.3595
2500 13.4018
2500 13.5274
2500 13.73
2500 13.9615
2500 13.7261
2500 13.4792
2500 13.5078
2500 13.4352
2500 13.4132
2500 13.4772
2500 13.5575
2500 13.7966
2500 13.7119
2500 13.6401
2500 13.6394
2500 13.6546
2500 13.7449
2500 13.7211
2500 13.8299
2500 13.6382
2500 13.7425
2500 13.8341
2500 13.5981
2500 13.592
2500 13.6282
2500 13.5762
2500 13.7924
2500 13.8034
2500 13.9462
2500 13.9465
2500 13.9914
2500 13.9042
2500 14.2275
2500 14.4943
2500 14.0427
2500 13.9712
2500 13.8616
2500 14.0254
2500 13.7268
2500 13.8782
2500 13.9706
2500 13.9292
2500 14.0215
2500 14.1389
2500 13.7138
2500 13.5839
2500 13.4671
2500 13.5143
2500 13.5438
2500 13.4429
2500 13.301
2500 13.4832
2500 13.391
2500 13.3917
2500 13.4335
2500 13.3782
2500 13.5069
2500 13.3743
2500 13.5765
2500 13.7894
2500 13.4968
2500 13.6687
2500 13.5623
2500 13.2887
2500 13.1342
2500 13.1141
2500 13.119
2500 13.1166
2500 13.1389
2500 13.1765
2500 13.3186
2500 13.3965
2500 13.6153
2500 13.8064
2500 13.4005
2500 13.5898
2500 14.0054
2500 14.009
2500 13.606
2500 13.9683
2500 13.92
2500 14.1648
2500 13.9235
2500 14.1588
2500 13.9401
2500 14.1858
2500 13.9915
2500 14.0155
2500 13.8833
2500 13.9451
2500 14.1174
2500 13.9941
2500 14.1245
2500 14.3244
2500 13.9557
2500 13.9087
2500 14.2332
2500 14.1286
2500 14.18
2500 14.0535
2500 14.0686
2500 14.1068
2500 13.8838
2500 13.771
2500 13.9436
2500 13.907
2500 13.8589
2500 13.7914
2500 13.7778
2500 13.8823
2500 13.5948
2500 13.674
2500 13.8703
2500 13.9087
2500 13.7331
2500 13.8376
2500 13.7259
2500 13.5992
2500 13.6798
2500 14.0225
2500 13.9857
2500 13.7931
2500 13.5789
2500 13.5021
2500 13.4515
2500 13.5352
2500 14.039
2500 14.2121
2500 14.1463
2500 13.6794
2500 13.4597
2500 13.2349
2500 13.343
2500 13.45
2500 13.226
2500 13.1623
2500 13.1535
2500 13.2287
2500 13.0214
2500 13.2285
2500 13.2568
2500 13.2386
2500 13.4527
2500 13.1981
2500 13.3836
2500 13.7522
2500 14.2399
2500 14.1657
2500 14.1062
2500 13.5533
2500 13.412
2500 12.9961
2500 13.0022
2500 12.9159
2500 12.848
2500 12.6664
2500 12.708
2500 12.6264
2500 12.6074
2500 12.6384
2500 12.6263
2500 12.6154
2500 12.6747
2500 12.9315
2500 12.9437
2500 12.8326
2500 13.1257
2500 13.599
2500 13.6045
2500 13.2616
2500 12.992
2500 12.9636
2500 12.6882
2500 12.6682
2500 12.6823
2500 12.809
2500 12.8132
2500 12.8917
2500 12.7588
2500 12.6365
2500 12.6623
2500 12.665
2500 12.5832
2500 12.7092
2500 12.6751
2500 12.6344
2500 12.5683
2500 12.6447
2500 12.7651
2500 12.8745
2500 12.7795
2500 12.666
2500 12.5751
2500 12.6554
2500 12.8282
2500 12.7516
2500 12.9413
2500 12.783
2500 12.9618
2500 12.7921
2500 12.838
2500 12.748
2500 12.7719
2500 12.7936
2500 12.7487
2500 12.6831
2500 12.79
2500 12.9295
2500 12.8397
2500 12.8059
2500 12.7874
2500 12.7431
2500 12.7029
2500 12.6663
2500 12.6644
2500 12.6545
2500 12.6498
2500 12.655
2500 12.6321
2500 12.6874
2500 12.625
2500 12.7834
2500 12.7465
2500 12.8485
2500 13.0021
2500 12.8941
2500 12.7331
2500 12.7602
2500 12.8875
2500 13.1316
2500 12.809
2500 13.0094
2500 12.9308
2500 12.7354
2500 12.7984
2500 12.8682
2500 12.7695
2500 12.8378
2500 12.986
2500 13.1159
2500 13.0933
2500 12.894
2500 12.8364
2500 12.862
2500 13.1139
2500 13.1407
2500 12.9684
2500 12.9458
2500 12.9607
2500 12.9126
2500 13.039
2500 13.0581
2500 13.0744
2500 13.4017
2500 13.0683
2500 13.1332
2500 13.0529
2500 13.3847
2500 13.3826
2500 13.4348
2500 13.4246
2500 13.8245
2500 13.9892
2500 13.8378
2500 13.8751
2500 13.9338
2500 13.9725
2500 13.6573
2500 13.3763
2500 13.4447
2500 13.1301
2500 13.053
2500 13.0321
2500 13.0917
2500 13.1966
2500 13.6914
2500 13.5628
2500 13.2531
2500 13.3185
2500 13.5777
2500 13.5175
2500 13.2725
2500 13.3004
2500 13.3941
2500 13.1279
2500 12.9831
2500 12.9159
2500 13.0023
2500 13.0998
2500 13.0596
2500 12.9533
2500 12.7768
2500 12.8165
2500 12.8438
2500 13.0577
2500 13.119
2500 13.1276
2500 12.9723
2500 13.0348
2500 13.0726
2500 13.1383
2500 12.8622
2500 13.1607
2500 13.0975
2500 13.0412
2500 13.0321
2500 13.0526
2500 13.1822
2500 13.1193
2500 12.9588
2500 12.9761
2500 13.0745
2500 13.0631
2500 13.0437
2500 12.768
2500 12.8689
2500 13.3213
2500 13.408
2500 13.7046
2500 13.5112
2500 13.656
2500 13.3981
2500 13.4887
2500 13.4062
2500 13.3232
2500 13.3605
2500 13.167
2500 13.1474
2500 13.1668
2500 12.9832
2500 13.0023
2500 13.0114
2500 13.0175
2500 12.9409
2500 12.9279
2500 13.145
2500 12.9899
2500 12.985
2500 13.0129
2500 12.9575
2500 12.8858
2500 12.9405
2500 13.0303
2500 12.9723
2500 13.0686
2500 13.0804
2500 13.0657
2500 13.2201
2500 13.4541
2500 13.3412
2500 12.9432
2500 13.0214
2500 13.3025
2500 13.2334
2500 13.3729
2500 13.2505
2500 13.0826
2500 13.2442
2500 13.3771
2500 13.2932
2500 13.4292
2500 13.1657
2500 13.1618
2500 13.2811
2500 13.2163
2500 13.1229
2500 13.0294
2500 13.0809
2500 13.0876
2500 13.4124
2500 13.1618
2500 13.3942
2500 13.1034
2500 12.9825
2500 12.9877
2500 13.354
2500 13.0385
2500 12.8734
2500 13.1438
2500 13.7026
2500 13.3071
2500 13.1955
2500 12.9755
2500 12.8275
2500 12.7967
2500 12.827
2500 12.6915
2500 12.7383
2500 12.7241
2500 12.7093
2500 12.7925
2500 12.704
2500 12.7681
2500 12.6809
2500 12.8875
2500 13.0058
2500 12.9555
2500 12.8064
2500 12.6897
2500 12.6587
2500 12.6073
2500 12.6676
2500 12.7841
2500 12.6857
2500 12.7138
2500 12.6488
2500 12.744
2500 12.7948
2500 12.7478
2500 12.6674
2500 12.6029
2500 12.5959
2500 12.5939
2500 12.5793
2500 12.5922
2500 12.6064
2500 12.5996
2500 12.5945
2500 12.6473
2500 12.633
2500 12.7133
2500 12.9994
2500 13.2429
2500 12.8136
2500 12.7806
2500 13.0375
2500 12.9841
2500 12.8767
2500 12.7399
2500 12.84
2500 12.7668
2500 12.7856
2500 12.9783
2500 12.9651
2500 13.0349
2500 13.129
2500 12.9892
2500 13.3231
2500 12.9024
2500 13.1708
2500 12.8013
2500 12.9959
2500 13.0007
2500 12.9836
2500 12.78
2500 12.8684
2500 12.8461
2500 12.7915
2500 12.8449
2500 12.8377
2500 12.8901
2500 12.9619
2500 13.0531
2500 12.9873
2500 12.8771
2500 12.9451
2500 12.8747
2500 13.0902
2500 13.0848
2500 13.0462
2500 13.0571
2500 13.1218
2500 13.254
2500 13.0197
2500 12.9813
2500 13.1745
2500 13.2317
2500 12.965
2500 12.9942
2500 13.1533
2500 13.256
2500 13.125
2500 13.2305
2500 13.1973
2500 13.2589
2500 13.3805
2500 13.3776
2500 13.6847
2500 13.7261
2500 13.526
2500 13.2849
2500 13.5926
2500 13.357
2500 13.1652
2500 13.0701
2500 13.0939
2500 13.1262
2500 13.1456
2500 13.3102
2500 13.3703
2500 13.317
2500 13.3083
2500 13.2718
2500 13.1922
2500 13.1209
2500 13.0573
2500 13.0511
2500 13.1173
2500 13.5586
2500 13.4628
2500 13.4001
2500 13.1603
2500 13.0484
2500 13.1411
2500 13.0156
2500 13.0276
2500 13.2963
2500 13.294
2500 13.0477
2500 13.3729
2500 13.276
2500 13.3057
2500 13.1323
2500 13.0536
2500 13.1604
2500 13.2409
2500 13.1812
2500 13.1013
2500 13.2776
2500 13.4192
2500 13.5128
2500 13.2998
2500 13.3068
2500 13.0953
2500 13.1282
2500 13.031
2500 13.1187
2500 13.0972
2500 13.0796
2500 13.1784
2500 13.214
2500 13.4713
2500 13.4067
2500 13.5592
2500 13.9554
2500 13.6207
2500 13.4987
2500 13.6406
2500 13.6006
2500 13.0169
2500 12.9464
2500 13.1206
2500 13.0817
2500 13.2426
2500 13.6067
2500 13.4262
2500 13.4054
2500 13.4508
2500 13.4014
2500 13.3627
2500 13.1297
2500 13.2228
2500 13.5298
2500 13.426
2500 13.3985
2500 13.4183
2500 13.2589
2500 13.1843
2500 13.4148
2500 13.365
2500 13.2965
2500 13.3653
2500 13.4104
2500 13.4693
2500 13.3597
2500 13.2509
2500 13.2731
2500 13.3557
2500 13.4795
2500 13.6332
2500 13.5452
2500 13.8991
2500 13.8104
2500 13.8929
2500 14.0883
2500 14.3976
2500 14.2228
2500 14.3665
2500 14.2878
2500 14.2006
2500 14.0835
2500 14.1135
2500 13.8278
2500 13.9443
2500 13.7181
2500 13.6538
2500 13.7131
2500 13.5174
2500 13.4298
2500 13.285
2500 13.1941
2500 12.989
2500 13.0343
2500 13.0958
2500 13.0404
2500 12.9617
2500 13.1625
2500 13.2173
2500 13.0196
2500 13.0921
2500 13.0852
2500 12.8918
2500 12.9736
2500 13.1164
2500 13.0356
2500 12.9825
2500 12.9329
2500 13.0943
2500 13.2982
2500 13.2904
2500 13.5201
2500 13.3343
2500 13.4476
2500 13.4673
2500 13.6125
2500 13.3052
2500 13.1445
2500 13.0688
2500 12.9991
2500 12.9564
2500 13.0542
2500 13.1401
2500 13.0306
2500 13.2365
2500 13.1396
2500 13.0516
2500 13.0068
2500 13.2366
2500 13.125
2500 13.164
2500 13.0754
