4.34654 0
5.20275 2.39437
5.05061 1.53494
5.02234 1.21975
4.94836 1.04625
5.02115 0.927085
5.02006 0.858514
4.97711 0.856887
4.99123 0.7855
5.16085 0.806302
5.21594 0.767518
5.16855 0.711008
5.14659 0.666675
5.24939 0.650379
5.23524 0.623512
5.2591 0.600641
5.16639 0.577051
5.11402 0.555266
5.07449 0.531223
5.05929 0.514527
5.06361 0.497121
5.09292 0.480172
5.10646 0.465927
5.06349 0.453064
5.06603 0.441168
5.04072 0.430839
5.00756 0.419433
5.02694 0.411666
5.00426 0.402571
5.0033 0.395338
5.01128 0.387587
4.9701 0.379909
4.96641 0.376051
4.94452 0.369601
4.92212 0.364025
4.97474 0.367033
4.93942 0.360084
4.93138 0.352602
4.94439 0.346745
4.91452 0.340543
4.91096 0.335866
4.89822 0.331851
4.90166 0.327561
4.95722 0.330749
4.93861 0.325921
4.94905 0.320742
4.93503 0.315556
4.93221 0.313781
4.92233 0.308462
4.91096 0.303667
4.89837 0.299507
4.8946 0.295234
4.89171 0.292677
4.91487 0.291986
4.89113 0.289284
4.89415 0.28627
4.92631 0.285952
4.92994 0.284486
4.91515 0.282396
4.91934 0.279424
4.93137 0.276345
4.93259 0.273651
4.92348 0.2711
4.92686 0.268484
4.93519 0.266416
4.93732 0.263458
4.93093 0.260854
4.92725 0.258089
4.92078 0.256208
4.92929 0.254284
4.90796 0.252352
4.91977 0.250252
4.94965 0.252773
4.94514 0.250108
4.94661 0.248749
4.94792 0.246666
4.96795 0.246749
4.96739 0.244442
4.96162 0.242322
4.96584 0.240376
4.96453 0.238331
4.96209 0.236765
4.94924 0.235351
4.94142 0.233232
4.94973 0.231533
4.96332 0.231525
4.9727 0.23006
4.98941 0.22933
4.97521 0.227876
4.95787 0.226307
4.94872 0.224823
4.94388 0.223144
4.9365 0.22191
4.91995 0.220646
4.91085 0.218897
4.89875 0.217537
4.90089 0.216427
4.89463 0.215375
4.89385 0.214144
4.88909 0.212716
