1.30517 0
1.20462 0.712669
1.36871 0.581258
1.44116 0.486307
1.52301 0.486264
1.47338 0.413358
1.4624 0.365575
1.50991 0.347522
1.55868 0.331702
1.56374 0.318236
1.55065 0.300203
1.58212 0.287393
1.61532 0.279819
1.58953 0.268082
1.57328 0.256847
1.64359 0.270753
1.64507 0.263488
1.67352 0.256034
1.74392 0.258054
1.74857 0.249031
1.73524 0.238455
1.74304 0.232639
1.74093 0.226
1.7135 0.219027
1.72654 0.212001
1.72357 0.205225
1.72125 0.198369
1.69808 0.193351
1.69584 0.188233
1.73148 0.190798
1.73005 0.185821
1.73587 0.181366
1.73689 0.177838
1.72495 0.174094
1.70997 0.170772
1.70465 0.167906
1.69782 0.164341
1.67934 0.161607
1.66911 0.158441
1.66345 0.155278
1.65808 0.152888
1.64188 0.150721
1.63846 0.149976
1.6353 0.148186
1.62613 0.146262
1.62473 0.145496
1.60962 0.143787
1.62967 0.143021
1.62913 0.14131
1.62669 0.139134
1.61656 0.137298
1.61815 0.136045
1.60939 0.134131
1.6258 0.133971
1.61349 0.132381
1.61498 0.13106
1.61667 0.129835
1.60875 0.128039
1.60447 0.126448
1.60415 0.124812
1.59858 0.12352
1.58987 0.122104
1.59193 0.120816
1.59535 0.120077
1.59424 0.118534
1.60011 0.117475
1.59278 0.116349
1.59657 0.115375
1.61183 0.116884
1.61011 0.115689
1.60862 0.114707
1.60132 0.113564
1.59767 0.112808
1.59662 0.111848
1.61405 0.112854
1.61629 0.111793
1.6199 0.110972
1.6184 0.110063
1.61319 0.108938
1.63078 0.110454
1.62413 0.109521
1.61701 0.108827
1.61598 0.107865
1.61052 0.106835
1.60877 0.106032
1.60166 0.105159
1.60661 0.104685
1.61254 0.104155
1.61555 0.103593
1.61693 0.102766
1.61237 0.101885
1.61506 0.101603
1.61695 0.101212
1.61122 0.100416
1.61088 0.0997379
1.60667 0.099048
1.60815 0.0981944
1.60739 0.0974292
1.60743 0.0969276
1.59858 0.0964973
