-1.66418 -1.36296
-1.5094 -1.32033
-1.06737 -1.22683
-0.968426 -1.04293
0.00743115 -1.90286
1.25314 -1.92823
1.10419 -1.91545
0.820116 -1.65597
0.71352 -1.60714
0.607819 -1.14459
0.918598 -0.675337
0.744023 -0.522597
-0.0915412 0.287338
-0.112814 0.339668
-0.0834483 -0.0229612
0.467238 0.321873
1.72746 1.01621
1.67542 1.7595
1.06306 1.88107
0.624075 1.62193
0.309077 1.36002
-0.0270948 1.02419
-0.514015 1.34627
-1.09556 1.97844
-1.74143 1.01861
-1.51616 0.720548
-0.883068 0.183432
-1.3267 0.289755
-1.93079 0.332715
-1.78896 -0.18597