0,0,0
0.064633,0,0
0.129266,0,0
0.193899,0,0
0.258532,0,0
0.323165,0,0
0.387798,0,0
0.452431,0,0
0.517064,0,0
0.581697,0,0
0.64633,0,0
0.710963,0,0
0.775596,0,0
0.84023,0,0
0.904863,0.0708414,0.00870913
0.969496,0.526192,0.0359732
1.03413,1.04797,0.0460006
1.09876,1.23152,0.038165
1.16339,1.02788,0.0326856
1.22803,0.951728,0.0364745
1.29266,0.835579,0.0306825
1.35729,0.764748,0.0315205
1.42193,0.693441,0.0281497
1.48656,0.64478,0.0258324
1.55119,0.591954,0.0203706
1.61583,0.544344,0.0217636
1.68046,0.49254,0.016599
1.74509,0.497714,0.0161358
1.80973,0.488867,0.0161665
1.87436,0.500814,0.0176524
1.93899,0.510814,0.0169114
2.00362,0.520755,0.0169544
2.06826,0.518965,0.0200563
2.13289,0.579435,0.0149563
2.19752,0.553762,0.0150095
2.26216,0.502262,0.015056
2.32679,0.493923,0.0141214
2.39142,0.526381,0.0141504
2.45606,0.539638,0.0175853
2.52069,0.512417,0.0137582
2.58532,0.517971,0.0162469
2.64995,0.504814,0.0133513
2.71459,0.484058,0.0134969
2.77922,0.506938,0.0134072
2.84385,0.484301,0.00885433
2.90849,0.505666,0.00957664
2.97312,0.500508,0.0115637
3.03775,0.493493,0.0106136
3.10239,0.497832,0.0113954
3.16702,0.483712,0.0111015
3.23165,0.472942,0.00939507
3.29629,0.486527,0.0105344
3.36092,0.491655,0.00928754
3.42555,0.486471,0.00866493
3.49018,0.50048,0.00887913
3.55482,0.509115,0.00730341
3.61945,0.492108,0.00839973
3.68408,0.493266,0.00937083
3.74872,0.511936,0.00832741
3.81335,0.471609,0.00877232
3.87798,0.474608,0.00865689
3.94262,0.472777,0.00657295
4.00725,0.495844,0.0077871
4.07188,0.472134,0.00731108
4.13651,0.487139,0.00723647
4.20115,0.482568,0.00885733
4.26578,0.480765,0.00970244
4.33041,0.482558,0.00575814
4.39505,0.491498,0.00635116
4.45968,0.482033,0.00751143
4.52431,0.472331,0.00708384
4.58895,0.465692,0.00625222
4.65358,0.478291,0.0081688
4.71821,0.457051,0.00611363
4.78285,0.475544,0.00635533
4.84748,0.475315,0.0069048
4.91211,0.49218,0.00673814
4.97674,0.498934,0.00593566
5.04138,0.486277,0.00622727
5.10601,0.492937,0.00747819
5.17064,0.491834,0.00693173
5.23528,0.496716,0.00669617
5.29991,0.486063,0.00803518
5.36454,0.47561,0.00601988
5.42918,0.477361,0.00601068
5.49381,0.478579,0.00612412
5.55844,0.481904,0.00673326
5.62307,0.478323,0.00556029
5.68771,0.472801,0.00566052
5.75234,0.456381,0.00474657
5.81697,0.470161,0.00559025
5.88161,0.479993,0.00521228
5.94624,0.478633,0.00564287
6.01087,0.472177,0.00620224
6.07551,0.480481,0.00580663
6.14014,0.478939,0.00577763
6.20477,0.481871,0.00581501
6.2694,0.480856,0.00501664
6.33404,0.487574,0.00547509
6.39867,0.496748,0.00526165
