0,0,0
0.0230664,0,0
0.0461329,0,0
0.0691993,0,0
0.0922657,0,0
0.115332,0,0
0.138399,0,0
0.161465,0,0
0.184531,0,0
0.207598,0,0
0.230664,0,0
0.253731,0,0
0.276797,0,0
0.299864,0,0
0.32293,0,0
0.345996,0,0
0.369063,0,0
0.392129,0,0
0.415196,0,0
0.438262,0,0
0.461329,0,0
0.484395,0,0
0.507461,0,0
0.530528,0,0
0.553594,0,0
0.576661,0,0
0.599727,0,0
0.622794,0,0
0.64586,0,0
0.668926,0,0
0.691993,0,0
0.715059,0,0
0.738126,0,0
0.761192,0,0
0.784259,0,0
0.807325,0,0
0.830391,0,0
0.853458,0,0
0.876524,0,0
0.899591,0.00216874,0.000475929
0.922657,0.0217277,0.00119638
0.945724,0.141525,0.00414235
0.96879,0.508956,0.00663259
0.991856,1.13383,0.0101458
1.01492,1.81301,0.0118659
1.03799,2.30962,0.0142295
1.06106,2.44236,0.017656
1.08412,2.22221,0.0147473
1.10719,1.8238,0.0155172
1.13026,1.35554,0.0121402
1.15332,0.925532,0.00888639
1.17639,0.563427,0.00619437
1.19945,0.323697,0.00637049
1.22252,0.176077,0.00430576
1.24559,0.0892841,0.00230863
1.26865,0.045626,0.00200876
1.29172,0.0250132,0.00178693
1.31479,0.019314,0.00144175
1.33785,0.0278136,0.00148131
1.36092,0.0542664,0.00223184
1.38399,0.0958491,0.00292367
1.40705,0.149887,0.00333346
1.43012,0.232399,0.00360095
1.45319,0.309707,0.00339135
1.47625,0.401812,0.00504014
1.49932,0.460013,0.00674007
1.52238,0.477544,0.0060802
1.54545,0.463775,0.00554276
1.56852,0.405237,0.00420921
1.59158,0.324395,0.00391161
1.61465,0.235403,0.0037707
1.63772,0.159448,0.00244762
1.66078,0.103296,0.00274148
1.68385,0.0907958,0.00276627
1.70692,0.1271,0.003433
1.72998,0.222434,0.00464912
1.75305,0.384649,0.0036553
1.77612,0.610187,0.00487579
1.79918,0.865871,0.00527361
1.82225,1.10704,0.00531439
1.84531,1.28352,0.00738518
1.86838,1.34994,0.00891487
1.89145,1.27141,0.00806568
1.91451,1.09356,0.00663457
1.93758,0.850122,0.0055456
1.96065,0.604144,0.00526848
1.98371,0.403262,0.00361124
2.00678,0.280986,0.00470381
2.02985,0.220352,0.0038259
2.05291,0.228804,0.00272365
2.07598,0.289835,0.00351877
2.09905,0.379404,0.00314029
2.12211,0.457098,0.00334631
2.14518,0.499953,0.00497638
2.16824,0.500142,0.00383939
2.19131,0.462727,0.00285195
2.21438,0.397917,0.00330843
2.23744,0.333623,0.00336555
2.26051,0.290818,0.00347435
2.28358,0.286127,0.00353704
