0,0,0
0.0256496,0,0
0.0512993,0,0
0.0769489,0,0
0.102599,0,0
0.128248,0,0
0.153898,0,0
0.179547,0,0
0.205197,0,0
0.230847,0,0
0.256496,0,0
0.282146,0,0
0.307796,0,0
0.333445,0,0
0.359095,0,0
0.384745,0,0
0.410394,0,0
0.436044,0,0
0.461694,0,0
0.487343,0,0
0.512993,0,0
0.538642,0,0
0.564292,0,0
0.589942,0,0
0.615591,0,0
0.641241,0,0
0.666891,0,0
0.69254,0,0
0.71819,0,0
0.74384,0,0
0.769489,0,0
0.795139,0,0
0.820788,0,0
0.846438,0,0
0.872088,0.00105461,0.000390205
0.897737,0.011043,0.00125997
0.923387,0.0788589,0.00350262
0.949037,0.266625,0.00613985
0.974686,0.587614,0.0106824
1.00034,0.939238,0.011967
1.02599,1.20021,0.0127941
1.05164,1.28048,0.011062
1.07728,1.27369,0.0117074
1.10293,1.21944,0.0140723
1.12858,1.09963,0.0126242
1.15423,0.972367,0.0128403
1.17988,0.865773,0.011766
1.20553,0.783623,0.0104477
1.23118,0.69424,0.00933287
1.25683,0.625289,0.00843366
1.28248,0.561586,0.00717678
1.30813,0.505624,0.00826271
1.33378,0.46415,0.00694447
1.35943,0.428961,0.00656016
1.38508,0.402321,0.00595646
1.41073,0.380299,0.00564827
1.43638,0.373607,0.00637314
1.46203,0.361403,0.00620188
1.48768,0.348116,0.00629846
1.51333,0.345578,0.00598007
1.53898,0.335203,0.00533087
1.56463,0.348389,0.00563196
1.59028,0.348046,0.00570475
1.61593,0.348717,0.00546829
1.64158,0.359228,0.00656194
1.66723,0.363545,0.00583671
1.69288,0.367825,0.00513672
1.71853,0.394202,0.00552401
1.74418,0.402143,0.00509979
1.76983,0.420609,0.00596104
1.79547,0.451522,0.0058388
1.82112,0.466002,0.00619865
1.84677,0.481168,0.00543961
1.87242,0.506212,0.00510224
1.89807,0.531566,0.00595729
1.92372,0.551665,0.00609323
1.94937,0.565819,0.00594871
1.97502,0.580845,0.00597674
2.00067,0.5842,0.00631953
2.02632,0.602946,0.00582771
2.05197,0.603894,0.00494933
2.07762,0.596191,0.00478678
2.10327,0.601528,0.00475624
2.12892,0.588162,0.00521541
2.15457,0.582456,0.00423458
2.18022,0.576661,0.00473556
2.20587,0.5666,0.00617052
2.23152,0.538425,0.00438791
2.25717,0.52634,0.00525033
2.28282,0.521874,0.00467345
2.30847,0.510458,0.00528173
2.33412,0.497027,0.00459257
2.35977,0.4946,0.00470792
2.38542,0.478932,0.0042141
2.41107,0.468306,0.00384269
2.43672,0.458532,0.00390611
2.46237,0.457014,0.0043254
2.48802,0.453377,0.00388034
2.51366,0.448038,0.00403419
2.53931,0.449685,0.00450943
