1,-1.2113,-1.2113,0
2,-1.2104,-1.21085,0.000320061
3,-1.20712,-1.2096,0.00103846
4,-1.18827,-1.20427,0.00468365
5,-1.16833,-1.19708,0.00744112
6,-1.24063,-1.20434,0.00907488
7,-1.19203,-1.20258,0.00794708
8,-1.19533,-1.20168,0.00700522
9,-1.222,-1.20393,0.00658064
10,-1.18743,-1.20228,0.00612605
11,-1.17877,-1.20015,0.00593032
12,-1.20063,-1.20019,0.00543627
13,-1.14048,-1.19559,0.00668233
14,-1.21381,-1.1969,0.00633044
15,-1.20031,-1.19712,0.0059125
16,-1.16431,-1.19507,0.00588791
17,-1.17519,-1.1939,0.00565658
18,-1.16777,-1.19245,0.00552544
19,-1.19446,-1.19256,0.00523564
20,-1.21201,-1.19353,0.00506339
21,-1.16045,-1.19195,0.00506134
22,-1.18,-1.19141,0.00486034
23,-1.16748,-1.19037,0.00475911
24,-1.16903,-1.18948,0.00464316
25,-1.18579,-1.18933,0.00445979
26,-1.19974,-1.18973,0.0043062
27,-1.14615,-1.18812,0.00443899
28,-1.18932,-1.18816,0.00428066
29,-1.19134,-1.18827,0.00413446
30,-1.19255,-1.18841,0.0039991
31,-1.1944,-1.18861,0.00387475
32,-1.19584,-1.18883,0.00376025
33,-1.20483,-1.18932,0.00367743
34,-1.18994,-1.18934,0.00356932
35,-1.18572,-1.18923,0.00346883
36,-1.22959,-1.19035,0.00354899
37,-1.18225,-1.19013,0.00345982
38,-1.20963,-1.19065,0.00340661
39,-1.15823,-1.18982,0.00341915
40,-1.1512,-1.18885,0.00346728
41,-1.18057,-1.18865,0.00338859
42,-1.2066,-1.18908,0.00333475
43,-1.17389,-1.18872,0.00327584
44,-1.1828,-1.18859,0.00320416
45,-1.17016,-1.18818,0.003159
46,-1.19475,-1.18832,0.00309355
47,-1.22371,-1.18908,0.00311799
48,-1.18124,-1.18891,0.0030573
49,-1.17547,-1.18864,0.00300718
50,-1.19446,-1.18875,0.00294929
51,-1.14124,-1.18782,0.00303503
52,-1.17008,-1.18748,0.00299579
53,-1.17007,-1.18715,0.00295723
54,-1.18941,-1.18719,0.00290276
55,-1.17187,-1.18692,0.00286333
56,-1.14631,-1.18619,0.00290257
57,-1.2108,-1.18662,0.00288358
58,-1.17178,-1.18637,0.0028452
59,-1.2074,-1.18672,0.00281922
60,-1.17289,-1.18649,0.00278165
61,-1.17535,-1.18631,0.00274203
62,-1.19034,-1.18637,0.00269858
63,-1.2184,-1.18688,0.00270321
64,-1.18146,-1.1868,0.0026623
65,-1.15193,-1.18626,0.00267485
66,-1.16288,-1.18591,0.00265769
67,-1.19991,-1.18612,0.00262622
68,-1.16384,-1.18579,0.00260796
69,-1.20127,-1.18601,0.00257979
70,-1.18473,-1.18599,0.002543
71,-1.14406,-1.1854,0.00257485
72,-1.18066,-1.18534,0.00253993
73,-1.21947,-1.18581,0.00254781
74,-1.17333,-1.18564,0.00251895
75,-1.17523,-1.1855,0.00248918
76,-1.17874,-1.18541,0.00245802
77,-1.13412,-1.18474,0.00251475
78,-1.19572,-1.18488,0.00248644
79,-1.16653,-1.18465,0.0024658
80,-1.18139,-1.18461,0.00243532
81,-1.19931,-1.18479,0.002412
82,-1.15459,-1.18442,0.00241054
83,-1.17929,-1.18436,0.00238229
84,-1.19504,-1.18449,0.00235732
85,-1.2232,-1.18494,0.00237316
86,-1.1446,-1.18448,0.00239148
87,-1.11782,-1.18371,0.0024837
88,-1.2105,-1.18401,0.00247406
89,-1.19541,-1.18414,0.00244958
90,-1.16192,-1.18389,0.00243477
91,-1.19284,-1.18399,0.00241
92,-1.20876,-1.18426,0.0023988
93,-1.13628,-1.18375,0.00242786
94,-1.14839,-1.18337,0.002431
95,-1.17065,-1.18324,0.00240909
96,-1.17917,-1.18319,0.00238437
97,-1.20847,-1.18345,0.00237399
98,-1.17266,-1.18334,0.00235232
99,-1.21359,-1.18365,0.00234832
100,-1.20945,-1.18391,0.00233897
