0.701957 0.701217 -0.0147141
0.702036 0.707715 -0.00886273
0.698609 0.707058 -0.00323922
0.694024 0.703492 -0.0107375
0.692467 0.704276 -0.00830915
0.690132 0.703324 -0.0119557
0.692532 0.70415 0.0220796
0.690315 0.706658 -0.0151321
0.692825 0.702866 -0.0151523
0.698851 0.699683 -0.0126046
0.696728 0.700024 -0.00247235
0.694326 0.701803 0.000215234
0.691751 0.710046 0.000292383
0.695782 0.705556 -0.00323849
0.692382 0.699522 -0.016216
0.697948 0.701726 -0.00397138
0.693042 0.698278 -0.0012198
0.69347 0.696977 -0.0130944
0.69378 0.69669 -0.00447592
0.688846 0.690463 -0.000251884
0.68985 0.689208 -0.00114917
0.687494 0.688055 -9.94391e-05
0.685772 0.685273 -0.00384319
0.68793 0.685217 -0.0113816
0.688765 0.686052 -0.00171954
0.686499 0.682201 -0.000987713
0.683959 0.678351 -0.00394186
0.680887 0.67623 -0.00735294
0.682198 0.678074 -0.015606
0.679559 0.678948 -0.000526153
0.684374 0.676263 -0.0152012
0.682853 0.669768 -0.0108781
0.683432 0.670417 -0.000901167
0.681968 0.670799 -0.00456285
0.680657 0.670895 -0.00154811
0.679083 0.667636 -0.0171921
0.679763 0.670345 -0.00912676
0.681062 0.670514 -0.00134765
0.681537 0.667955 -0.00161336
0.677836 0.668498 -0.00408851
0.673033 0.668136 -0.00107903
0.672195 0.67011 -0.0160948
0.674091 0.668904 -0.000359221
0.673987 0.666377 -0.00200329
0.668349 0.667124 -0.00574974
0.671999 0.667359 -0.00316424
0.668295 0.662537 -0.0105849
0.666255 0.656749 -0.00072907
0.667217 0.658074 -0.0081495
0.666915 0.659426 -0.0096059
0.661745 0.657851 -0.00724991
0.659898 0.652022 -0.0112007
0.65373 0.647832 -0.0187763
0.65075 0.649394 -7.92548e-05
0.648467 0.652409 -0.00174266
0.640516 0.654766 -0.00174557
0.641123 0.658149 -0.00414131
0.638554 0.658165 1.90729e-05
0.643134 0.657992 0.00074666
0.64835 0.65503 -0.0187341
0.652405 0.658595 -0.00395042
0.651574 0.656706 -0.00671461
0.656949 0.657651 -9.51423e-05
0.661046 0.656335 -0.00516088
0.664758 0.654612 -0.000792777
0.664433 0.655488 -0.00094688
0.662927 0.65393 -0.0179019
0.660026 0.656225 -0.00709615
0.663018 0.6585 -0.0173805
0.662033 0.658074 -0.0165845
0.664283 0.665899 -0.0169395
0.665799 0.666405 -0.000596916
0.665668 0.663077 -0.00130038
0.663581 0.659829 -0.00694375
0.667246 0.659482 -0.00234412
0.662129 0.661428 -0.0023892
0.660317 0.654768 -0.0010034
0.657614 0.657862 -0.0113071
0.663109 0.656017 -0.00638093
0.664344 0.66 -0.00487765
0.665627 0.66334 -0.0130006
0.668709 0.660016 -0.000522446
0.669941 0.656337 -0.000834825
0.667378 0.653129 -0.000934055
0.66458 0.657124 -0.000580419
0.66818 0.656937 -0.00725985
0.671242 0.6599 -0.00267848
0.673594 0.65709 -0.0024296
0.676261 0.649951 -0.00160267
0.674313 0.651959 -0.00135136
0.677638 0.646622 -0.00630428
0.681832 0.648236 -0.00734148
0.684714 0.645003 -0.0127693
0.682484 0.643059 -0.00468779
0.682723 0.645243 -0.00493339
0.682194 0.646453 -0.00214746
0.683251 0.64748 -0.00222944
0.682271 0.645514 -0.00548727
0.684157 0.645973 -0.00666335
0.685584 0.645397 -0.00217728
0.688761 0.643334 -0.0113804
0.687649 0.641129 -0.00504804
0.685793 0.643196 -0.00962162
0.683422 0.644202 -0.00689421
0.685303 0.645868 -0.00564743
0.683773 0.6486 -0.0135848
0.687624 0.644989 -0.01351
0.68572 0.644467 -0.00562933
0.683939 0.649556 -0.00232764
0.681954 0.649895 -0.0043835
0.67992 0.651238 -0.00808118
0.679667 0.648409 -0.0038236
0.677964 0.650108 -0.00498845
0.676713 0.652327 -0.00127465
0.677837 0.653099 -0.00351573
0.676578 0.648662 -0.0112832
0.680212 0.64759 -0.00274189
0.681714 0.648577 0.00441443
0.6837 0.653185 -0.00394604
0.682108 0.650029 -0.0110874
0.681155 0.648025 -0.00179335
0.677302 0.646236 -0.00967128
0.679228 0.645728 -0.00244662
0.681773 0.645638 -0.00379568
0.683473 0.640192 -0.0136887
0.683913 0.642904 -0.00221883
0.684431 0.645471 -0.00217593
0.684678 0.643362 -0.00585988
0.684848 0.644785 -0.00345237
0.688147 0.646025 -0.0092593
0.68378 0.643709 -0.00241687
0.687048 0.641861 -0.00400094
0.685661 0.642381 -0.00386255
0.687767 0.639033 -0.00614746
0.689823 0.640539 -0.00342494
0.684274 0.64024 -0.016858
0.682339 0.641244 -0.0166688
0.690837 0.647607 -0.00800309
0.692924 0.64291 -0.00417802
0.688398 0.64374 -0.0128273
0.689201 0.641496 -0.00447302
0.689893 0.640798 -0.00809447
0.693224 0.636211 -0.0037342
0.69137 0.637522 -0.00611197
0.695116 0.639889 -0.00571692
0.696146 0.635069 -0.0041451
0.696262 0.633357 -0.0157443
0.698193 0.633849 -0.0045518
0.694583 0.63016 -0.00404338
0.693074 0.627041 -0.00541297
0.693314 0.627993 -0.00427374
0.694686 0.629274 -0.00377029
0.694404 0.633494 -0.0051852
0.693151 0.636855 -0.00510742
0.695185 0.635582 -0.00336148
0.694837 0.632276 -0.0176741
0.69686 0.630173 -0.0125477
0.69587 0.631221 -0.0111737
0.700882 0.629065 -0.0162899
0.703152 0.63012 -0.00692063
0.704056 0.62778 -0.00464025
0.708292 0.630832 -0.0137691
0.709955 0.632675 -0.0120193
0.714926 0.638304 -0.00935803
0.712565 0.637117 -0.01247
0.71296 0.634842 -0.010212
0.712531 0.636873 -0.00431243
0.713179 0.637439 -0.00463761
0.711655 0.641501 -0.00814249
0.71013 0.643782 -0.00424094
0.709734 0.638533 -0.0118679
0.707101 0.637798 -0.00754335
0.705002 0.633927 -0.00586108
0.703471 0.63315 -0.00664707
0.704137 0.635379 -0.00394597
0.70509 0.63465 -0.00393185
0.708278 0.637253 -0.0111905
0.711515 0.633785 -0.0168004
0.710255 0.632067 -0.00440698
0.709167 0.63033 -0.012046
0.708932 0.631291 -0.00441976
0.708266 0.631408 -0.0077983
0.706321 0.629945 -0.0149947
0.708046 0.632397 -0.0124915
0.710478 0.628256 -0.00479975
0.710052 0.627205 -0.00478695
0.714637 0.625694 -0.0140733
0.712565 0.625109 -0.00535012
0.711535 0.625565 -0.00494992
0.712658 0.623228 -0.0135682
0.717365 0.62225 -0.00560704
0.718349 0.61657 -0.0130495
0.719893 0.618061 -0.00620075
0.719004 0.62034 -0.00656115
0.713806 0.624294 -0.00517371
0.711156 0.617669 -0.00970476
0.710874 0.612906 -0.0102156
0.710153 0.617077 -0.00565423
0.710614 0.61824 -0.00798775
0.707814 0.615992 -0.00768069
0.714409 0.614871 -0.0171865
0.712053 0.614782 -0.00581202
0.715202 0.612306 -0.00591483
0.716217 0.613914 -0.00975055
0.719405 0.617528 -0.00618432
0.724123 0.611911 -0.0092761
0.726333 0.612796 -0.0065934
0.724637 0.613564 -0.00621267
0.727531 0.619083 -0.00596245
0.730606 0.616723 -0.00821839
0.728418 0.615402 -0.00687386
0.726474 0.610187 -0.00679326
0.719918 0.610437 -0.0162918
0.712926 0.614687 -0.00944673
0.708069 0.615109 -0.00546102
0.713193 0.613215 -0.0128667
0.713596 0.61499 -0.00575297
0.716225 0.613134 -0.00897999
0.712289 0.607411 -0.014476
0.714253 0.603189 -0.00846042
0.710847 0.605957 -0.00640361
0.71017 0.605753 -0.0152859
0.709315 0.603458 -0.00617687
0.708468 0.600252 -0.00645443
0.710061 0.602305 -0.00695232
0.705468 0.602811 -0.00657256
0.710352 0.606239 -0.00625677
0.708051 0.608769 -0.01768
0.710661 0.606201 -0.0081617
0.71283 0.602248 -0.00720332
0.707519 0.603977 -0.00608569
0.704655 0.602744 -0.0116193
0.70782 0.598698 -0.0182403
0.704119 0.602261 -0.00637832
0.703602 0.603003 -0.00778466
0.703 0.605021 -0.00896785
0.707836 0.607722 -0.0074948
0.706769 0.608563 -0.00970575
0.706462 0.609059 -0.0130636
0.703472 0.607466 -0.00616968
0.706487 0.607546 -0.0058487
0.705676 0.604626 -0.014447
0.701721 0.602707 -0.00656011
0.700768 0.602889 -0.0125416
0.697203 0.604057 -0.00596994
0.701491 0.606589 -0.00584087
0.705675 0.609498 -0.0165374
0.706365 0.610809 -0.0105512
0.707906 0.609154 -0.00593541
0.709274 0.609221 -0.00630285
0.709908 0.61058 -0.0159515
0.707409 0.608362 -0.0153803
0.709396 0.605588 -0.00645789
0.708471 0.608428 -0.0059912
0.710603 0.602121 -0.0111207
0.707631 0.602237 -0.00640529
0.706908 0.600653 -0.00625012
0.700636 0.606932 -0.0108341
0.699685 0.606893 -0.0123299
0.696085 0.609485 -0.00550555
0.697307 0.60673 -0.00553696
0.690454 0.603176 -0.00557169
0.691153 0.603009 -0.00766893
0.688099 0.603258 -0.00551826
0.68687 0.604344 -0.0108167
0.689241 0.604201 -0.00542298
0.691443 0.609504 -0.00516084
0.689846 0.611646 -0.00551696
0.685438 0.614979 -0.00556757
0.687313 0.616205 -0.0180272
0.681727 0.616521 -0.00851239
0.679248 0.615843 -0.00700091
0.676904 0.618096 -0.00693749
0.675597 0.618277 -0.0149743
0.679675 0.611459 -0.00435798
0.680128 0.612357 -0.0190477
0.67903 0.615573 -0.0182545
0.679647 0.614844 -0.00410268
0.680792 0.617233 -0.00391322
0.677137 0.613685 -0.0144711
0.679912 0.613315 -0.00497463
0.682365 0.612699 -0.00748331
0.684753 0.617646 -0.0151832
0.688002 0.61789 -0.00427738
0.688355 0.618084 -0.00437467
0.691142 0.614677 -0.0133845
0.689698 0.617517 -0.00441415
0.690028 0.615044 -0.00887124
0.685409 0.612597 -0.0132513
0.688409 0.615507 -0.00449725
0.690548 0.614039 -0.0164363
0.694142 0.614905 -0.00653197
0.692415 0.615626 -0.00470241
0.695283 0.62286 -0.0146126
0.69366 0.62129 -0.00509806
0.693493 0.621843 -0.00508348
0.697775 0.619359 -0.00670453
0.696526 0.616923 -0.0160798
0.694873 0.621654 -0.00533762
0.695991 0.619744 -0.00462175
0.689854 0.621629 -0.00721245
0.68709 0.621159 -0.00506055
0.685243 0.616122 -0.00431549
0.688078 0.618788 0.0106568
0.69032 0.617702 -0.0148012
0.691929 0.617208 -0.00458327
0.694943 0.611794 -0.013392
0.694094 0.608823 -0.00725083
0.693714 0.612584 -0.00505992
0.690911 0.614655 -0.0158315
0.688262 0.611592 -0.00483229
0.688623 0.609739 -0.00510719
0.689704 0.60812 -0.00514373
0.689082 0.611601 -0.00807884
0.688051 0.61241 -0.00697569
0.690979 0.608639 -0.0150552
0.691176 0.610944 -0.00637402
0.692334 0.608617 -0.00529252
0.69703 0.609289 -0.00703606
0.695656 0.610459 -0.00109846
0.699056 0.612367 -0.0146536
0.696477 0.611013 -0.00725456
0.699465 0.614003 -0.00913474
0.697638 0.613427 -0.0155141
0.697594 0.614294 -0.00883318
0.698261 0.617255 -0.00487143
0.69836 0.620924 -0.0136269
0.698618 0.617406 -0.00549699
0.697023 0.614566 -0.00550033
0.697625 0.607994 -0.0180963
0.697392 0.605949 -0.00709883
0.693656 0.605098 -0.00560312
0.690567 0.607734 -0.00578337
0.692229 0.604689 -0.0109517
0.686811 0.599519 -0.00557259
0.68863 0.597422 -0.00619145
0.692 0.59501 0.037962
0.693497 0.592335 -0.00642583
0.695185 0.590745 -0.00641393
0.69723 0.593294 -0.00705951
0.702656 0.592877 -0.00705674
0.705007 0.595642 -0.00647322
0.705344 0.594256 -0.00652655
0.702192 0.588121 -0.0132045
0.700932 0.589732 -0.0149933
0.702083 0.591495 -0.00662943
0.702425 0.588806 -0.00787325
0.70589 0.585979 -0.011082
0.700951 0.586498 -0.0186704
0.702184 0.584976 -0.00702609
0.706112 0.583129 -0.0128453
0.705669 0.580663 -0.0103601
0.703779 0.583785 -0.00869977
0.701972 0.582709 -0.0113123
0.701574 0.573459 -0.00775066
0.699785 0.576331 -0.0135607
0.697078 0.574732 -0.00834238
0.690265 0.577041 -0.00978012
0.689419 0.578128 -0.0126809
0.694434 0.571693 -0.0196416
0.69693 0.575354 -0.00720335
0.695535 0.575646 -0.0071698
0.694456 0.572779 -0.00729119
0.689637 0.572678 -0.0179303
0.687827 0.575546 -0.00822537
0.694642 0.57492 -0.00873612
0.690308 0.574491 -0.00713535
0.691854 0.576974 -0.00846688
0.687793 0.582267 -0.0124273
0.687717 0.579897 -0.00798617
0.687258 0.580941 -0.00872827
0.689156 0.580587 -0.0165417
0.693945 0.581255 -0.00706123
0.699861 0.582928 -0.00778111
0.700251 0.582072 -0.00813281
0.700094 0.580082 -0.00782697
0.697513 0.57918 -0.0075849
0.702448 0.576716 -0.0144029
0.704788 0.578462 -0.00894446
0.705643 0.578673 -0.0125987
0.70378 0.580632 -0.0125383
0.708891 0.582026 -0.00728097
0.706751 0.579416 -0.00766906
0.703808 0.578917 -0.00794575
0.703805 0.576622 -0.017627
0.70463 0.575745 -0.00839135
0.702686 0.580488 -0.0075168
0.70525 0.581994 -0.0138524
0.708844 0.576016 -0.00743251
0.710037 0.573676 -0.00757118
0.711365 0.574033 -0.00762228
0.712032 0.572169 -0.0101343
0.716075 0.576019 -0.0189964
0.711102 0.574246 -0.00984049
0.71194 0.574632 -0.0162386
0.71146 0.57417 -0.0104417
0.706652 0.572306 -0.00750708
0.707799 0.574868 -0.0102829
0.705695 0.571768 -0.00971578
0.707708 0.571435 -0.00882853
0.708919 0.575222 -0.00823238
0.702345 0.57693 -0.00751612
0.706849 0.574919 -0.0179642
0.708283 0.574666 -0.00890964
0.70747 0.576459 -0.00892501
0.709076 0.578987 -0.0177157
0.712448 0.579274 -0.00985779
0.713423 0.578668 -0.00948018
0.716298 0.578756 -0.0126658
0.716926 0.580057 -0.0176109
0.715808 0.579699 -0.0099698
0.715124 0.573005 -0.00815642
0.719024 0.570945 -0.00813565
0.720342 0.573275 -0.00834673
0.725722 0.567658 -0.00787187
0.726235 0.5737 -0.014549
0.730213 0.573646 -0.0107888
0.725907 0.572959 -0.0174473
0.724051 0.571805 -0.00880363
0.72593 0.574625 -0.00776659
0.72501 0.576131 -0.00817445
0.72697 0.57685 -0.0111215
0.72464 0.574835 -0.00770448
0.72116 0.57477 -0.0110568
0.723697 0.576809 -0.00764526
0.720483 0.572508 -0.00774764
0.719488 0.571387 -0.0167367
0.722666 0.568173 -0.0149319
0.723245 0.566667 -0.00796364
0.717373 0.566233 -0.0115727
0.7182 0.569313 -0.0101248
0.715517 0.569774 -0.008579
0.713962 0.568048 -0.00857387
0.716071 0.565935 -0.0142693
0.714989 0.564438 -0.0111693
0.714292 0.568133 -0.00807583
0.713338 0.567828 -0.00802218
0.711525 0.571328 -0.00832206
0.716591 0.574429 -0.0168074
0.716507 0.568879 -0.0104796
0.71398 0.569797 -0.014167
0.715056 0.568585 -0.00987185
0.710615 0.570812 -0.00778745
0.70971 0.567522 -0.00801752
0.709659 0.559516 -0.00835357
0.710022 0.564696 -0.0080018
0.712584 0.56824 -0.00776535
0.712569 0.570036 -0.00810936
0.706325 0.568846 -0.0117065
0.704501 0.569645 -0.00881597
0.705665 0.573822 -0.0092443
0.702499 0.569499 -0.00794379
0.702795 0.573662 -0.00776481
0.698796 0.573621 -0.0073742
0.695096 0.571092 -0.0124048
0.692899 0.571093 -0.00828689
0.694076 0.574254 -0.0168194
0.692668 0.57576 -0.0185628
0.696275 0.568235 -0.00761261
0.694426 0.569056 -0.00746813
0.698196 0.573327 -0.0086617
0.695812 0.575426 -0.00861676
0.69828 0.576884 -0.0152979
0.698899 0.577785 -0.00713831
0.700902 0.573992 -0.00904341
0.701154 0.573878 -0.00964791
0.702046 0.575355 -0.0154976
0.696992 0.574505 -0.00789386
0.699507 0.577915 -0.00894653
0.699509 0.584717 0.0233145
0.698074 0.585992 -0.0191213
0.699578 0.584612 -0.00819006
0.695263 0.588538 -0.00651696
0.694646 0.581891 -0.00688984
0.693074 0.581985 -0.0141205
0.692232 0.580864 -0.00821654
0.69103 0.580301 -0.00696505
0.686181 0.582752 -0.00675855
0.688555 0.586401 -0.0064937
0.691478 0.589768 -0.00717561
0.692642 0.589911 -0.0103383
0.69061 0.58707 -0.00746054
0.690304 0.586668 -0.00691795
0.688335 0.583153 -0.00846886
0.687422 0.584393 -0.00651435
0.69122 0.58767 -0.0113214
0.692542 0.588245 -0.0066842
0.69227 0.588427 -0.0067902
0.691224 0.590016 -0.0145804
0.692937 0.591847 -0.013994
0.697753 0.592715 -0.00696387
0.699468 0.589906 -0.00767786
0.706939 0.59522 -0.0160837
0.706974 0.58961 -0.00986659
0.705896 0.58975 -0.00815188
0.705692 0.591336 -0.0157737
0.705362 0.594591 -0.00736873
0.709682 0.592582 -0.0099077
0.70813 0.596519 -0.0080776
0.711202 0.595664 -0.00779871
0.711994 0.595526 -0.00796082
0.712083 0.591467 -0.00694693
0.710698 0.588453 -0.0141471
0.708392 0.587176 -0.00795016
0.711646 0.585585 -0.0175248
0.715269 0.583786 -0.00757553
0.715888 0.58303 -0.00951344
0.717449 0.583711 -0.00952856
0.723124 0.583088 -0.00782703
0.722136 0.584389 -0.00982624
0.72512 0.586424 -0.00771128
0.721443 0.586649 -0.0104809
0.724116 0.588294 -0.00723614
0.722148 0.589303 -0.00927005
0.721468 0.586827 -0.00749629
0.725103 0.589116 -0.0114921
0.721734 0.589089 -0.00853618
0.719008 0.591742 -0.00827928
0.720125 0.592206 -0.0115884
0.719485 0.596809 -0.0110505
0.719043 0.595405 -0.00757872
0.718408 0.593741 -0.013191
0.717483 0.597226 -0.0084904
0.71713 0.595325 -0.00796875
0.719095 0.595888 -0.00762962
0.720781 0.59561 -0.00715563
0.722656 0.594367 -0.0156369
0.718964 0.59095 -0.00846559
0.715365 0.586684 -0.0176621
0.714824 0.587955 -0.00711331
0.716201 0.59526 -0.0176581
0.715059 0.592742 -0.00697104
0.717442 0.592466 -0.00922861
0.712886 0.594484 -0.00866788
0.713055 0.597418 -0.00896329
0.714055 0.596094 -0.011152
0.714066 0.603132 -0.0146902
0.712564 0.603548 -0.0151473
0.715731 0.607273 -0.00683391
0.717336 0.606902 -0.012425
0.717169 0.608713 -0.0170379
0.722863 0.610013 -0.00960764
0.725605 0.615796 -0.00667982
0.721449 0.621277 -0.0063152
0.72298 0.618264 -0.00587607
0.721934 0.621356 -0.00562979
0.723902 0.617474 -0.00638445
0.721316 0.616602 -0.00597861
0.724253 0.615501 -0.00688634
0.72559 0.613483 -0.00676064
0.725462 0.616094 -0.00659742
0.724306 0.6234 -0.0138769
0.723271 0.619185 -0.00583592
0.724976 0.621055 -0.00614665
0.726557 0.625368 -0.00558259
0.723056 0.624747 -0.0117818
0.721351 0.626237 -0.00853212
0.716686 0.625883 -0.0170619
0.712779 0.626072 -0.00744858
0.712918 0.621675 -0.00733531
0.714072 0.622234 -0.00797056
0.714453 0.622135 -0.00589393
0.71645 0.622634 -0.00552248
0.719166 0.623197 -0.016782
0.716226 0.624341 -0.00569082
0.716473 0.624441 -0.00759386
0.716372 0.621797 -0.0124841
0.714465 0.623199 -0.0129861
0.718304 0.621404 -0.012846
0.712481 0.620837 -0.00613007
0.710958 0.620857 -0.0140819
0.706938 0.615845 -0.00847386
0.705629 0.618036 -0.00530952
0.703653 0.62151 -0.00522358
0.703694 0.619573 -0.0177846
0.699992 0.617583 -0.00498042
0.697539 0.617685 -0.0114539
0.699295 0.612745 -0.00640261
0.699704 0.610682 -0.0142177
0.703971 0.611823 -0.00828281
0.701938 0.616462 -0.00928352
0.706013 0.616645 -0.00655452
0.703365 0.616409 -0.00891484
0.710485 0.619817 -0.0122498
0.710479 0.621803 -0.00526506
0.714073 0.621416 -0.0113145
0.711778 0.616575 -0.00617483
0.715773 0.618313 -0.00575228
0.717607 0.621054 -0.0146344
0.717575 0.620073 -0.0137417
0.718214 0.622941 -0.00160038
0.720063 0.62099 -0.00675862
0.718483 0.617669 0.0108118
0.716474 0.620928 -0.00611092
0.717358 0.623132 -0.013504
0.718936 0.621847 -0.00585183
0.717826 0.619035 -0.00601972
0.721103 0.618586 -0.00611693
0.727425 0.622967 -0.00607416
0.727902 0.625352 -0.00571149
0.72842 0.619154 -0.00625948
0.728567 0.623109 -0.00577459
0.725385 0.61909 -0.0110896
0.725584 0.620533 -0.0124926
0.728405 0.62495 -0.0165662
0.733572 0.623377 -0.0152895
0.732533 0.621123 -0.0163644
0.734307 0.619957 -0.00620902
0.736134 0.619089 -0.00645644
0.738227 0.619971 -0.00948056
0.733858 0.619365 -0.006597
0.731943 0.622683 -0.00613186
0.734025 0.622667 -0.00651521
0.732819 0.619289 -0.0114548
0.738496 0.616994 -0.0063984
0.739911 0.62152 -0.0162283
0.74139 0.620598 -0.00683171
0.746102 0.618631 -0.0105995
0.74485 0.618072 -0.00775255
0.742593 0.61652 -0.00826229
0.739647 0.616418 -0.00787653
0.738958 0.613456 -0.0136714
0.737984 0.619158 -0.00743636
0.739266 0.616942 -0.0124949
0.739529 0.616963 -0.00726721
0.737657 0.621404 -0.0136566
0.732855 0.624816 -0.0145947
0.72838 0.622582 -0.00582655
0.729133 0.625842 -0.00569382
0.731234 0.626408 -0.00597743
0.731648 0.620729 -0.00794557
0.728798 0.62169 -0.00643049
0.724433 0.621277 -0.0058663
0.722991 0.621861 -0.0109016
0.724127 0.620978 -0.00575431
0.722862 0.620954 -0.0105924
0.721871 0.622244 -0.00794263
0.724984 0.619901 -0.00583322
0.732272 0.622216 -0.0164283
0.731131 0.618452 -0.00635259
0.729434 0.616705 -0.0115283
0.731175 0.612862 -0.00996798
0.732528 0.618137 -0.00685629
0.734294 0.619151 -0.016551
0.7364 0.618178 -0.00705864
0.737123 0.613011 -0.00754795
0.733315 0.609078 -0.00759528
0.731527 0.603631 -0.0120605
0.727776 0.604103 -0.00789833
0.729018 0.608389 -0.00671673
0.73095 0.606665 -0.0166904
0.726134 0.604848 -0.00660184
0.721214 0.604947 -0.00647334
0.71751 0.608262 -0.0121512
0.714832 0.606225 -0.0111026
0.713055 0.60543 -0.00656903
0.719382 0.608581 -0.016389
0.720073 0.607566 -0.00707675
0.721802 0.61486 -0.00609318
0.719542 0.612789 -0.00601901
0.717772 0.609935 -0.0064063
0.717996 0.60775 -0.00669397
0.718421 0.606518 -0.00999509
0.716604 0.607445 -0.0159176
0.711911 0.606919 -0.00664876
0.70741 0.606638 -0.00859037
0.710771 0.607881 -0.00390309
0.709098 0.607776 -0.0061637
0.708205 0.606388 -0.00597594
0.711189 0.603831 -0.00666172
0.711142 0.594402 -0.00774644
0.707803 0.593032 -0.00760509
0.706684 0.59315 -0.00769306
0.704659 0.589446 -0.00796582
0.705217 0.581954 -0.0182085
0.699042 0.578755 -0.00760169
0.703742 0.581556 -0.0180913
0.699617 0.581181 -0.0101703
0.695833 0.581782 -0.0167406
0.693695 0.586227 -0.00731622
0.699688 0.586063 -0.00767774
0.694596 0.580129 -0.00744176
0.697313 0.570547 -0.0165904
0.697367 0.565783 -0.0112074
0.698489 0.560868 -0.00919909
0.698424 0.561815 -0.0169208
0.70129 0.563525 -0.0113207
0.700485 0.563203 -0.00866537
0.699351 0.56206 -0.00789407
0.704499 0.558904 -0.00839158
0.70805 0.556154 -0.0182786
0.708863 0.556604 -0.0126351
0.708631 0.556233 -0.0115631
0.705652 0.55909 -0.00836589
0.705198 0.558911 -0.0185602
0.705089 0.560763 -0.0126175
0.702791 0.562102 -0.0102747
0.700769 0.560946 -0.0202221
0.698941 0.556248 -0.0113577
0.701289 0.556133 -0.00816619
0.704133 0.555416 -0.0124368
0.701061 0.554687 -0.0115143
0.699212 0.552075 -0.0101641
0.699043 0.547852 -0.0214359
0.702732 0.547359 -0.017906
0.702097 0.548242 -0.0181247
0.701464 0.549699 -0.0212234
0.701071 0.551678 -0.0163961
0.70116 0.550882 -0.0105577
0.69691 0.550426 -0.0120467
0.695662 0.554808 -0.00841127
0.693943 0.55566 -0.0136752
0.693601 0.552499 -0.00847152
0.695555 0.550574 -0.00816819
0.694635 0.552501 -0.0122898
0.696608 0.557163 -0.010813
0.692583 0.557922 -0.00967607
0.694906 0.561085 -0.00863079
0.702431 0.559765 -0.014982
0.702959 0.555909 -0.00808289
0.702447 0.553722 -0.0119406
0.706136 0.548075 -0.00997055
0.709547 0.546274 -0.0133163
0.717227 0.550045 -0.0082141
0.72049 0.546304 -0.0083078
0.716203 0.547954 -0.00945843
0.716222 0.548861 -0.0142416
0.716812 0.55265 -0.00990385
0.716373 0.552661 -0.0104889
0.712107 0.55504 -0.013142
0.711645 0.553544 -0.0170658
0.704952 0.546295 -0.00867601
0.707738 0.546096 -0.00866699
0.709248 0.549367 -0.00950409
0.705199 0.546317 -0.012465
0.7065 0.544807 -0.0107984
0.706502 0.54496 -0.0094331
0.703958 0.542616 -0.0106487
0.705177 0.539085 -0.00873069
0.705823 0.542048 -0.00842516
0.702363 0.545467 -0.0140684
0.704275 0.544785 -0.0100863
0.704769 0.543837 -0.0136842
0.709438 0.544717 -0.008336
0.711488 0.544612 -0.0109951
0.712439 0.545007 -0.0149788
0.705192 0.540907 -0.00968286
0.712294 0.543007 -0.00835852
0.711272 0.544712 -0.0145286
0.707535 0.545259 -0.0133897
0.703114 0.545348 -0.013042
0.697526 0.54587 -0.0104348
0.699514 0.550211 -0.0200979
0.702868 0.551208 -0.00876459
0.702543 0.553261 -0.0127169
0.701171 0.553737 -0.0111577
0.699254 0.558732 -0.0207268
0.701915 0.558766 -0.00897442
0.700891 0.559618 -0.0138865
0.700926 0.563251 -0.0109789
0.699245 0.563993 -0.0123607
0.699472 0.564537 -0.00920387
0.692953 0.563517 -0.00786532
0.694418 0.566594 -0.00999242
0.699679 0.572117 -0.00803916
0.702501 0.578175 -0.0195522
0.698582 0.577964 -0.00811455
0.693368 0.576689 -0.00707581
0.691938 0.57756 -0.00698598
0.690926 0.584306 -0.0184089
0.68938 0.579146 -0.0198022
0.69322 0.579722 -0.0162055
0.694158 0.579572 -0.0070495
0.696985 0.583388 -0.00728497
0.699866 0.581257 -0.00809645
0.695827 0.581661 -0.0173603
0.696463 0.583046 -0.00692678
0.697555 0.585659 -0.00676752
0.695754 0.583881 -0.00808821
0.696857 0.583772 -0.0166378
0.693615 0.581269 -0.00695237
0.697115 0.579363 -0.00762039
0.69441 0.580934 -0.0151989
0.695175 0.581745 -0.015115
0.689179 0.580387 -0.00676414
0.691726 0.576644 -0.00724757
0.691453 0.584543 -0.0196076
0.687596 0.582499 -0.00661156
0.685176 0.584842 -0.0125489
0.690046 0.591021 -0.0067164
0.685039 0.594173 -0.0164835
0.688299 0.598373 -0.0185277
0.691231 0.600604 0.0610241
0.691239 0.595547 -0.00598023
0.691564 0.591527 -0.0104441
0.691727 0.592564 -0.00644047
0.697244 0.594499 -0.0184776
0.692912 0.598775 -0.00805629
0.690049 0.60124 -0.0179679
0.692905 0.602382 -0.00578381
0.693813 0.604506 -0.0187177
0.693834 0.602222 -0.00674897
0.697781 0.60732 -0.00658856
0.700253 0.60713 -0.0057034
0.700999 0.605698 -0.00612311
0.697004 0.609298 -0.00936577
0.701291 0.613722 -0.00533012
0.702039 0.615869 -0.0169156
0.700596 0.61687 -0.006184
0.697789 0.618426 -0.0124845
0.698018 0.62089 -0.00500933
0.702264 0.621627 -0.00476138
0.702473 0.619818 -0.01596
0.701567 0.623694 -0.00630592
0.701473 0.623352 -0.0173627
0.702363 0.62354 -0.0168735
0.693694 0.623048 -0.011301
0.694662 0.618828 -0.0171777
0.694976 0.619202 -0.00577832
0.694363 0.618694 -0.0151637
0.696176 0.619343 -0.0178273
0.69567 0.613773 -0.00727723
0.696475 0.613465 -0.00783901
0.698963 0.612895 -0.00536417
0.699182 0.617823 -0.00602344
0.700014 0.619828 -0.00479539
0.700969 0.62094 -0.004892
0.700174 0.620855 -0.00501321
0.699727 0.624148 -0.00533091
0.700675 0.622015 -0.0133064
0.697845 0.616622 -0.00489677
0.695056 0.620938 -0.0104437
0.693873 0.621879 -0.00647175
0.690482 0.618366 -0.00791447
0.690266 0.613807 -0.00819969
0.691474 0.615306 -0.00511107
0.689684 0.619658 -0.00423415
0.685951 0.624701 -0.0179708
0.689215 0.624041 -0.00533484
0.688193 0.632531 -0.0135444
0.692168 0.631268 -0.00657802
0.686517 0.628035 -0.0134658
0.683761 0.621794 -0.0172198
0.680188 0.620356 -0.00364019
0.675629 0.617536 -0.00867471
0.676566 0.614682 -0.00506668
0.675347 0.613101 -0.00441816
0.673858 0.61333 -0.0165573
0.673645 0.610337 -0.00433267
0.676527 0.606708 -0.00453283
0.67597 0.607518 -0.00486354
0.672435 0.605873 -0.00631506
0.676876 0.606866 -0.00791806
0.681675 0.608457 -0.00469285
0.680925 0.610825 -0.0139403
0.684468 0.610038 -0.00663936
0.679904 0.611995 -0.00559989
0.680846 0.618196 -0.0069043
0.681352 0.61972 -0.0183297
0.683379 0.620623 -0.0109947
0.678183 0.621374 -0.00345138
0.677494 0.618261 -0.018874
0.680912 0.62216 -0.0113749
0.68286 0.623927 -0.00554307
0.683843 0.625967 -0.00847483
0.683499 0.624861 -0.00351787
0.682904 0.629517 -0.00312913
0.682934 0.624778 -0.00471388
0.683315 0.628634 -0.0180333
0.68633 0.626431 -0.00360998
0.687414 0.626462 -0.00867715
0.684811 0.624333 -0.00448603
0.681173 0.619132 0.0300667
0.683068 0.620678 -0.0080876
0.683487 0.621173 0.00957086
0.684145 0.620128 -0.00398236
0.681429 0.619785 -0.00920203
0.678773 0.619566 -0.0125385
0.676977 0.615998 -0.00396369
0.674615 0.614357 -0.00395183
0.675226 0.615749 -0.00377764
0.676848 0.615934 -0.013012
0.678888 0.615419 -0.00944032
0.682043 0.614175 -0.00439919
0.680543 0.619491 -0.0096945
0.679519 0.618453 -0.0186793
0.677937 0.617302 -0.00418246
0.67918 0.617648 -0.0153388
0.677065 0.61235 -0.0124051
0.67835 0.613826 -0.00871073
0.682328 0.612926 -0.00435592
0.681929 0.613339 -0.00557488
0.682577 0.611796 -0.00678101
0.685371 0.610967 -0.00474532
0.686225 0.610804 -0.0047344
0.684104 0.613549 -0.0109586
0.681664 0.620059 -0.0184904
0.683453 0.624537 -0.00354521
0.682237 0.628248 -0.00430426
0.680659 0.629052 -0.0149994
0.67801 0.633186 -0.0133731
0.679513 0.630145 -0.0124841
0.678458 0.631634 -0.00307559
0.675696 0.628253 -0.0156449
0.67785 0.627362 -0.01707
0.678172 0.631573 -0.00836242
0.67613 0.636394 -0.00947623
0.677221 0.634021 -0.00687729
0.681179 0.632706 -0.017929
0.68571 0.634138 -0.0160179
0.691008 0.63199 -0.00461729
0.692037 0.62872 -0.00365839
0.686617 0.630831 -0.00599813
0.681469 0.629511 -0.00346675
0.679024 0.628495 -0.00779559
0.68177 0.628986 -0.00335192
0.681357 0.627611 -0.00584609
0.687677 0.626756 -0.00742734
0.685611 0.630202 -0.00662842
0.687179 0.629578 -0.00531763
0.687001 0.634898 -0.0110636
0.681619 0.638347 -0.013936
0.682034 0.641556 -0.0140704
0.673347 0.645747 -0.00261055
0.672968 0.645849 -0.00201733
0.677224 0.64563 -0.00222963
0.676174 0.644723 -0.00172628
0.675836 0.644331 -0.0103996
0.673982 0.648587 -0.0162381
0.676368 0.643496 -0.00239749
0.680436 0.643842 -0.0057124
0.681439 0.648693 -0.0105795
0.682811 0.64901 -0.00402916
0.680677 0.646595 -0.00570412
0.679461 0.642645 -0.0179965
0.680016 0.6432 -0.0058775
0.675762 0.646133 -0.00195621
0.678699 0.642655 -0.0138373
0.680066 0.647705 -0.0023799
0.681693 0.645547 -0.010327
0.682512 0.647299 -0.0082465
0.682182 0.649334 -0.00943831
0.683883 0.649944 -0.00837478
0.683806 0.650648 -0.0103325
0.685074 0.649455 -0.0119559
0.6844 0.645257 -0.00209235
0.688232 0.645178 -0.0153182
0.689582 0.648016 -0.0166192
0.691095 0.649951 -0.0112077
0.691146 0.644681 -0.0122377
0.692524 0.647981 -0.00290383
0.695802 0.642357 -0.00539274
0.695716 0.641741 -0.00338783
0.701391 0.641869 -0.00327947
0.701109 0.641775 -0.00530634
0.703583 0.641406 -0.00529098
0.70594 0.640264 -0.00421154
0.704975 0.637738 -0.00369673
0.703304 0.637524 -0.0111311
0.703293 0.63595 -0.0041571
0.704669 0.636188 -0.00971846
0.706305 0.638142 -0.00375089
0.707067 0.639811 -0.00489148
0.706894 0.639138 -0.015717
0.713397 0.638419 -0.0041163
0.711504 0.639592 -0.0166477
0.707609 0.645417 -0.0058196
0.710632 0.644182 -0.00373761
0.709717 0.642288 -0.0116873
0.7089 0.636995 -0.00646716
0.708279 0.641035 -0.0036941
0.704955 0.642496 -0.00827347
0.702374 0.639766 -0.00654957
0.700421 0.635703 -0.00361881
0.697136 0.63584 -0.00381866
0.702299 0.637663 -0.0171806
0.705677 0.637333 -0.00540627
0.707806 0.63608 -0.00496248
0.70473 0.634825 -0.0142114
0.702715 0.640633 -0.0170341
0.699578 0.645192 -0.00306015
0.695063 0.644833 -0.00805866
0.699184 0.644165 -0.014548
0.699225 0.643277 -0.00986009
0.702337 0.643238 -0.00339209
0.701184 0.63879 -0.00351699
0.701362 0.634359 -0.013641
0.69681 0.633186 -0.00426283
0.692944 0.630781 -0.00357624
0.692244 0.626247 -0.00767466
0.691949 0.62402 -0.0040256
0.693637 0.628012 -0.00650779
0.693968 0.624892 -0.00650062
0.696171 0.624455 -0.00483824
0.694951 0.629003 -0.00380023
0.692737 0.631608 -0.0043298
0.694192 0.629551 -0.00480282
0.701587 0.633433 -0.00389456
0.699381 0.631239 -0.0164577
0.697376 0.634307 -0.00546253
