1.1055 0
1.1306 0.0251063
1.11924 0.0184204
1.14288 0.0269957
1.1412 0.0209784
1.13918 0.0172478
1.13764 0.0146581
1.14236 0.0135434
1.14038 0.0121068
1.13563 0.0118236
1.13951 0.0113763
1.13741 0.0105963
1.13912 0.00989653
1.13988 0.00919409
1.1413 0.00867542
1.13967 0.00827701
1.14176 0.00805195
1.14054 0.00768985
1.13997 0.00729612
1.14167 0.00712925
1.14037 0.00690543
1.14161 0.00670051
1.13852 0.00711171
1.14228 0.00777839
1.14128 0.00752755
1.13967 0.00740904
1.14125 0.00730199
1.14143 0.00703862
1.14147 0.00679173
1.14077 0.006599
1.1427 0.00666755
1.14088 0.0067067
1.14226 0.00664422
1.14159 0.0064799
1.14042 0.00640009
1.14115 0.00626181
1.14086 0.00609681
1.14202 0.00604594
1.14224 0.00589288
1.14162 0.00577644
1.14155 0.0056343
1.14196 0.00551372
1.14183 0.00538534
1.14164 0.00526511
1.14023 0.00533624
1.14273 0.00578525
1.14139 0.00581684
1.14174 0.00570533
1.14152 0.00559198
1.14211 0.00550994
