-6.67326 0
-6.69906 0.0257986
-6.68667 0.0193762
-6.71094 0.0278717
-6.70958 0.0216322
-6.70742 0.0177944
-6.70665 0.0150585
-6.71128 0.0138405
-6.70912 0.0123962
-6.70434 0.0120738
-6.70825 0.0115982
-6.706 0.0108242
-6.70772 0.0101042
-6.70846 0.00938379
-6.70995 0.00886237
-6.70813 0.00848653
-6.71017 0.00822866
-6.70886 0.00786866
-6.7082 0.00747198
-6.71006 0.00732829
-6.70874 0.00709492
-6.70999 0.00688045
-6.70693 0.00725198
-6.71076 0.00792645
-6.70972 0.00767266
-6.70808 0.00755269
-6.70965 0.00743608
-6.70979 0.00716689
-6.70986 0.00691565
-6.70919 0.00671425
-6.71113 0.00677893
-6.70924 0.00683076
-6.71066 0.00677078
-6.70982 0.006622
-6.70868 0.00653133
-6.70941 0.00639
-6.70914 0.00622086
-6.71042 0.00618836
-6.71067 0.00603292
-6.71003 0.00591525
-6.70998 0.00576937
-6.71044 0.00564887
-6.71037 0.00551642
-6.71017 0.00539332
-6.70875 0.00545852
-6.7113 0.00591435
-6.70994 0.00594503
-6.71027 0.00582963
-6.71009 0.00571244
-6.71069 0.00562961
