0.890759 0
0.907874 0.0171147
0.900161 0.0125349
0.916268 0.0183843
0.915113 0.0142872
0.913742 0.0117458
0.912709 0.00998059
0.915946 0.00922984
0.914585 0.00825289
0.911347 0.00806083
0.914041 0.00777314
0.912592 0.00724221
0.91374 0.00676
0.914266 0.0062806
0.915225 0.00592506
0.914099 0.00565553
0.915523 0.00549981
0.914687 0.00525224
0.914287 0.00498422
0.915434 0.00486575
0.914548 0.0047124
0.915402 0.00457352
0.913297 0.00485031
0.915861 0.0053043
0.915173 0.00513402
0.914079 0.00505249
0.915155 0.0049796
0.915285 0.00480022
0.915319 0.00463186
0.914837 0.00450074
0.916149 0.00454659
0.914901 0.00457571
0.915834 0.00453203
0.915382 0.00441991
0.914583 0.00436551
0.915083 0.00427186
0.914881 0.00415972
0.915666 0.00412421
0.915815 0.00401983
0.915399 0.00394
0.915347 0.00384305
0.915626 0.00376074
0.915538 0.00367328
0.915406 0.00359126
0.914438 0.00364152
0.916139 0.00394683
0.915227 0.00396812
0.915469 0.00389209
0.915319 0.00381479
0.915713 0.0037584
