-5.56776 0
-5.56846 0.00069235
-5.56743 0.00110117
-5.56806 0.000999099
-5.56838 0.000837776
-5.56824 0.00069804
-5.56901 0.000972871
-5.56893 0.000846716
-5.56874 0.000769199
-5.56871 0.000688744
-5.56874 0.000623546
-5.56859 0.000587539
-5.5686 0.000540496
-5.56857 0.000500968
-5.56865 0.000472721
-5.56846 0.000480014
-5.56841 0.000454083
-5.56832 0.000437155
-5.56823 0.00042277
-5.56838 0.000428711
-5.56837 0.000408217
-5.56838 0.000389432
-5.56841 0.000373774
-5.56848 0.000363375
-5.56844 0.000350066
-5.56841 0.00033813
-5.56841 0.000325395
-5.56836 0.000316227
-5.56838 0.000305671
-5.56842 0.000297643
-5.56844 0.00028833
-5.56836 0.000288889
-5.5684 0.000283276
-5.56823 0.000326103
-5.56825 0.000317645
-5.56827 0.000308972
-5.56828 0.00030072
-5.5684 0.000316759
-5.56844 0.000310655
-5.56841 0.000304165
-5.56844 0.000298007
-5.56848 0.000294781
-5.56853 0.000291932
-5.56853 0.000285294
-5.56852 0.000278928
-5.56857 0.000277187
-5.56855 0.000272184
-5.56853 0.000266939
-5.56856 0.000263576
-5.56859 0.000259163
