0.736999 0
0.753736 0.0167375
0.746159 0.0122803
0.761922 0.0179972
0.7608 0.0139856
0.759452 0.0114985
0.758426 0.00977208
0.761572 0.00902892
0.760254 0.00807118
0.757089 0.00788237
0.759674 0.00758418
0.758271 0.00706418
0.759413 0.00659769
0.759921 0.00612939
0.760865 0.00578361
0.759779 0.00551801
0.761175 0.00536797
0.760357 0.00512656
0.759978 0.00486408
0.761116 0.00475284
0.760247 0.00460362
0.761076 0.004467
0.759012 0.00474114
0.761519 0.00518559
0.760852 0.00501837
0.75978 0.00493936
0.760832 0.00486799
0.760951 0.00469241
0.760982 0.00452782
0.760513 0.00439933
0.761799 0.00444503
0.760588 0.00447113
0.761505 0.00442948
0.761062 0.00431993
0.760281 0.00426672
0.760764 0.00417454
0.760575 0.00406454
0.761347 0.00403063
0.761491 0.00392859
0.761082 0.00385096
0.761031 0.0037562
0.761304 0.00367581
0.761223 0.00359023
0.761093 0.00351007
0.760154 0.00355749
0.761818 0.00385684
0.760926 0.00387789
0.761162 0.00380355
0.761015 0.00372799
0.761404 0.00367329
