-5.56559
-5.56412
-5.56299
-5.56353
-5.56447
-5.56507
-5.56514
-5.56508
-5.56506
-5.56704
-5.56853
-5.56804
-5.57104
-5.57001
-5.57231
-5.57314
-5.57265
-5.57033
-5.57019
-5.57094
-5.57151
-5.56981
-5.57021
-5.57004
-5.5693
-5.56869
-5.56932
-5.56811
-5.57003
-5.56805
-5.56702
-5.56855
-5.56842
-5.5675
-5.56789
-5.56935
-5.56941
-5.57124
-5.56905
-5.56945
-5.5677
-5.56714
-5.56592
-5.56515
-5.56364
-5.56219
-5.56061
-5.55902
-5.5603
-5.56167
-5.56279
-5.56428
-5.56659
-5.56644
-5.56683
-5.56757
-5.56942
-5.56988
-5.56999
-5.57042
-5.57119
-5.57236
-5.57235
-5.57276
-5.57224
-5.57236
-5.57117
-5.57228
-5.57219
-5.56931
-5.56913
-5.56935
-5.56834
-5.56827
-5.56804
-5.56846
-5.56787
-5.56675
-5.56667
-5.56758
-5.56538
-5.56624
-5.56578
-5.56738
-5.5673
-5.56796
-5.56992
-5.57056
-5.5715
-5.57217
-5.57181
-5.57067
-5.57123
-5.57222
-5.57209
-5.57081
-5.57011
-5.56966
-5.57097
-5.56942
-5.56677
-5.56568
-5.56517
-5.5639
-5.56608
-5.5655
-5.56757
-5.56987
-5.57189
-5.57092
-5.56983
-5.56935
-5.56963
-5.56825
-5.56796
-5.56788
-5.56614
-5.56564
-5.56671
-5.56606
-5.56721
-5.57144
-5.57259
-5.57265
-5.5771
-5.57764
-5.57856
-5.57678
-5.57851
-5.5771
-5.57531
-5.57577
-5.5749
-5.57264
-5.57218
-5.57157
-5.57053
-5.56943
-5.57028
-5.57085
-5.56826
-5.5693
-5.56981
-5.56916
-5.5668
-5.56833
-5.56831
-5.5677
-5.56866
-5.57122
-5.57056
-5.57034
-5.56991
-5.56839
-5.5679
-5.56668
-5.5652
-5.56587
-5.56716
-5.56719
-5.56754
-5.56874
-5.56804
-5.56944
-5.56863
-5.56913
-5.56912
-5.56903
-5.56899
-5.56809
-5.56701
-5.56483
-5.56444
-5.56261
-5.56546
-5.56385
-5.56638
-5.56898
-5.56761
-5.56739
-5.56712
-5.56698
-5.56594
-5.56425
-5.5653
-5.56618
-5.56743
-5.56819
-5.56771
-5.57008
-5.57138
-5.57024
-5.57182
-5.57192
-5.56994
-5.56918
-5.57034
-5.56767
-5.56799
-5.56875
-5.56828
-5.56781
-5.56919
-5.56974
-5.57038
-5.5708
-5.57072
-5.57121
-5.57171
-5.56971
-5.56883
-5.56717
-5.56824
-5.56687
-5.56691
-5.56646
-5.56754
-5.56896
-5.56884
-5.57062
-5.57077
-5.57155
-5.57142
-5.57069
-5.56949
-5.57089
-5.56889
-5.56874
-5.56664
-5.56592
-5.5644
-5.56608
-5.56422
-5.56303
-5.56246
-5.5647
-5.56384
-5.56406
-5.56565
-5.56636
-5.56806
-5.56804
-5.56965
-5.57214
-5.57287
-5.57193
-5.57083
-5.57169
-5.57203
-5.5724
-5.56977
-5.5696
-5.5665
-5.56644
-5.56605
-5.56443
-5.56515
-5.56616
-5.56533
-5.56439
-5.56522
-5.56426
-5.56454
-5.56744
-5.56851
-5.5706
-5.56975
-5.5713
-5.57091
-5.5692
-5.56976
-5.56852
-5.5679
-5.56777
-5.56922
-5.56713
-5.56698
-5.56707
-5.56791
-5.57129
-5.57102
-5.56807
-5.56796
-5.56876
-5.57114
-5.57154
-5.57224
-5.57361
-5.57367
-5.57657
-5.57445
-5.57183
-5.5717
-5.57088
-5.56977
-5.56781
-5.5647
-5.56403
-5.56284
-5.56204
-5.56346
-5.56348
-5.56307
-5.56323
-5.56343
-5.56185
-5.56282
-5.56379
-5.56406
-5.56602
-5.56686
-5.56807
-5.56864
-5.56767
-5.56622
-5.56728
-5.56826
-5.56849
-5.56861
-5.56792
-5.56643
-5.56487
-5.56498
-5.5627
-5.56207
-5.56277
-5.56183
-5.56301
-5.56266
-5.56561
-5.56891
-5.568
-5.56862
-5.56941
-5.57291
-5.57197
-5.5724
-5.5739
-5.57493
-5.57303
-5.57093
-5.56963
-5.56912
-5.56899
-5.56948
-5.56956
-5.56731
-5.56632
-5.56472
-5.56487
-5.56682
-5.56509
-5.56356
-5.56378
-5.56501
-5.56715
-5.56687
-5.56604
-5.5663
-5.56481
-5.56426
-5.56314
-5.56313
-5.56457
-5.56351
-5.56348
-5.56218
-5.56379
-5.5628
-5.56372
-5.5672
-5.56775
-5.5689
-5.56997
-5.5693
-5.56884
-5.5696
-5.57159
-5.57317
-5.57206
-5.57179
-5.57076
-5.57127
-5.57086
-5.56998
-5.57036
-5.57042
-5.56978
-5.57053
-5.57281
-5.57297
-5.57205
-5.57023
-5.57125
-5.57158
-5.57144
-5.57087
-5.57091
-5.57277
-5.57261
-5.5703
-5.57021
-5.56859
-5.56844
-5.56722
-5.56558
-5.56415
-5.56577
-5.56487
-5.56593
-5.56697
-5.56604
-5.56635
-5.56627
-5.56934
-5.56944
-5.57048
-5.57151
-5.57121
-5.57112
-5.57147
-5.56967
-5.57066
-5.56747
-5.56513
-5.56471
-5.56622
-5.56697
-5.56623
-5.56838
-5.56878
-5.57025
-5.57208
-5.57237
-5.5725
-5.5687
-5.56819
-5.56779
-5.56847
-5.56696
-5.56775
-5.565
-5.56353
-5.56373
-5.56571
-5.56599
-5.56724
-5.5678
-5.5679
-5.56996
-5.57054
-5.57272
-5.57292
-5.57087
-5.57254
-5.57383
-5.57185
-5.57117
-5.57246
-5.57025
-5.57103
-5.57122
-5.57083
-5.57273
-5.57337
-5.57434
-5.57366
-5.57258
-5.57235
-5.57106
-5.57103
-5.57002
-5.56867
-5.56989
-5.56848
-5.5687
-5.56707
-5.56373
-5.56395
-5.56383
-5.56422
-5.56365
-5.5662
-5.56635
-5.56707
-5.56935
-5.56737
-5.56652
-5.56935
-5.56936
-5.56985
-5.56863
-5.56807
-5.56829
-5.56738
-5.56663
-5.5663
-5.56892
-5.57028
-5.56944
-5.56938
-5.57014
-5.56776
-5.56766
-5.56938
-5.56994
-5.56896
-5.5684
-5.56765
-5.56679
-5.56718
-5.56795
-5.56753
-5.56695
-5.5646
-5.56535
-5.56564
-5.56551
-5.56689
-5.56713
-5.56808
-5.56895
-5.57025
-5.5699
-5.57007
-5.57139
-5.57009
-5.5683
-5.56978
-5.56627
-5.56404
-5.56598
-5.56722
-5.56673
-5.56901
-5.56688
-5.56709
-5.56795
-5.56908
-5.56878
-5.56703
-5.56773
-5.56769
-5.56697
-5.56656
-5.56808
-5.56986
-5.56995
-5.57026
-5.56954
-5.56687
-5.56555
-5.56694
-5.56687
-5.56471
-5.56593
-5.56562
-5.56631
-5.56635
-5.56634
-5.56821
-5.56837
-5.56649
-5.56714
-5.56584
-5.56616
-5.56584
-5.56581
-5.56673
-5.56897
-5.5697
-5.57119
-5.56951
-5.57004
-5.57136
-5.57085
-5.57081
-5.56942
-5.57199
-5.57342
-5.57237
-5.57264
-5.56986
-5.56948
-5.56797
-5.56706
-5.56754
-5.56667
-5.56585
-5.56707
-5.56638
-5.5691
-5.56759
-5.56975
-5.57033
-5.57129
-5.572
-5.57277
-5.57329
-5.57099
-5.57081
-5.56806
-5.5671
-5.56842
-5.56786
-5.568
-5.56966
-5.57139
-5.57101
-5.5716
-5.57372
-5.57321
-5.57242
-5.57086
-5.56934
-5.56767
-5.56591
-5.56472
-5.56405
-5.56257
-5.56413
-5.56419
-5.56406
-5.56275
-5.56406
-5.56403
-5.56451
-5.5668
-5.5667
-5.56678
-5.56737
-5.56878
-5.56747
-5.56901
-5.56633
-5.56568
-5.56585
-5.56557
-5.5684
-5.56873
-5.56357
-5.56774
-5.56725
-5.566
-5.565
-5.56622
-5.56582
-5.56899
-5.56989
-5.56976
-5.57118
-5.57127
-5.56982
-5.56913
-5.57181
-5.57389
-5.57399
-5.57498
-5.57523
-5.57407
-5.57215
-5.56689
-5.56675
-5.56435
-5.5614
-5.55993
-5.56224
-5.56249
-5.56062
-5.55848
-5.56055
-5.56094
-5.56026
-5.56107
-5.56111
-5.56069
-5.5621
-5.5615
-5.5631
-5.56208
-5.56135
-5.56064
-5.56296
-5.56322
-5.56417
-5.56551
-5.56721
-5.56912
-5.57165
-5.57137
-5.5694
-5.56956
-5.56995
-5.5713
-5.5734
-5.57476
-5.57453
-5.5751
-5.57395
-5.57302
-5.57098
-5.57002
-5.57006
-5.57037
-5.57222
-5.5698
-5.5677
-5.56662
-5.56658
-5.56563
-5.56507
-5.56425
-5.56515
-5.56554
-5.56831
-5.56856
-5.5704
-5.57048
-5.57197
-5.5748
-5.57348
-5.57224
-5.5686
-5.5675
-5.56646
-5.56587
-5.56521
-5.56493
-5.56448
-5.56573
-5.56862
-5.56981
-5.56909
-5.57052
-5.56894
-5.5692
-5.56824
-5.56925
-5.57181
-5.57379
-5.57475
-5.57459
-5.57324
-5.57325
-5.57269
-5.57262
-5.57317
-5.57089
-5.57266
-5.57586
-5.57487
-5.57247
-5.57048
-5.56958
-5.57121
-5.57296
-5.573
-5.57301
-5.5736
-5.5727
-5.57181
-5.57277
-5.5707
-5.56918
-5.56834
-5.56728
-5.567
-5.56843
-5.56856
-5.56983
-5.57085
-5.57225
-5.5718
-5.57157
-5.57204
-5.56946
-5.56876
-5.56763
-5.56816
-5.56986
-5.57202
-5.57116
-5.57158
-5.56981
-5.56844
-5.56551
-5.56549
-5.5651
-5.56627
-5.56867
-5.56683
-5.56601
-5.56565
-5.56486
-5.56468
-5.56411
-5.56595
-5.56704
-5.56751
-5.56892
-5.56779
-5.56813
-5.5665
-5.56451
-5.5667
-5.56919
-5.57069
-5.57029
-5.57162
-5.57151
-5.57094
-5.57084
-5.57054
-5.57031
-5.57046
-5.57064
-5.5692
-5.56995
-5.56985
-5.57176
-5.57241
-5.5725
-5.57408
-5.57239
-5.57012
-5.57027
-5.57097
-5.57103
-5.57076
-5.57078
-5.57217
-5.57341
-5.57266
-5.57179
-5.57117
-5.56867
-5.56767
-5.56646
-5.56467
-5.56518
-5.56616
-5.56706
-5.57022
-5.57189
-5.57289
-5.57272
-5.57198
-5.57027
-5.57064
-5.5686
-5.56834
-5.57005
-5.56843
-5.57024
-5.57029
-5.57126
-5.57327
-5.57248
-5.57183
-5.57293
-5.57344
-5.57263
-5.57103
-5.57179
-5.56935
-5.56924
-5.56862
-5.56735
-5.5676
-5.56697
-5.56754
-5.56799
-5.56621
-5.56712
-5.56501
-5.56486
-5.56527
-5.56754
-5.56816
-5.56722
-5.56646
-5.5663
-5.56552
-5.56514
-5.56329
-5.56164
-5.56225
-5.56328
-5.56544
-5.5664
-5.56859
-5.56789
-5.56957
-5.57218
-5.57273
-5.57349
-5.57322
-5.5756
-5.57488
-5.57211
-5.57253
-5.57325
-5.57271
-5.57449
-5.57503
-5.57373
-5.57288
-5.5725
-5.57162
-5.57282
-5.57026
-5.56974
-5.56671
-5.56598
-5.56751
-5.56901
-5.57015
-5.56935
-5.5683
-5.56705
-5.5672
-5.56604
-5.56762
-5.56699
-5.56608
-5.56659
-5.56705
-5.56632
-5.56587
-5.56546
-5.56474
-5.56456
-5.56701
-5.56577
-5.56783
-5.56928
-5.57143
-5.57183
-5.57156
-5.5707
-5.57022
-5.57264
-5.57074
-5.56899
-5.56838
-5.56766
-5.56701
-5.56755
-5.56616
-5.56741
-5.56728
-5.56718
-5.5682
-5.5674
-5.56652
-5.56727
-5.56746
-5.56705
-5.56499
-5.56537
-5.5675
-5.56552
-5.56697
-5.56711
-5.56867
-5.57045
-5.57054
-5.56992
-5.57046
-5.57243
-5.57313
-5.574
-5.57198
-5.57055
-5.57108
-5.56984
-5.57124
-5.57152
-5.57073
-5.56984
-5.5714
-5.57279
-5.57269
-5.57294
-5.57407
-5.57207
-5.57327
-5.57407
-5.5735
-5.56973
-5.56714
-5.56854
-5.56672
-5.56636
-5.56365
-5.56367
-5.56556
-5.56776
-5.5688
-5.5683
