0.940831
0.921648
0.900068
0.878484
0.859618
0.846008
0.839217
0.839288
0.844763
0.853557
0.864197
0.876048
0.888726
0.901694
0.913436
0.922641
0.928509
0.931309
0.932208
0.932936
0.934893
0.938679
0.943685
0.94851
0.951402
0.950756
0.945658
0.936277
0.923599
0.909593
0.896233
0.885519
0.879548
0.879981
0.887583
0.901719
0.920173
0.939658
0.956991
0.969317
0.974837
0.972408
0.961661
0.942904
0.917312
0.886903
0.854776
0.824854
0.801426
0.78821
0.787
0.797161
0.816072
0.84034
0.866599
0.89227
0.915679
0.935963
0.952676
0.965666
0.974993
0.980969
0.984253
0.985576
0.985452
0.983983
0.981071
0.976718
0.971408
0.96589
0.960861
0.957046
0.954988
0.954818
0.956002
0.956924
0.955158
0.948579
0.936563
0.920498
0.903244
0.887913
0.877295
0.872866
0.87491
0.882366
0.893385
0.905698
0.916798
0.924542
0.927721
0.926649
0.923338
0.920841
0.921462
0.925325
0.930329
0.933632
0.933131
0.928416
0.920332
0.910427
0.900475
0.892139
0.886816
0.885901
0.8901
0.899419
0.912617
0.927433
0.940868
0.950084
0.95306
0.948898
0.937781
0.920852
0.899854
0.876648
0.853077
0.830935
0.811541
0.796013
0.785559
0.781392
0.784803
0.796647
0.815916
0.840222
0.866553
0.89287
0.918162
0.942179
0.964862
0.985808
1.00411
1.01879
1.02894
1.03397
1.03365
1.02822
1.01814
1.00376
0.985826
0.965148
0.94297
0.921026
0.901876
0.888229
0.882438
0.88553
0.896561
0.912557
0.929776
0.944816
0.955139
0.959516
0.957839
0.95098
0.940708
0.929315
0.919141
0.912095
0.909145
0.909827
0.912713
0.915707
0.91705
0.915767
0.911758
0.905591
0.898149
0.890565
0.884046
0.879875
0.87909
0.882681
0.890529
0.901717
0.914088
0.924473
0.929879
0.928277
0.91919
0.903916
0.885106
0.866203
0.850121
0.838778
0.832922
0.832428
0.836807
0.845159
0.856104
0.868416
0.880951
0.89292
0.903947
0.914267
0.924181
0.934405
0.94566
0.958184
0.971674
0.985246
0.997464
1.00673
1.01168
1.01138
1.00556
0.994586
0.97925
0.960723
0.94008
0.918438
0.896569
0.875399
0.856131
0.840784
0.831982
0.832137
0.842444
0.861725
0.886792
0.91351
0.938134
0.957912
0.971299
0.97731
0.975715
0.966605
0.950886
0.930021
0.906282
0.881962
0.859307
0.840062
0.825576
0.81656
0.813639
0.817436
0.828353
0.846236
0.869677
0.896235
0.922891
0.946658
0.965566
0.979111
0.987887
0.99256
0.993026
0.988363
0.97804
0.962275
0.94258
0.92143
0.901506
0.885304
0.874239
0.868307
0.866453
0.867477
0.870506
0.87542
0.882821
0.893241
0.906956
0.923157
0.940238
0.955819
0.967468
0.973461
0.973003
0.966533
0.955534
0.942272
0.929014
0.917802
0.909774
0.905112
0.903475
0.904167
0.906515
0.910091
0.914541
0.919637
0.925182
0.931148
0.93762
0.944276
0.950423
0.954849
0.956474
0.954803
0.949824
0.942021
0.932331
0.921808
0.911557
0.902302
0.894073
0.886443
0.878593
0.869849
0.860069
0.849905
0.840736
0.834757
0.834133
0.840103
0.852548
0.869918
0.890105
0.911182
0.931756
0.950962
0.96832
0.983242
0.994985
1.00263
1.00511
1.00155
0.991778
0.976708
0.95815
0.938581
0.92043
0.905247
0.894028
0.887199
0.885114
0.887994
0.895432
0.906659
0.920391
0.935306
0.94961
0.961687
0.970241
0.974718
0.975385
0.97323
0.969338
0.964418
0.958567
0.951399
0.942413
0.931129
0.91761
0.902346
0.886357
0.871114
0.857935
0.84798
0.841897
0.839635
0.840553
0.843306
0.846341
0.848531
0.849203
0.84851
0.847213
0.84633
0.846814
0.849106
0.853514
0.860031
0.868742
0.879399
0.891749
0.905762
0.921149
0.937533
0.954244
0.970433
0.985389
0.998618
1.00974
1.01816
1.02301
1.02348
1.01881
1.00894
0.994545
0.977163
0.959008
0.942209
0.928061
0.916612
0.906972
0.898023
0.889504
0.882416
0.878782
0.880304
0.887376
0.898392
0.910485
0.92073
0.926978
0.928241
0.924706
0.917187
0.907107
0.896084
0.885593
0.876773
0.870499
0.866971
0.86621
0.868097
0.872305
0.878431
0.885894
0.89432
0.903315
0.912779
0.922585
0.932248
0.9407
0.946504
0.9483
0.945856
0.939817
0.931889
0.924226
0.918741
0.916669
0.918291
0.923256
0.930287
0.937636
0.943509
0.946383
0.945593
0.941022
0.933313
0.923221
0.911462
0.89834
0.884146
0.868765
0.852277
0.835318
0.819319
0.806199
0.7981
0.796733
0.802781
0.815817
0.834008
0.854949
0.876267
0.896189
0.914002
0.929487
0.942506
0.953143
0.961791
0.968765
0.974644
0.979831
0.984589
0.989189
0.993798
0.998381
1.00252
1.00554
1.00674
1.00563
1.00204
0.995937
0.987176
0.975632
0.961052
0.943801
0.924917
0.906194
0.889956
0.877989
0.871057
0.868672
0.870025
0.874305
0.881087
0.890155
0.900689
0.911377
0.920826
0.927572
0.930717
0.929911
0.925638
0.918978
0.911052
0.902756
0.894513
0.886579
0.879291
0.873292
0.869588
0.869258
0.872621
0.879417
0.888622
0.898709
0.907987
0.915041
0.918796
0.918653
0.91466
0.907372
0.897693
0.886785
0.875801
0.86609
0.859062
0.856187
0.858881
0.867887
0.883209
0.903899
0.928045
0.952862
0.975154
0.992064
1.00166
1.00337
0.998146
0.987597
0.973688
0.958459
0.943561
0.930274
0.919815
0.91269
0.909228
0.909265
0.912215
0.917071
0.922687
0.928337
0.933602
0.938328
0.942391
0.945593
0.947526
0.947544
0.945079
0.9399
0.932095
0.922205
0.91126
0.90044
0.890751
0.883108
0.877886
0.875182
0.874785
0.876335
0.879355
0.883175
0.887146
0.891113
0.895019
0.898954
0.902821
0.906391
0.909625
0.912986
0.917252
0.923205
0.930831
0.939346
0.947396
0.953545
0.956974
0.957628
0.956405
0.954358
0.951917
0.948802
0.943764
0.935625
0.923571
0.907684
0.889218
0.870304
0.853706
0.842255
0.837761
0.840931
0.8508
0.865738
0.883805
0.903205
0.922211
0.939079
0.952153
0.959988
0.962171
0.959227
0.952862
0.945653
0.940239
0.938755
0.942312
0.950674
0.962154
0.974186
0.984113
0.989602
0.989234
0.982708
0.970722
0.954652
0.936186
0.916862
0.897951
0.880317
0.86485
0.852425
0.84395
0.839875
0.840244
0.844393
0.851375
0.860372
0.870429
0.880613
0.889905
0.897441
0.90238
0.904576
0.904137
0.901972
0.899372
0.897651
0.89794
0.90074
0.905554
0.911991
0.91916
0.926339
0.933098
0.939341
0.945023
0.950296
0.954931
0.958435
0.960429
0.961049
0.960881
0.960813
0.961588
0.963259
0.965342
0.967295
0.968439
0.967969
0.965201
0.959355
0.950331
0.938451
0.92461
0.910161
0.896725
0.885558
0.877305
0.872095
0.869829
0.86994
0.871645
0.874098
0.876413
0.877669
0.877279
0.874728
0.8698
0.862217
0.851909
0.839162
0.825138
0.811738
0.801594
0.79739
0.801105
0.813478
0.833792
0.8599
0.888809
0.917516
0.943317
0.96429
0.979359
0.988295
0.991632
0.990693
0.987002
0.982036
0.976792
0.971767
0.966874
0.961609
0.955601
0.94849
0.940371
0.931682
0.922957
0.91457
0.906927
0.900592
0.896395
0.895174
0.897727
0.904122
0.913899
0.925803
0.93816
0.949197
0.95703
0.960394
0.958539
0.951493
0.939859
0.924905
0.908719
0.894337
0.884898
0.882131
0.884896
0.889533
0.892063
0.890607
0.885496
0.878937
0.873539
0.871468
0.873923
0.881009
0.89207
0.905839
0.920585
0.934644
0.946546
0.955535
0.961873
0.966327
0.970076
0.973826
0.977204
0.978942
0.977429
0.971654
0.961777
0.949065
0.935353
0.922539
0.912056
0.904389
0.899188
0.895792
0.893368
0.891671
0.891136
0.892588
0.896859
0.904334
0.91446
0.925903
0.936841
0.945548
0.950772
0.952245
0.950834
0.948088
0.945775
0.9448
0.944929
0.945029
0.944051
0.941456
0.937565
0.932868
0.927889
0.922748
0.917366
0.911326
0.904179
0.895673
0.885727
0.87494
0.864541
0.856254
0.852016
0.853243
0.860256
0.871701
0.885211
0.898619
0.910396
0.91999
0.927182
0.931703
0.933396
0.932117
0.927951
0.921337
0.913338
0.90518
0.898023
0.892805
0.890185
0.890618
0.894408
0.901743
0.912281
0.925184
0.938797
0.951294
0.96082
0.966028
0.966437
0.962086
0.95362
0.94237
0.930264
0.91956
0.912428
0.910197
0.91277
0.918389
0.924154
0.927155
0.925073
0.916468
0.901267
0.88103
0.859283
0.841296
0.832054
0.833694
0.844485
0.860177
0.876512
0.890787
0.902123
0.910915
0.91842
0.925743
0.933629
0.942003
0.949924
0.956491
0.960965
0.963365
0.964373
0.964855
0.965762
0.967796
0.971129
0.975169
0.978623
0.979846
0.976806
0.967933
0.952486
0.931066
0.905886
0.880271
0.85802
0.842301
0.834753
0.835506
0.843024
0.854924
0.868331
0.880649
0.889729
0.894089
0.893027
0.886521
0.874927
0.859008
0.839848
0.81912
0.79934
0.783609
0.775174
0.77642
0.788464
0.810666
0.84107
0.876927
0.915117
0.952874
0.987892
1.01871
1.04427
1.06391
1.07749
1.08507
1.08684
1.08327
1.07491
1.06244
1.0468
1.02904
1.01008
0.990919
0.972212
0.95469
0.938636
0.924218
0.911309
0.899672
0.889166
0.880022
0.87297
0.868817
0.867983
0.869788
0.872822
0.875107
0.874908
0.87128
0.864356
0.855446
0.846746
0.840727
0.839345
0.843531
0.853117
0.866659
0.882312
0.8981
0.912665
0.925432
0.936555
0.946452
0.955256
0.96273
0.967833
0.969339
0.96628
0.958442
0.946692
0.932992
0.919771
0.909316
0.902599
0.899101
0.897535
0.896798
0.896595
0.897371
0.899633
0.903523
0.908382
0.913019
0.9161
0.916205
0.912828
0.906264
0.897694
0.888845
0.881455
0.877052
0.876774
0.881319
0.890293
0.902246
0.914688
0.925097
0.931925
0.934706
0.934257
0.931969
0.929378
0.92785
0.928643
0.932756
0.94074
0.952427
0.966906
0.982121
0.995504
1.00429
1.00608
0.999347
0.983898
0.961327
0.934372
0.906772
0.882041
0.862791
0.849909
0.842715
0.83965
