1.17893
1.15073
1.11905
1.08744
1.05983
1.0399
1.02994
1.02999
1.03796
1.05086
1.06647
1.08381
1.10249
1.12147
1.13876
1.1523
1.16093
1.16504
1.16645
1.16761
1.17055
1.17605
1.18336
1.19035
1.19448
1.19343
1.18591
1.17209
1.15357
1.13301
1.11344
1.09783
1.08913
1.08977
1.10093
1.12166
1.14864
1.17717
1.20243
1.22043
1.2284
1.22478
1.20895
1.18142
1.14388
1.09932
1.05227
1.00848
0.974304
0.955071
0.953381
0.968324
0.996083
1.03161
1.07009
1.10774
1.14212
1.1719
1.19643
1.21551
1.22922
1.23802
1.24282
1.24474
1.24449
1.24228
1.23792
1.23153
1.22372
1.21556
1.20822
1.20268
1.19969
1.19949
1.20125
1.2026
1.19998
1.19029
1.17269
1.14921
1.1239
1.1015
1.08594
1.07947
1.08241
1.09327
1.10937
1.12732
1.14352
1.15484
1.15949
1.15795
1.15322
1.1497
1.15068
1.15632
1.16361
1.1684
1.16769
1.16075
1.14887
1.13437
1.11982
1.10762
1.09993
1.09859
1.10481
1.11849
1.13782
1.15939
1.17893
1.19232
1.1966
1.1904
1.17407
1.14924
1.11841
1.08438
1.04987
1.0174
0.989017
0.966393
0.951126
0.94505
0.9502
0.967565
0.995788
1.03129
1.06987
1.10837
1.14538
1.18061
1.21386
1.24452
1.27136
1.2929
1.3078
1.31519
1.3148
1.30691
1.29209
1.27106
1.24479
1.21447
1.18191
1.14981
1.12177
1.10177
1.0933
1.09785
1.1139
1.1372
1.1623
1.1842
1.19926
1.20564
1.20319
1.19326
1.17837
1.16181
1.14704
1.13684
1.13255
1.13359
1.13775
1.1421
1.14402
1.1421
1.13621
1.12715
1.11624
1.10512
1.09562
1.08953
1.08855
1.09385
1.10549
1.12201
1.1401
1.15531
1.16322
1.16088
1.14756
1.12517
1.09768
1.07
1.04642
1.02972
1.02098
1.02015
1.02643
1.03846
1.0544
1.07232
1.09055
1.10801
1.1242
1.13926
1.15384
1.1689
1.18543
1.2038
1.22363
1.24352
1.26141
1.27495
1.28211
1.28161
1.273
1.25676
1.23417
1.20688
1.17658
1.14477
1.1127
1.08171
1.05361
1.03135
1.01868
1.01921
1.03456
1.06304
1.09993
1.13921
1.17538
1.20452
1.22416
1.233
1.23059
1.21716
1.19398
1.16333
1.12834
1.09251
1.05914
1.03086
1.0095
0.996226
0.991976
0.997598
1.01372
1.04002
1.07453
1.11363
1.15283
1.18776
1.21558
1.23559
1.24858
1.2555
1.25611
1.24923
1.23395
1.21077
1.18184
1.15074
1.1215
1.09771
1.08137
1.07253
1.06973
1.07111
1.0755
1.08278
1.09368
1.10905
1.12917
1.15297
1.17799
1.20074
1.21779
1.2265
1.22579
1.2163
1.20023
1.18075
1.16134
1.14492
1.13317
1.12642
1.124
1.12492
1.12836
1.13365
1.14027
1.1478
1.15599
1.16483
1.17436
1.18423
1.19319
1.19961
1.202
1.19955
1.19225
1.1808
1.16655
1.15115
1.13612
1.12255
1.11052
1.09933
1.08779
1.07499
1.06068
1.04578
1.03243
1.02376
1.0229
1.03171
1.04995
1.07539
1.10493
1.13575
1.16583
1.19399
1.21945
1.24131
1.2585
1.26965
1.27318
1.26787
1.25352
1.23134
1.20412
1.17547
1.14884
1.12662
1.11017
1.10025
1.09731
1.10152
1.11247
1.12897
1.14923
1.17109
1.19208
1.20985
1.22244
1.22898
1.22992
1.22674
1.22102
1.21377
1.20514
1.19455
1.18121
1.16455
1.14461
1.12219
1.09878
1.07638
1.05704
1.04248
1.03363
1.03041
1.03177
1.03581
1.0403
1.04352
1.04454
1.04356
1.04173
1.04053
1.04125
1.04462
1.05105
1.06064
1.07336
1.089
1.10721
1.12777
1.15037
1.17444
1.19895
1.22271
1.24472
1.26424
1.28065
1.29302
1.30015
1.30081
1.29399
1.27949
1.25835
1.23286
1.20622
1.18152
1.16072
1.1439
1.12968
1.11646
1.10389
1.09355
1.08827
1.09052
1.10086
1.11695
1.13465
1.14957
1.15859
1.16038
1.15512
1.14409
1.1293
1.11312
1.09774
1.08491
1.07572
1.07062
1.06956
1.07231
1.07849
1.08745
1.09843
1.11073
1.12387
1.13767
1.15192
1.16595
1.17821
1.18655
1.18913
1.18543
1.17654
1.165
1.15394
1.14607
1.14317
1.14575
1.15316
1.16361
1.17451
1.18318
1.18743
1.18618
1.17946
1.16811
1.15328
1.13591
1.1166
1.09559
1.0729
1.04864
1.02379
1.00033
0.981145
0.969313
0.96733
0.976261
0.99537
1.02207
1.05275
1.08393
1.1132
1.13938
1.16207
1.18118
1.19686
1.20952
1.21981
1.22848
1.23612
1.2432
1.25002
1.25685
1.26358
1.26963
1.27405
1.27576
1.2741
1.26877
1.25972
1.24685
1.22982
1.2084
1.18304
1.15526
1.12786
1.1041
1.08662
1.07648
1.0731
1.07514
1.08149
1.09157
1.10486
1.12032
1.1361
1.14995
1.15985
1.16442
1.16321
1.15693
1.14712
1.13545
1.12323
1.11117
1.09953
1.08879
1.07999
1.07458
1.07401
1.07892
1.0889
1.10235
1.11704
1.13056
1.14081
1.14623
1.146
1.14016
1.12948
1.1153
1.0993
1.08329
1.06916
1.05896
1.05491
1.05899
1.07233
1.09491
1.12532
1.16072
1.19707
1.22973
1.25441
1.26835
1.27082
1.263
1.24739
1.22696
1.20457
1.1826
1.16307
1.14756
1.13701
1.13187
1.13189
1.13615
1.1432
1.15148
1.15982
1.16761
1.17463
1.18074
1.18558
1.1885
1.18858
1.18499
1.17734
1.16588
1.15145
1.13541
1.11948
1.1053
1.09405
1.08638
1.08237
1.08174
1.08402
1.08842
1.09395
1.09979
1.10559
1.11137
1.11717
1.12289
1.12821
1.13307
1.13808
1.14443
1.15314
1.16434
1.17685
1.18862
1.19763
1.20263
1.2037
1.202
1.19901
1.19546
1.1908
1.18338
1.17137
1.15365
1.13037
1.1033
1.07559
1.05134
1.03456
1.02806
1.03263
1.0471
1.06894
1.09537
1.12374
1.15154
1.1762
1.19522
1.20664
1.20975
1.20544
1.19623
1.18575
1.17795
1.17595
1.18131
1.19363
1.21051
1.22823
1.24278
1.25081
1.25025
1.24066
1.22307
1.19948
1.17238
1.14401
1.11621
1.09037
1.06766
1.04942
1.03695
1.03103
1.03158
1.03771
1.04806
1.0613
1.0761
1.0911
1.1048
1.11584
1.12315
1.12631
1.12565
1.12249
1.11866
1.1162
1.11659
1.12047
1.12756
1.13689
1.14728
1.1577
1.16758
1.17668
1.18508
1.19282
1.19961
1.20479
1.20775
1.20867
1.20847
1.20853
1.20978
1.21227
1.21538
1.21825
1.21987
1.2191
1.21485
1.20625
1.19292
1.17542
1.1551
1.13401
1.11434
1.09792
1.08576
1.07816
1.07481
1.07491
1.07738
1.08092
1.08426
1.0861
1.08548
1.08176
1.07449
1.06334
1.04821
1.02961
1.00911
0.989562
0.974813
0.968773
0.974324
0.992545
1.02228
1.06043
1.10273
1.14474
1.18253
1.21328
1.23538
1.24847
1.25339
1.25201
1.24659
1.23925
1.23151
1.2241
1.21687
1.20914
1.20019
1.18966
1.17769
1.16494
1.15211
1.13981
1.12861
1.11939
1.11331
1.11167
1.11548
1.12496
1.13934
1.15687
1.1751
1.19127
1.20276
1.20766
1.205
1.19475
1.17782
1.15604
1.13246
1.11151
1.0978
1.09381
1.09779
1.1044
1.10799
1.1057
1.09816
1.08851
1.08065
1.0777
1.08136
1.09176
1.10792
1.12801
1.14956
1.17009
1.1875
1.20068
1.20992
1.21653
1.22214
1.22761
1.23246
1.23489
1.23259
1.22413
1.20969
1.19106
1.17098
1.15224
1.13685
1.12556
1.11793
1.11284
1.10921
1.10667
1.10586
1.10799
1.1143
1.12527
1.14014
1.15694
1.17301
1.18577
1.19345
1.19567
1.19359
1.1896
1.1862
1.18477
1.18495
1.18509
1.18356
1.17972
1.17392
1.16697
1.15957
1.15201
1.14409
1.13524
1.12482
1.1123
1.09772
1.08195
1.06676
1.0547
1.04856
1.05047
1.0608
1.07756
1.09737
1.11695
1.13419
1.1482
1.15868
1.16539
1.16796
1.16615
1.16006
1.15045
1.13877
1.12683
1.11637
1.10872
1.10487
1.10548
1.11099
1.12163
1.13701
1.1558
1.17569
1.1939
1.20778
1.21541
1.21597
1.20958
1.19728
1.18096
1.16341
1.14791
1.13763
1.13453
1.13839
1.14659
1.15495
1.15924
1.15603
1.14332
1.12097
1.09129
1.05951
1.03327
1.01981
1.02229
1.03807
1.06099
1.08484
1.10569
1.12226
1.13519
1.14618
1.15696
1.16859
1.18083
1.19248
1.2021
1.20868
1.21227
1.21374
1.21444
1.21581
1.2188
1.22362
1.22942
1.2344
1.236
1.23141
1.21828
1.19555
1.16416
1.12729
1.08987
1.05741
1.03444
1.02352
1.02464
1.0357
1.05317
1.0729
1.09097
1.10425
1.11061
1.10904
1.09947
1.08245
1.05906
1.03094
1.00061
0.971716
0.948813
0.936571
0.93854
0.956219
0.98882
1.03344
1.08596
1.14191
1.19718
1.24853
1.29362
1.33095
1.3597
1.37957
1.39061
1.39318
1.38791
1.37555
1.3572
1.33423
1.30815
1.28039
1.25226
1.22486
1.19914
1.17565
1.15463
1.13583
1.11888
1.10353
1.09017
1.07985
1.07377
1.07247
1.07506
1.07934
1.08248
1.08203
1.07658
1.0663
1.05317
1.0404
1.03159
1.02962
1.03591
1.05003
1.07005
1.09316
1.11651
1.13802
1.15688
1.17328
1.18784
1.20082
1.21166
1.21897
1.22101
1.21634
1.20469
1.18737
1.16716
1.14777
1.1324
1.12251
1.11737
1.11504
1.11396
1.11374
1.11495
1.11833
1.12402
1.13117
1.13804
1.14249
1.14268
1.13775
1.12821
1.11576
1.10287
1.09209
1.08572
1.0854
1.09208
1.1052
1.12255
1.14062
1.15579
1.16568
1.16978
1.16916
1.16587
1.16217
1.16013
1.1615
1.1677
1.17956
1.19683
1.21804
1.24037
1.25995
1.2727
1.2751
1.26503
1.24233
1.20911
1.16952
1.12892
1.09259
1.06431
1.04533
1.03462
1.02993
