0.785954
0.767156
0.746036
0.724958
0.706551
0.693269
0.686624
0.686662
0.691972
0.70057
0.710977
0.722543
0.734993
0.747647
0.759171
0.768199
0.773956
0.776697
0.777631
0.778409
0.780365
0.784035
0.788908
0.793569
0.79632
0.795618
0.790606
0.781393
0.769043
0.755337
0.742291
0.731889
0.726086
0.726515
0.733954
0.747772
0.765761
0.78478
0.801617
0.813618
0.818936
0.816518
0.805969
0.787617
0.762589
0.732882
0.701516
0.672323
0.649536
0.636714
0.635588
0.645549
0.664055
0.687742
0.713394
0.738492
0.761414
0.781264
0.797619
0.81034
0.81948
0.825346
0.828548
0.829827
0.829661
0.828186
0.825278
0.821018
0.815816
0.810374
0.805478
0.801789
0.799796
0.799662
0.800831
0.801736
0.799985
0.793525
0.781792
0.766138
0.749269
0.734334
0.72396
0.71965
0.721605
0.728844
0.739577
0.751546
0.762348
0.769892
0.772992
0.771966
0.768814
0.766467
0.767121
0.770881
0.77574
0.778936
0.778463
0.773836
0.765911
0.756246
0.746549
0.738415
0.733285
0.732396
0.736538
0.74566
0.758544
0.77293
0.785957
0.794879
0.797735
0.793601
0.782712
0.766159
0.745607
0.722923
0.699916
0.67827
0.659345
0.644262
0.634084
0.630033
0.633467
0.645044
0.663859
0.687529
0.713249
0.738913
0.763586
0.787073
0.809237
0.82968
0.847574
0.861933
0.871864
0.87679
0.87653
0.871272
0.861391
0.847376
0.829863
0.809648
0.787937
0.766539
0.747844
0.734511
0.728866
0.731901
0.742599
0.758137
0.774867
0.789466
0.799508
0.803762
0.80213
0.795505
0.785579
0.77454
0.764692
0.757895
0.755031
0.755724
0.758501
0.761399
0.762677
0.7614
0.757474
0.751436
0.744163
0.736743
0.730411
0.726354
0.725702
0.729234
0.736996
0.748004
0.760069
0.770206
0.775481
0.77392
0.765043
0.750116
0.731784
0.713335
0.697615
0.686479
0.680651
0.680102
0.684286
0.692309
0.702932
0.71488
0.72703
0.738676
0.749463
0.759505
0.769225
0.779264
0.790284
0.802536
0.815754
0.829016
0.84094
0.849964
0.854743
0.854406
0.848664
0.837841
0.822778
0.804585
0.784386
0.763178
0.741802
0.721138
0.702409
0.687565
0.679119
0.679474
0.689705
0.708691
0.733288
0.759471
0.783589
0.803011
0.816104
0.821998
0.820391
0.811439
0.795989
0.775555
0.752229
0.728342
0.706095
0.687243
0.673001
0.66415
0.661317
0.665065
0.675814
0.69335
0.716352
0.742421
0.768554
0.791842
0.810387
0.82373
0.832385
0.836999
0.837405
0.832819
0.822631
0.807182
0.787894
0.76716
0.747668
0.731808
0.720915
0.715023
0.713151
0.714072
0.717001
0.721853
0.72912
0.739369
0.752778
0.768648
0.785324
0.800494
0.81186
0.817667
0.817193
0.810865
0.800154
0.787169
0.774225
0.763277
0.755445
0.750946
0.749331
0.749945
0.752241
0.755764
0.760181
0.765197
0.770662
0.776554
0.782909
0.789488
0.795462
0.79974
0.801333
0.799697
0.794832
0.787198
0.777699
0.767431
0.757413
0.748364
0.740349
0.732884
0.725197
0.716657
0.707118
0.697186
0.688287
0.682507
0.681932
0.68781
0.699968
0.716928
0.736623
0.757165
0.777219
0.795994
0.812966
0.827541
0.839
0.846432
0.848787
0.845245
0.835678
0.820896
0.802748
0.783644
0.765893
0.751081
0.740113
0.733502
0.73154
0.73435
0.741647
0.752649
0.766153
0.780724
0.794722
0.806567
0.814961
0.819318
0.819948
0.817829
0.814012
0.809178
0.803426
0.796364
0.787474
0.776366
0.763073
0.748125
0.73252
0.717588
0.70469
0.694984
0.689085
0.686939
0.687849
0.69054
0.693535
0.695677
0.696362
0.695709
0.694487
0.69369
0.694165
0.696414
0.700697
0.707092
0.715577
0.726002
0.738137
0.751844
0.766913
0.782959
0.799298
0.815143
0.829814
0.842826
0.853764
0.86201
0.866768
0.867206
0.862659
0.852993
0.838899
0.821909
0.804148
0.787683
0.773816
0.762603
0.753118
0.744305
0.735927
0.729032
0.725511
0.727014
0.733904
0.744633
0.756432
0.766381
0.772392
0.773589
0.770083
0.762729
0.752866
0.742082
0.731829
0.72327
0.717149
0.713745
0.713039
0.714875
0.718993
0.724964
0.73229
0.740485
0.749243
0.758447
0.767946
0.777299
0.785476
0.791033
0.792754
0.790285
0.78436
0.776665
0.769292
0.764047
0.76211
0.763833
0.768776
0.775742
0.78301
0.788789
0.791623
0.790786
0.786305
0.778743
0.768853
0.757275
0.744398
0.730396
0.715263
0.699096
0.682527
0.666885
0.654096
0.646209
0.644887
0.650841
0.66358
0.681382
0.701833
0.72262
0.742133
0.759589
0.774714
0.787455
0.797908
0.806347
0.813209
0.818989
0.824082
0.828802
0.833346
0.837899
0.842386
0.846423
0.849366
0.850507
0.849399
0.845844
0.839816
0.831235
0.819882
0.805601
0.788691
0.770174
0.751904
0.736065
0.724411
0.717653
0.7154
0.716758
0.720995
0.727712
0.736575
0.746882
0.757398
0.766636
0.773235
0.776277
0.775471
0.771289
0.764749
0.756965
0.74882
0.740782
0.733023
0.725863
0.71999
0.716384
0.71601
0.719283
0.725933
0.734901
0.744694
0.753703
0.760538
0.764156
0.764002
0.760107
0.752984
0.743536
0.732865
0.722193
0.712771
0.705975
0.703275
0.705995
0.714889
0.729937
0.750215
0.773811
0.798046
0.819818
0.836272
0.84557
0.847215
0.841998
0.831592
0.817975
0.803047
0.788401
0.775382
0.765039
0.758009
0.754581
0.754591
0.757435
0.762136
0.767654
0.773216
0.778407
0.783089
0.787161
0.790389
0.79233
0.792389
0.789991
0.784896
0.777256
0.76763
0.756939
0.746321
0.736865
0.72937
0.724252
0.721578
0.721158
0.722681
0.725613
0.729298
0.733194
0.73706
0.74091
0.744781
0.748594
0.752138
0.755381
0.75872
0.762953
0.768761
0.77623
0.78457
0.792415
0.798419
0.801752
0.802468
0.801335
0.799343
0.796974
0.793869
0.78892
0.780915
0.769101
0.753583
0.735534
0.71706
0.700892
0.689708
0.685372
0.688418
0.698065
0.712625
0.730246
0.749163
0.767694
0.784131
0.796811
0.80443
0.8065
0.803626
0.797484
0.790503
0.785299
0.783964
0.787542
0.795754
0.80701
0.818822
0.828519
0.833874
0.833498
0.827108
0.81538
0.799653
0.781584
0.762674
0.74414
0.726911
0.711774
0.699616
0.691303
0.687351
0.687722
0.691808
0.698706
0.707532
0.717401
0.727399
0.736536
0.743896
0.748768
0.750871
0.750436
0.748326
0.745775
0.744133
0.744391
0.74698
0.75171
0.757928
0.764851
0.771798
0.778388
0.784454
0.790053
0.795213
0.799737
0.803195
0.805167
0.80578
0.805649
0.805683
0.806521
0.808181
0.81025
0.812165
0.813249
0.812733
0.809901
0.804163
0.795283
0.783613
0.770065
0.756005
0.742893
0.731949
0.723839
0.718773
0.716541
0.716604
0.718252
0.720615
0.722838
0.724066
0.723652
0.721176
0.716328
0.708895
0.698807
0.686409
0.672739
0.659708
0.649875
0.645848
0.649549
0.661697
0.681521
0.706954
0.735154
0.763159
0.788353
0.808856
0.823589
0.832313
0.835596
0.834671
0.831058
0.826164
0.821006
0.816065
0.811248
0.806093
0.800129
0.793104
0.785127
0.776624
0.768076
0.759876
0.752408
0.746263
0.742207
0.741112
0.743653
0.749975
0.75956
0.771244
0.783397
0.794179
0.801841
0.805104
0.80333
0.796501
0.785212
0.77069
0.754976
0.741008
0.731864
0.729207
0.731858
0.736265
0.738659
0.73713
0.732106
0.725674
0.720431
0.718469
0.720908
0.727838
0.738616
0.752005
0.766374
0.780062
0.791665
0.800453
0.806611
0.811018
0.81476
0.818404
0.821637
0.823259
0.821724
0.816086
0.806458
0.794043
0.780657
0.768158
0.757897
0.750372
0.745284
0.741894
0.739471
0.737782
0.737237
0.738658
0.742867
0.750178
0.760096
0.771293
0.782006
0.790512
0.795633
0.797115
0.795728
0.793067
0.7908
0.789848
0.78997
0.790061
0.789042
0.786478
0.782616
0.777981
0.773044
0.768005
0.762723
0.75683
0.749882
0.741534
0.731815
0.721302
0.711176
0.703136
0.699041
0.700314
0.707199
0.718376
0.731578
0.74463
0.756128
0.765465
0.772456
0.776924
0.778637
0.777433
0.773376
0.766968
0.75918
0.751223
0.744246
0.739147
0.736578
0.736986
0.740662
0.747756
0.758007
0.770535
0.78379
0.795935
0.805186
0.810276
0.810645
0.806386
0.798187
0.78731
0.775606
0.765272
0.75842
0.75635
0.758926
0.764394
0.769968
0.772828
0.770684
0.76221
0.747315
0.727526
0.706341
0.688849
0.679875
0.681529
0.69205
0.707328
0.723224
0.737126
0.74817
0.756793
0.764121
0.771304
0.779062
0.787218
0.794987
0.801398
0.805786
0.808177
0.809157
0.809628
0.810542
0.812532
0.815745
0.819613
0.822934
0.824
0.820942
0.81219
0.797031
0.776104
0.751528
0.726583
0.704937
0.68963
0.682345
0.68309
0.690465
0.702116
0.715265
0.727312
0.736164
0.740404
0.739359
0.732979
0.721635
0.706038
0.68729
0.667073
0.647811
0.632542
0.624381
0.625693
0.63748
0.659213
0.688958
0.723975
0.76127
0.798121
0.83235
0.862414
0.887302
0.906466
0.919712
0.92707
0.92879
0.92527
0.917032
0.904798
0.889484
0.872103
0.853593
0.834838
0.816575
0.799428
0.783767
0.769753
0.757217
0.745918
0.735688
0.726779
0.719897
0.71585
0.714983
0.716709
0.71956
0.721656
0.721355
0.717718
0.710866
0.702114
0.693602
0.687729
0.686417
0.69061
0.700018
0.713366
0.728774
0.744339
0.758681
0.771251
0.782184
0.791893
0.800548
0.807773
0.812647
0.814004
0.810893
0.803124
0.791577
0.778109
0.765179
0.754931
0.748338
0.744917
0.743363
0.74264
0.742493
0.743302
0.745551
0.749345
0.754116
0.758691
0.761658
0.761787
0.7585
0.752143
0.743843
0.735247
0.728062
0.723811
0.723601
0.72805
0.736798
0.74837
0.760416
0.770523
0.77712
0.779851
0.77944
0.777246
0.774779
0.773419
0.774336
0.778467
0.786371
0.797886
0.812029
0.826914
0.839966
0.848469
0.850069
0.843356
0.828219
0.806073
0.779682
0.752615
0.728393
0.709537
0.696884
0.689749
0.686622
