-6.74452
-6.71486
-6.68204
-6.65097
-6.6243
-6.60497
-6.59508
-6.59507
-6.60302
-6.61789
-6.635
-6.65185
-6.67353
-6.69148
-6.71107
-6.72544
-6.73358
-6.73537
-6.73664
-6.73856
-6.74206
-6.74586
-6.75357
-6.7604
-6.76378
-6.76211
-6.75523
-6.7402
-6.7236
-6.70106
-6.68046
-6.66638
-6.65755
-6.65727
-6.66882
-6.69101
-6.71805
-6.74841
-6.77148
-6.78988
-6.7961
-6.79191
-6.77488
-6.74657
-6.70752
-6.66151
-6.61289
-6.56751
-6.53461
-6.51675
-6.51617
-6.5326
-6.56267
-6.59805
-6.63692
-6.6753
-6.71154
-6.74178
-6.76642
-6.78593
-6.80041
-6.81038
-6.81517
-6.8175
-6.81673
-6.81463
-6.80909
-6.80381
-6.79592
-6.78487
-6.77735
-6.77204
-6.76803
-6.76776
-6.76929
-6.77107
-6.76785
-6.75703
-6.73936
-6.71678
-6.68929
-6.66774
-6.65172
-6.64686
-6.64971
-6.66122
-6.67929
-6.69788
-6.71502
-6.72701
-6.7313
-6.72862
-6.72446
-6.72192
-6.72277
-6.72713
-6.73372
-6.73806
-6.73866
-6.73018
-6.71564
-6.70005
-6.68499
-6.67152
-6.66601
-6.6641
-6.67238
-6.68836
-6.70971
-6.73031
-6.74876
-6.76167
-6.76624
-6.75866
-6.74203
-6.71712
-6.68455
-6.65003
-6.61659
-6.58347
-6.55623
-6.53783
-6.52371
-6.5177
-6.5273
-6.5452
-6.57434
-6.60808
-6.64838
-6.68547
-6.72069
-6.75638
-6.78876
-6.81716
-6.84354
-6.86447
-6.87832
-6.88461
-6.88507
-6.87776
-6.86034
-6.84037
-6.8146
-6.78364
-6.74871
-6.71814
-6.69007
-6.66947
-6.66196
-6.66908
-6.68446
-6.70755
-6.73221
-6.75259
-6.76717
-6.77232
-6.76839
-6.75913
-6.74553
-6.729
-6.71457
-6.70559
-6.70058
-6.70303
-6.70638
-6.71123
-6.71313
-6.71113
-6.7052
-6.69524
-6.68326
-6.66994
-6.66006
-6.65214
-6.65402
-6.6577
-6.67187
-6.69099
-6.70771
-6.7227
-6.73034
-6.72786
-6.71351
-6.68943
-6.66298
-6.63619
-6.61385
-6.59791
-6.58868
-6.59024
-6.59781
-6.6087
-6.62622
-6.64424
-6.66048
-6.67719
-6.69454
-6.70693
-6.72183
-6.73764
-6.7537
-6.77161
-6.79282
-6.81326
-6.83179
-6.84574
-6.85284
-6.85282
-6.8447
-6.82647
-6.803
-6.77404
-6.74482
-6.71164
-6.67961
-6.64816
-6.62115
-6.60031
-6.58752
-6.58983
-6.60533
-6.63458
-6.67135
-6.70989
-6.74487
-6.77541
-6.79304
-6.80174
-6.79723
-6.78308
-6.75839
-6.72941
-6.69256
-6.65554
-6.6216
-6.59556
-6.57334
-6.56028
-6.55763
-6.56396
-6.58179
-6.60806
-6.64418
-6.68577
-6.72571
-6.7597
-6.78641
-6.80729
-6.82061
-6.8279
-6.82588
-6.81883
-6.80044
-6.77722
-6.74789
-6.71517
-6.68665
-6.66387
-6.6467
-6.63693
-6.63494
-6.63537
-6.64004
-6.65022
-6.66218
-6.67966
-6.69891
-6.72427
-6.7489
-6.76994
-6.78755
-6.79502
-6.79369
-6.78407
-6.76945
-6.74788
-6.72832
-6.71199
-6.70107
-6.69771
-6.69502
-6.69299
-6.69632
-6.70241
-6.71141
-6.71933
-6.72824
-6.73844
-6.74804
-6.7608
-6.76764
-6.77144
-6.7737
-6.77042
-6.76202
-6.7486
-6.73125
-6.71517
-6.69896
-6.68458
-6.67398
-6.66281
-6.65086
-6.63822
-6.62411
-6.60763
-6.59525
-6.58755
-6.58696
-6.59773
-6.61681
-6.64346
-6.67357
-6.70342
-6.73205
-6.76127
-6.78771
-6.80981
-6.82711
-6.83757
-6.83961
-6.83274
-6.81849
-6.79405
-6.76619
-6.73824
-6.71067
-6.68963
-6.67283
-6.66586
-6.66622
-6.66952
-6.68109
-6.69838
-6.72214
-6.74306
-6.76448
-6.78375
-6.79737
-6.80201
-6.80085
-6.79638
-6.79014
-6.78276
-6.77462
-6.76411
-6.74852
-6.73086
-6.70933
-6.68706
-6.6656
-6.64147
-6.62059
-6.60625
-6.59864
-6.59756
-6.59864
-6.60185
-6.60661
-6.60833
-6.6088
-6.6067
-6.60487
-6.6051
-6.60476
-6.6081
-6.61323
-6.62443
-6.63617
-6.65272
-6.67441
-6.69552
-6.71927
-6.74441
-6.76825
-6.79156
-6.81432
-6.83583
-6.85382
-6.86507
-6.87194
-6.87157
-6.86526
-6.85035
-6.82833
-6.80322
-6.77665
-6.75131
-6.73126
-6.71671
-6.70265
-6.68851
-6.67412
-6.66479
-6.65985
-6.66196
-6.67172
-6.68786
-6.70741
-6.72218
-6.72889
-6.7306
-6.72372
-6.71253
-6.69652
-6.67871
-6.66189
-6.65068
-6.6406
-6.63655
-6.63653
-6.63835
-6.64484
-6.65371
-6.66778
-6.68017
-6.69435
-6.70918
-6.72313
-6.73707
-6.74969
-6.75622
-6.75979
-6.7529
-6.74167
-6.72971
-6.72015
-6.71304
-6.70939
-6.71413
-6.72195
-6.73386
-6.7466
-6.75556
-6.75993
-6.75488
-6.74765
-6.7359
-6.72175
-6.70287
-6.68435
-6.66059
-6.63642
-6.61238
-6.5895
-6.56632
-6.54838
-6.53711
-6.53523
-6.54622
-6.56591
-6.5948
-6.62567
-6.6548
-6.68574
-6.71321
-6.73392
-6.75235
-6.76933
-6.77977
-6.79084
-6.79971
-6.80695
-6.81594
-6.82338
-6.83119
-6.83724
-6.84221
-6.8464
-6.84682
-6.84513
-6.83878
-6.8284
-6.81674
-6.79831
-6.77711
-6.75011
-6.71899
-6.6918
-6.66793
-6.65083
-6.64013
-6.6393
-6.64148
-6.64856
-6.66092
-6.67223
-6.68684
-6.70545
-6.71932
-6.7297
-6.73304
-6.73128
-6.72522
-6.7145
-6.70207
-6.68953
-6.68009
-6.66981
-6.65824
-6.64937
-6.64471
-6.64177
-6.64658
-6.65828
-6.67229
-6.686
-6.69896
-6.70846
-6.71302
-6.71319
-6.70811
-6.69701
-6.68225
-6.66389
-6.64864
-6.6348
-6.62447
-6.6218
-6.62613
-6.64041
-6.66386
-6.69557
-6.73062
-6.76714
-6.80112
-6.8245
-6.83665
-6.8406
-6.82927
-6.81142
-6.79295
-6.77179
-6.74933
-6.73208
-6.71444
-6.7041
-6.69982
-6.70096
-6.70493
-6.71023
-6.71921
-6.72751
-6.73458
-6.74119
-6.74882
-6.75544
-6.75845
-6.75884
-6.75453
-6.74421
-6.73144
-6.71839
-6.70228
-6.68419
-6.67123
-6.65968
-6.65269
-6.64871
-6.64808
-6.65223
-6.65679
-6.66043
-6.66693
-6.67143
-6.67753
-6.68301
-6.6887
-6.69494
-6.70204
-6.70778
-6.71562
-6.72265
-6.73438
-6.74822
-6.75947
-6.76844
-6.77205
-6.77569
-6.77542
-6.77139
-6.7681
-6.76066
-6.75286
-6.73934
-6.72071
-6.69792
-6.66997
-6.64144
-6.61841
-6.60094
-6.59716
-6.60022
-6.61685
-6.63927
-6.66666
-6.69574
-6.72431
-6.74949
-6.7662
-6.77745
-6.77781
-6.77254
-6.76464
-6.75362
-6.74595
-6.74561
-6.7527
-6.76464
-6.78211
-6.80196
-6.81599
-6.82323
-6.82111
-6.81001
-6.79074
-6.76539
-6.73709
-6.70806
-6.67878
-6.65449
-6.63185
-6.61348
-6.5997
-6.59509
-6.59561
-6.60222
-6.61486
-6.62799
-6.64288
-6.65847
-6.67358
-6.68332
-6.69216
-6.69263
-6.69133
-6.68834
-6.68423
-6.6846
-6.68532
-6.68404
-6.6953
-6.70414
-6.71327
-6.72269
-6.7338
-6.7425
-6.75407
-6.76271
-6.76937
-6.77597
-6.77902
-6.77849
-6.7776
-6.78034
-6.78368
-6.78626
-6.79035
-6.79348
-6.79394
-6.79125
-6.78174
-6.77299
-6.75727
-6.73682
-6.71503
-6.69625
-6.67683
-6.65855
-6.64424
-6.63871
-6.63575
-6.63517
-6.63845
-6.64203
-6.64495
-6.6482
-6.64697
-6.64487
-6.63657
-6.6247
-6.60886
-6.59257
-6.57233
-6.55373
-6.54033
-6.53599
-6.54344
-6.56419
-6.59365
-6.62983
-6.67229
-6.71469
-6.75383
-6.78668
-6.81015
-6.823
-6.8285
-6.82595
-6.81961
-6.81022
-6.80153
-6.79415
-6.78724
-6.78136
-6.77
-6.75736
-6.74431
-6.73151
-6.71775
-6.70488
-6.69286
-6.68454
-6.67885
-6.67998
-6.68404
-6.69536
-6.70982
-6.72883
-6.7499
-6.76475
-6.775
-6.77625
-6.7725
-6.76121
-6.74369
-6.72124
-6.69739
-6.676
-6.66352
-6.66243
-6.6676
-6.67349
-6.6785
-6.67463
-6.66736
-6.65675
-6.6499
-6.64951
-6.65515
-6.66651
-6.68252
-6.70124
-6.72281
-6.74279
-6.76012
-6.77385
-6.7808
-6.78919
-6.798
-6.80248
-6.80492
-6.80536
-6.80216
-6.79534
-6.78264
-6.76406
-6.744
-6.72584
-6.70955
-6.69737
-6.6907
-6.68354
-6.67839
-6.67501
-6.67313
-6.67499
-6.68273
-6.69382
-6.70997
-6.72779
-6.74526
-6.75757
-6.76502
-6.76771
-6.76305
-6.75836
-6.75383
-6.75294
-6.75482
-6.75712
-6.75472
-6.7513
-6.74373
-6.73541
-6.72507
-6.7175
-6.70919
-6.70152
-6.69349
-6.67913
-6.66373
-6.6476
-6.63163
-6.61938
-6.61267
-6.61642
-6.62784
-6.64507
-6.66628
-6.68473
-6.70233
-6.71469
-6.7232
-6.73209
-6.73714
-6.73684
-6.73035
-6.72208
-6.71028
-6.69778
-6.68721
-6.67926
-6.67517
-6.67594
-6.68164
-6.69084
-6.70696
-6.72565
-6.74744
-6.76631
-6.78028
-6.78949
-6.78836
-6.7797
-6.76755
-6.75194
-6.73443
-6.71867
-6.70841
-6.7067
-6.7118
-6.71925
-6.72674
-6.73041
-6.72469
-6.71099
-6.68744
-6.65596
-6.62469
-6.59944
-6.58687
-6.59251
-6.60996
-6.63388
-6.65755
-6.67767
-6.69253
-6.70583
-6.71478
-6.72529
-6.73864
-6.74926
-6.76272
-6.77238
-6.77994
-6.78553
-6.78621
-6.78628
-6.78874
-6.79224
-6.79625
-6.80045
-6.80619
-6.80535
-6.80065
-6.7869
-6.7629
-6.73175
-6.69426
-6.65742
-6.62539
-6.60065
-6.59064
-6.58964
-6.60055
-6.61845
-6.64044
-6.65913
-6.67147
-6.67706
-6.67534
-6.66498
-6.6476
-6.62235
-6.59258
-6.56286
-6.535
-6.51425
-6.50297
-6.50713
-6.52411
-6.55839
-6.60562
-6.65869
-6.71539
-6.77041
-6.82413
-6.8685
-6.90306
-6.93222
-6.95282
-6.96332
-6.96767
-6.96294
-6.94928
-6.93008
-6.90673
-6.87978
-6.85321
-6.82252
-6.7946
-6.76585
-6.74163
-6.72214
-6.70484
-6.68903
-6.67288
-6.65847
-6.6469
-6.64098
-6.63851
-6.64268
-6.64633
-6.64857
-6.64863
-6.64362
-6.63262
-6.61905
-6.60586
-6.59633
-6.59419
-6.60293
-6.61579
-6.63788
-6.66244
-6.68794
-6.70985
-6.72844
-6.74398
-6.75806
-6.77346
-6.7824
-6.78796
-6.78938
-6.784
-6.7717
-6.75491
-6.73333
-6.71518
-6.69968
-6.68968
-6.68557
-6.68245
-6.68048
-6.68101
-6.68241
-6.68538
-6.689
-6.69655
-6.70553
-6.70801
-6.70965
-6.70486
-6.69688
-6.68621
-6.67342
-6.66201
-6.65618
-6.65783
-6.6652
-6.6792
-6.69454
-6.71117
-6.72686
-6.73552
-6.74102
-6.74068
-6.7366
-6.73201
-6.73153
-6.7343
-6.74039
-6.7525
-6.7709
-6.79011
-6.81364
-6.83402
-6.8462
-6.84483
-6.83218
-6.81087
-6.77583
-6.73588
-6.69257
-6.65626
-6.62986
-6.61309
-6.60342
-6.59823
