0.739866 0
0.776559 0.0366935
0.783578 0.0223174
0.77276 0.0191327
0.776903 0.0153883
0.781595 0.013412
0.7782 0.0118328
0.782217 0.0110068
0.779617 0.0100492
0.779952 0.00899447
0.781046 0.00820913
0.780428 0.00751932
0.779614 0.00696453
0.78135 0.00667755
0.78034 0.00629796
0.782731 0.00635766
0.780178 0.00649469
0.781342 0.00623301
0.782962 0.00611427
0.780872 0.00616543
0.780892 0.00586453
0.781392 0.00561393
0.780843 0.00539233
0.781392 0.00519188
0.782741 0.00515935
0.78048 0.00544827
0.782166 0.00550713
0.781385 0.00536402
0.781642 0.00518212
0.782272 0.00504596
0.781646 0.00492053
0.782253 0.00480284
0.782174 0.00465569
0.782135 0.00451686
0.781509 0.00443033
0.782791 0.0044923
0.782363 0.00439013
0.781804 0.00430941
0.782218 0.00421788
0.782298 0.00411186
0.781899 0.00403012
0.782117 0.003939
0.782646 0.0038826
0.782301 0.00380898
0.782245 0.0037238
0.782732 0.00367436
0.782671 0.00359585
0.782141 0.00355978
0.782906 0.00356936
0.782971 0.00349784
