0.598283 0
0.587209 0.0110739
0.599299 0.0136765
0.601749 0.00997624
0.60176 0.00772757
0.596084 0.00848674
0.600611 0.00848181
0.598473 0.00765023
0.602844 0.00803852
0.599504 0.00792744
0.601747 0.00751309
0.602469 0.00689641
0.601259 0.00645824
0.601583 0.00598798
0.601907 0.00558391
0.600803 0.00533865
0.599913 0.00509312
0.601479 0.00505052
0.601489 0.00477732
0.600465 0.00464652
0.601616 0.00456725
0.602103 0.00438188
0.601297 0.00426398
0.60202 0.00414605
0.602212 0.00398134
0.601863 0.00384104
0.600971 0.00380192
0.602097 0.0038325
0.601552 0.00373791
0.60159 0.00361137
0.601336 0.00350215
0.601833 0.00342712
0.601179 0.00338528
0.601815 0.0033452
0.601599 0.00325538
0.601557 0.00316394
0.600842 0.00315923
0.601404 0.00312591
0.60119 0.00305222
0.600865 0.00299263
0.601366 0.00296144
0.601343 0.00289016
0.60056 0.00292893
0.601037 0.00290108
0.601062 0.00283599
0.600717 0.00279503
0.600875 0.00273945
0.600824 0.00268225
0.60104 0.00263578
0.600944 0.00258431
