0.727852 0
0.750157 0.0223048
0.745348 0.0137464
0.754585 0.0134092
0.750169 0.0112864
0.745507 0.0103277
0.748603 0.00926165
0.753031 0.00916169
0.747472 0.00980742
0.74851 0.00883319
0.750512 0.00823699
0.75001 0.00753604
0.750199 0.00693473
0.751732 0.00660072
0.749007 0.00672224
0.750101 0.00638269
0.751939 0.00627075
0.75167 0.00591825
0.749589 0.00597237
0.751297 0.00591772
0.751646 0.00563968
0.751101 0.00540476
0.750581 0.00519048
0.751236 0.00501248
0.751624 0.00482345
0.751858 0.00464012
0.752079 0.00447043
0.751332 0.00437225
0.751593 0.00422691
0.751005 0.0041257
0.752024 0.00411837
0.751198 0.00407233
0.751591 0.00396655
0.751516 0.00384885
0.751717 0.00374268
0.75096 0.00371503
0.751324 0.0036315
0.751114 0.00354088
0.75138 0.00345911
0.751655 0.00338275
0.751005 0.00336256
0.751885 0.00339738
0.751172 0.00339315
0.751757 0.00336638
0.751339 0.00331717
0.751694 0.00326353
0.75127 0.00322137
0.75134 0.00315433
0.752021 0.00316347
0.752029 0.00309957
