0.402729 0
0.39641 0.006319
0.405645 0.00993033
0.409349 0.00793874
0.408138 0.00626755
0.407822 0.00512715
0.40793 0.00433459
0.407142 0.00383577
0.409482 0.00411336
0.406746 0.0045852
0.409397 0.00492233
0.408519 0.00457832
0.408335 0.00421548
0.408832 0.00393436
0.408457 0.00368189
0.408476 0.00344415
0.408227 0.00324484
0.408475 0.00306932
0.408063 0.00293231
0.408604 0.00283386
0.408205 0.00272491
0.408548 0.00262066
0.408492 0.00250475
0.408725 0.00240944
0.408437 0.00232895
0.40828 0.00224308
0.409078 0.00230124
0.408245 0.00236897
0.408546 0.00230563
0.408533 0.00222748
0.408762 0.00216651
0.408251 0.00215908
0.408701 0.00214046
0.408588 0.00207963
0.408822 0.00203292
0.408848 0.00197581
0.408467 0.00195912
0.408424 0.00190735
0.408672 0.00187433
0.408576 0.00182941
0.408618 0.00178474
0.408892 0.00176311
0.408592 0.00174755
0.408591 0.00170737
0.408588 0.001669
0.408745 0.00163994
0.408739 0.00160468
0.408775 0.00157131
0.408717 0.00154001
0.408679 0.00150937
