0.660841 0
0.693124 0.0322825
0.699158 0.0195909
0.692393 0.0154167
0.694797 0.0121813
0.696435 0.0100801
0.697843 0.0086347
0.696492 0.00759884
0.698586 0.00702115
0.69834 0.00628473
0.700599 0.00611708
0.697642 0.00631865
0.698557 0.00588391
0.699473 0.00552393
0.697513 0.00550334
0.699798 0.00563191
0.699722 0.0052908
0.699159 0.00501986
0.699708 0.00477988
0.699955 0.00454133
0.700085 0.00432162
0.699175 0.00421972
0.700745 0.00432698
0.700197 0.00417886
0.700826 0.00405721
0.700558 0.00390726
0.700719 0.00376322
0.701041 0.00364065
0.700549 0.00354723
0.700808 0.00343674
0.700725 0.00332508
0.701436 0.00329711
0.70067 0.00328614
0.700536 0.00319084
0.700442 0.00309977
0.700939 0.0030532
0.70089 0.00296994
0.700457 0.00292298
0.701327 0.00297701
0.700991 0.00292103
0.700077 0.00299183
0.700737 0.00299332
0.701198 0.002959
0.700901 0.00290614
0.700501 0.00286887
0.701298 0.00291691
0.701004 0.00286928
0.700705 0.00282477
0.701096 0.00279403
0.701454 0.00276083
