1.43495 1.39317
0.964411 1.75212
-0.255037 -1.98367
-0.976318 1.74551
-1.97936 0.286595
-1.79972 -0.872361
-0.557632 -1.92069
1.71501 1.02896
-1.11356 -1.66132
1.65757 -1.11913
-1.38274 1.445
1.03498 -1.71138
0.325868 -1.97327
1.98239 0.264842
0.981902 1.74237
-1.79639 -0.879187
-0.365291 1.96636
-1.91755 -0.568327
1.98819 0.216991
-1.73302 -0.998317
1.83729 0.790175
0.058472 -1.99915
0.211263 1.98881
0.697619 1.87439
-1.99819 0.0850951
0.0759767 -1.99856
-1.98284 0.261411
-1.9987 0.0721191
-0.0991519 1.99754
0.134758 1.99545
