2500 60.1793
2500 59.4182
2500 59.8032
2500 60.1502
2500 60.0946
2500 59.7788
2500 59.7905
2500 60.0843
2500 59.5866
2500 59.8322
2500 60.2046
2500 59.9656
2500 59.9178
2500 60.4791
2500 60.4511
2500 60.2469
2500 59.9502
2500 60.1154
2500 60.184
2500 60.3632
2500 59.6002
2500 59.0417
2500 59.1568
2500 58.5515
2500 58.8848
2500 58.7754
2500 58.2316
2500 57.861
2500 58.0493
2500 57.3793
2500 57.2204
2500 56.7552
2500 56.6893
2500 56.5952
2500 56.6148
2500 56.587
2500 56.5577
2500 56.9227
2500 56.7655
2500 56.4645
2500 56.436
2500 55.9184
2500 55.9385
2500 55.6453
2500 55.8225
2500 55.1649
2500 55.4552
2500 55.3724
2500 55.1232
2500 55.3063
2500 55.048
2500 55.154
2500 54.9701
2500 55.5684
2500 55.1593
2500 54.6191
2500 54.718
2500 55.376
2500 55.4459
2500 55.6519
2500 55.3076
2500 54.6935
2500 54.5707
2500 54.4416
2500 54.0636
2500 53.9684
2500 53.6643
2500 53.9399
2500 53.5869
2500 53.405
2500 53.1208
2500 52.5529
2500 52.9037
2500 52.9618
2500 52.894
2500 52.5922
2500 52.3889
2500 52.8157
2500 52.8162
2500 53.3502
2500 52.9988
2500 53.115
2500 52.5877
2500 52.1891
2500 52.6105
2500 52.999
2500 53.1612
2500 52.9535
2500 53.1675
2500 52.9385
2500 53.6815
2500 54.2298
2500 54.2994
2500 54.1084
2500 54.1413
2500 54.7048
2500 55.319
2500 55.7793
2500 56.081
2500 56.0051
2500 56.1022
2500 56.2294
2500 56.3157
2500 56.0813
2500 56.6555
2500 56.3931
2500 56.6756
2500 57.2463
2500 58.0094
2500 57.5464
2500 57.4208
2500 57.0733
2500 57.0608
2500 57.5633
2500 57.4739
2500 57.5843
2500 57.4264
2500 56.8424
2500 56.5419
2500 56.8302
2500 57.3309
2500 57.1247
2500 57.2638
2500 56.6543
2500 56.5147
2500 57.7632
2500 57.9193
2500 57.3415
2500 56.9401
2500 57.03
2500 56.5777
2500 57.1773
2500 56.7416
2500 56.8134
2500 56.532
2500 56.1033
2500 55.2761
2500 54.9683
2500 55.5286
2500 55.2052
2500 54.7441
2500 54.6242
2500 53.9768
2500 54.5483
2500 54.877
2500 55.1134
2500 54.8018
2500 54.7966
2500 54.5378
2500 54.5621
2500 54.3943
2500 53.6354
2500 52.0356
2500 51.3641
2500 51.0567
2500 50.6649
2500 50.2236
2500 50.4928
2500 50.7268
2500 49.992
2500 49.602
2500 49.1095
2500 49.3274
2500 49.8186
2500 49.926
2500 50.2855
2500 50.6545
2500 51.1322
2500 50.632
2500 50.6354
2500 50.1654
2500 50.7387
2500 50.8994
2500 51.4883
2500 52.299
2500 53.1383
2500 53.6221
2500 53.5816
2500 53.356
2500 53.9904
2500 53.5942
2500 53.9031
2500 54.0314
2500 54.6121
2500 54.0289
2500 54.0817
2500 55.1658
2500 54.6413
2500 54.6989
2500 53.5783
2500 51.9905
2500 51.7633
2500 51.7802
2500 52.4783
2500 51.5688
2500 51.2347
2500 51.6402
2500 51.9491
2500 51.6526
2500 50.4555
2500 50.6376
2500 51.7421
2500 51.6447
2500 52.4756
2500 52.309
2500 52.3785
2500 52.3271
2500 52.148
2500 51.3569
2500 50.9438
2500 50.6131
2500 50.1503
2500 50.8764
2500 51.5276
2500 52.7711
2500 52.2644
2500 50.7176
2500 49.5653
2500 49.4016
2500 48.6133
2500 48.2325
2500 47.9342
2500 48.202
2500 48.0966
2500 48.8783
2500 49.4756
2500 49.9167
2500 49.5829
2500 48.9069
2500 49.2914
2500 48.8292
2500 47.3944
2500 47.4042
2500 47.5614
2500 48.0328
2500 46.1202
2500 45.8145
2500 44.6551
2500 44.6683
2500 44.9249
2500 44.9594
2500 45.7176
2500 45.4872
2500 45.8065
2500 46.1003
2500 46.3178
2500 46.5592
2500 46.4321
2500 45.8485
2500 45.407
2500 45.2275
2500 45.0057
2500 45.0631
2500 44.7716
2500 45.3479
2500 45.0575
2500 44.8398
2500 44.076
2500 44.619
2500 44.5456
2500 44.8129
2500 44.8469
2500 44.8181
2500 44.1046
2500 44.3988
2500 44.3334
2500 44.3915
2500 44.7129
2500 44.9253
2500 44.599
2500 44.3977
2500 44.6455
2500 44.8406
2500 44.6003
2500 44.3882
2500 44.4186
2500 44.9778
2500 45.0564
2500 44.9848
2500 45.0491
2500 45.0373
2500 45.2907
2500 45.1966
2500 45.226
2500 45.1625
2500 44.8859
2500 44.751
2500 44.5303
2500 44.6344
2500 45.058
2500 44.6451
2500 44.2666
2500 44.3652
2500 44.3233
2500 44.3936
2500 44.3823
2500 43.979
2500 44.1562
2500 43.3435
2500 43.1579
2500 43.3486
2500 43.7748
2500 43.2227
2500 43.6269
2500 43.6742
2500 44.3352
2500 44.4432
2500 45.2522
2500 45.3184
2500 44.5802
2500 44.781
2500 44.2364
2500 44.9285
2500 45.1738
2500 45.6616
2500 46.1917
2500 46.1878
2500 46.34
2500 45.0046
2500 45.6999
2500 44.7376
2500 44.8502
2500 44.8782
2500 44.9541
2500 45.1384
2500 45.397
2500 45.7739
2500 46.1025
2500 45.8198
2500 46.1317
2500 46.4292
2500 45.9723
2500 46.1794
2500 45.7506
2500 46.3758
2500 46.8484
2500 47.1181
2500 47.1432
2500 47.7148
2500 48.0238
2500 47.4916
2500 47.6775
2500 46.8967
2500 46.5084
2500 47.4987
2500 46.6
2500 47.312
2500 46.9529
2500 46.7136
2500 45.8697
2500 46.0398
2500 46.6083
2500 46.2179
2500 45.7954
2500 45.2623
2500 44.5229
2500 44.2833
2500 44.8523
2500 45.5102
2500 45.5564
2500 45.5225
2500 45.5535
2500 45.8344
2500 46.1816
2500 46.5948
2500 46.4492
2500 46.3429
2500 46.586
2500 47.1876
2500 46.1112
2500 45.9265
2500 45.1988
2500 44.5923
2500 44.7508
2500 44.4398
2500 44.4449
2500 44.8789
2500 45.3666
2500 45.6893
2500 45.6163
2500 45.1307
2500 44.932
2500 44.2573
2500 43.7838
2500 43.8147
2500 43.8376
2500 43.9909
2500 43.4867
2500 42.7886
2500 42.4314
2500 43.0053
2500 43.8694
2500 44.2015
2500 44.9354
2500 44.9908
2500 44.9736
2500 44.8524
2500 45.1019
2500 44.9426
2500 45.558
2500 45.6889
2500 45.8384
2500 46.2624
2500 46.9466
2500 46.3658
2500 46.5277
2500 46.7367
2500 46.4333
2500 45.8456
2500 45.5109
2500 44.9494
2500 45.2939
2500 44.8006
2500 44.5538
2500 44.964
2500 45.2638
2500 45.4936
2500 45.7817
2500 45.8327
2500 46.6192
2500 46.8361
2500 47.0917
2500 47.4691
2500 47.7573
2500 47.6177
2500 48.0527
2500 47.6829
2500 47.4479
2500 47.5452
2500 47.3985
2500 47.5242
2500 47.329
2500 47.1353
2500 47.4554
2500 47.6389
2500 48.0155
2500 47.8833
2500 47.7639
2500 47.7473
2500 47.3498
2500 47.2884
2500 47.9472
2500 47.4973
2500 47.8399
2500 48.508
2500 48.4152
2500 48.2788
2500 48.006
2500 48.9607
2500 47.921
2500 48.5193
2500 47.5483
2500 47.7682
2500 48.5993
2500 47.824
2500 48.1374
2500 48.123
2500 48.4611
2500 48.348
2500 47.1659
2500 47.3481
2500 48.0134
2500 48.7479
2500 48.6385
2500 48.9414
2500 49.5649
2500 49.4981
2500 49.8739
2500 49.6055
2500 49.4293
2500 49.6478
2500 48.8166
2500 48.2614
2500 47.7989
2500 47.4822
2500 46.8423
2500 46.5527
2500 46.0306
2500 45.6034
2500 45.9675
2500 45.6839
2500 44.3809
2500 43.9488
2500 44.0579
2500 44.6518
2500 45.0286
2500 45.1114
2500 44.5008
2500 44.2516
2500 44.3217
2500 44.3001
2500 44.4599
2500 43.5933
2500 43.1569
2500 43.5538
2500 43.7228
2500 43.3381
2500 43.1921
2500 42.4742
2500 42.0447
2500 42.067
2500 42.0041
2500 41.923
2500 41.571
2500 41.5712
2500 41.6696
2500 42.6493
2500 41.8411
2500 41.6164
2500 42.0136
2500 42.6209
2500 43.4723
2500 44.0896
2500 43.5539
2500 44.0389
2500 43.9439
2500 43.7152
2500 43.2018
2500 43.6129
2500 43.773
2500 44.3053
2500 44.9754
2500 44.9254
2500 45.2949
2500 46.3062
2500 47.0849
2500 46.4538
2500 46.4205
2500 45.9699
2500 46.7641
2500 46.6573
2500 46.699
2500 46.7925
2500 46.7073
2500 46.5615
2500 46.3294
2500 46.1269
2500 46.7333
2500 45.8625
2500 47.0253
2500 46.7429
2500 47.0999
2500 46.4804
2500 46.7545
2500 47.1399
2500 46.8055
2500 46.6052
2500 46.9195
2500 46.7907
2500 47.5545
2500 48.2647
2500 48.5264
2500 49.1161
2500 48.9664
2500 48.9425
2500 49.5569
2500 50.6224
2500 49.923
2500 49.7408
2500 49.4493
2500 49.7574
2500 49.2773
2500 49.1529
2500 48.722
2500 49.1988
2500 49.7882
2500 50.2134
2500 49.9266
2500 49.6979
2500 49.3121
2500 48.7796
2500 48.328
2500 48.6317
2500 48.9809
2500 49.4653
2500 49.458
2500 49.5294
2500 49.1222
2500 48.9365
2500 47.9994
2500 47.8909
2500 47.552
2500 47.8023
2500 47.5754
2500 47.4056
2500 47.0947
2500 46.5251
2500 46.9573
2500 47.4637
2500 46.8958
2500 47.4616
2500 47.2154
2500 46.9667
2500 46.9729
2500 46.8123
2500 47.3191
2500 47.2907
2500 47.2566
2500 47.4375
2500 47.9117
2500 48.0899
2500 48.2241
2500 48.204
2500 48.4902
2500 48.2098
2500 49.5955
2500 50.0016
2500 49.3026
2500 49.5172
2500 49.6783
2500 49.5325
2500 49.5194
2500 49.2472
2500 49.7139
2500 50.3214
2500 49.8472
2500 48.6315
2500 46.7439
2500 45.9701
2500 46.3295
2500 46.7198
2500 46.3941
2500 46.3836
2500 45.5416
2500 45.7979
2500 45.5984
2500 45.8007
2500 45.4333
2500 46.0387
2500 45.8947
2500 46.8779
2500 46.9643
2500 47.0613
2500 47.5882
2500 47.2472
2500 46.7505
2500 46.6754
2500 47.096
2500 46.7703
2500 46.2961
2500 46.0301
2500 45.8503
2500 45.6313
2500 46.1276
2500 47.2039
2500 47.238
2500 47.3046
2500 46.892
2500 47.0048
2500 46.2065
2500 46.4772
2500 46.4547
2500 46.3752
2500 46.067
2500 47.5747
2500 48.1089
2500 48.0058
2500 48.2039
2500 47.2254
2500 47.0876
2500 46.0969
2500 46.1876
2500 45.6754
2500 45.4127
2500 45.5424
2500 45.4753
2500 44.5078
2500 44.2628
2500 44.2081
2500 44.2887
2500 44.5185
2500 44.3076
2500 44.8363
2500 44.8341
2500 44.5556
2500 44.2557
2500 44.0004
2500 44.7453
2500 44.5589
2500 44.9443
2500 44.8123
2500 44.3262
2500 43.6518
2500 43.5496
2500 43.7173
2500 44.4068
2500 43.996
2500 43.7455
2500 44.6191
2500 44.8742
2500 44.7848
2500 46.013
2500 46.0059
2500 46.2392
2500 45.9134
2500 46.3569
2500 47.5563
2500 46.8083
2500 46.8148
2500 47.6586
2500 48.0669
2500 47.783
2500 47.1467
2500 47.1411
2500 48.0284
2500 47.8005
2500 47.7997
2500 46.4446
2500 45.6352
2500 46.5814
2500 45.3116
2500 45.3665
2500 44.9435
2500 45.1186
2500 45.4566
2500 45.8669
2500 46.0799
2500 45.9847
2500 45.589
2500 44.9808
2500 45.6471
2500 45.4764
2500 45.0104
2500 45.0065
2500 45.0172
2500 45.7663
2500 45.6179
2500 45.7051
2500 45.9348
2500 45.6386
2500 45.675
2500 45.682
2500 45.7433
2500 45.5691
2500 45.1937
2500 45.0979
2500 44.7622
2500 44.2319
2500 44.7155
2500 44.6946
2500 43.4434
2500 44.4505
2500 43.9682
2500 44.3974
2500 44.2285
2500 44.9456
2500 44.6688
2500 44.7397
2500 44.3003
2500 43.7205
2500 43.938
2500 44.4642
2500 45.4102
2500 45.7597
2500 45.7794
2500 45.8425
2500 45.9437
2500 44.5911
2500 44.716
2500 44.3994
2500 44.2159
2500 45.0025
2500 44.692
2500 44.8327
2500 44.7852
2500 45.108
2500 45.0841
2500 44.1044
2500 44.5761
2500 45.0292
2500 45.4591
2500 45.1696
2500 45.5253
2500 46.0089
2500 45.7154
2500 45.8513
2500 46.2241
2500 46.9326
2500 47.1913
2500 47.0009
2500 46.6371
2500 47.0328
2500 46.7712
2500 46.6312
2500 46.8127
2500 47.6065
2500 47.0678
2500 48.3842
2500 47.6108
2500 48.0332
2500 48.1322
2500 47.0129
2500 47.5365
2500 47.8761
2500 48.2891
2500 49.1425
2500 48.1671
2500 48.2217
2500 49.0578
2500 48.899
2500 48.5316
2500 49.0796
2500 48.9739
2500 49.0391
2500 49.6271
2500 49.6836
2500 49.8634
2500 50.0392
2500 49.5789
2500 49.5066
2500 48.4857
2500 49.4495
2500 49.8595
2500 49.6473
2500 48.9678
2500 50.4979
2500 50.388
2500 49.7683
2500 49.9531
2500 48.854
2500 49.7297
2500 49.5658
2500 48.5815
2500 48.4787
2500 48.2401
2500 47.4256
2500 45.8276
2500 45.1046
2500 46.2273
2500 45.2331
2500 44.0813
2500 44.6407
2500 44.3314
2500 44.4799
2500 44.1191
2500 44.1561
2500 43.971
2500 45.0637
2500 43.6475
2500 44.0672
2500 43.436
2500 43.3014
2500 43.0315
2500 43.8566
2500 43.6979
2500 43.6861
2500 42.3549
2500 42.2661
2500 41.8035
2500 42.4698
2500 42.0925
2500 40.6347
2500 41.1213
2500 40.9465
2500 41.2433
2500 40.7892
2500 40.556
2500 40.5128
2500 40.7724
2500 40.2067
2500 39.6478
2500 40.2374
2500 40.7383
2500 42.0443
2500 41.6247
2500 41.709
2500 42.5958
2500 42.6492
2500 42.3097
2500 42.183
2500 41.9403
2500 42.921
2500 42.7749
2500 42.5871
2500 42.6839
2500 42.6545
2500 42.7668
2500 42.5699
2500 42.9012
2500 43.0297
2500 42.7685
2500 42.6456
2500 42.5209
2500 42.0727
2500 42.477
2500 43.3575
2500 44.1439
2500 44.2997
2500 44.823
2500 44.7775
2500 44.5344
2500 44.7594
2500 45.0509
2500 45.2334
2500 45.7986
2500 45.837
2500 45.6201
2500 46.7451
2500 46.3353
2500 46.9387
2500 46.6098
2500 46.527
2500 46.8575
2500 46.3721
2500 45.7622
2500 46.5485
2500 48.19
2500 47.5695
2500 46.9694
2500 46.8777
2500 46.6067
2500 46.201
2500 47.0826
2500 45.865
2500 46.0328
2500 46.1117
2500 46.5231
2500 46.33
2500 46.5086
2500 46.3112
2500 46.5197
2500 46.4539
2500 46.7543
2500 46.5609
2500 46.4993
2500 45.6773
2500 45.3872
2500 45.3559
2500 44.4638
2500 44.1887
2500 44.2788
2500 44.1089
2500 44.022
2500 43.6192
2500 44.6154
2500 44.639
2500 43.9496
2500 44.0449
2500 43.468
2500 43.1188
2500 42.896
2500 42.8982
2500 42.8844
2500 43.0038
2500 43.0505
2500 43.3494
2500 43.9813
2500 43.6205
2500 44.0538
2500 44.9897
2500 45.6269
2500 45.9255
2500 46.1348
2500 45.897
2500 46.3127
2500 47.6085
2500 48.2796
2500 47.1849
2500 47.0376
2500 46.1418
2500 46.4214
2500 46.4329
2500 46.6881
2500 45.8691
2500 46.0918
2500 45.2368
2500 44.6875
2500 44.4311
2500 44.2419
2500 44.3871
2500 44.6341
2500 44.7414
2500 44.5964
2500 45.8257
2500 46.7249
2500 46.99
2500 47.0262
2500 48.0669
2500 46.8872
2500 46.9609
2500 47.8763
2500 47.3218
2500 47.3649
2500 46.636
2500 47.0665
2500 47.6868
2500 48.3891
2500 48.6049
2500 47.8665
2500 47.61
2500 48.1663
2500 48.6649
2500 48.8473
2500 48.4494
2500 48.4528
2500 48.5676
2500 48.7069
2500 48.3667
2500 49.6815
2500 50.2425
2500 50.2051
2500 50.1602
2500 49.9043
2500 50.0133
2500 49.5016
2500 49.1615
2500 48.9609
2500 49.4011
2500 49.4298
2500 49.49
2500 49.7641
2500 49.7409
2500 49.8209
2500 50.5475
2500 50.5794
2500 50.6291
2500 50.5549
2500 50.748
2500 51.7665
2500 51.2253
2500 50.8487
2500 50.6154
2500 50.7466
2500 51.0049
2500 51.1006
2500 51.2458
2500 51.08
2500 51.7791
2500 50.7495
2500 50.9739
2500 50.5728
2500 50.9547
2500 50.3722
2500 49.505
2500 50.5413
2500 50.6394
2500 51.5345
2500 51.5251
2500 50.698
2500 51.8236
2500 52.585
2500 50.8426
2500 50.6804
2500 51.2544
2500 51.0785
2500 50.2393
2500 49.4431
2500 48.5078
2500 48.3665
2500 47.3904
2500 47.3027
2500 47.842
2500 47.2842
2500 47.4583
2500 47.375
2500 47.1323
2500 47.2842
2500 46.4248
2500 46.0108
2500 46.0929
2500 45.5772
2500 45.6374
2500 45.857
2500 45.7543
2500 45.4928
2500 45.3336
2500 45.991
2500 45.7739
2500 46.143
2500 45.9258
2500 45.9671
2500 46.1309
2500 46.3475
2500 45.2368
2500 45.8165
2500 46.1107
2500 45.9281
2500 46.0176
2500 45.8721
2500 45.671
2500 45.914
2500 46.0387
2500 46.3205
2500 46.4913
2500 46.035
2500 46.5641
2500 46.2035
2500 46.9991
2500 47.287
2500 46.1557
2500 45.7068
2500 46.0197
2500 46.2653
2500 45.9865
2500 45.848
2500 45.5592
2500 45.1426
2500 45.6526
2500 45.6496
2500 46.2614
2500 46.285
2500 46.8487
2500 46.9596
2500 47.2854
2500 47.3432
2500 47.5609
2500 48.2156
2500 47.8885
2500 47.3712
2500 47.9332
2500 47.626
2500 47.7963
2500 48.1184
2500 48.353
2500 47.8675
2500 48.5238
2500 48.9202
2500 48.3293
2500 48.3745
2500 47.4109
2500 47.883
2500 47.7868
2500 47.7307
2500 47.6627
2500 47.265
2500 47.5832
2500 46.9754
2500 47.389
2500 47.6669
2500 47.1922
2500 46.8521
2500 46.5493
2500 46.538
2500 46.9519
2500 47.264
2500 48.3248
2500 48.3684
2500 48.6079
2500 49.832
2500 48.7135
2500 49.0488
2500 48.2806
2500 49.1535
2500 48.7277
2500 48.6883
2500 49.024
2500 48.569
2500 47.6624
2500 48.8237
2500 49.2378
2500 47.3404
2500 47.7185
2500 47.4737
2500 46.9946
2500 46.5125
2500 45.8291
2500 47.0416
2500 46.8173
2500 46.9266
2500 46.6235
2500 47.2411
2500 46.4205
2500 47.2931
2500 48.2053
2500 48.0546
2500 48.3387
2500 47.6389
2500 47.9729
2500 48.1704
2500 47.0991
2500 47.7497
2500 47.912
2500 48.7967
2500 47.7115
2500 47.5033
2500 47.818
2500 47.8178
2500 47.1081
2500 47.068
2500 47.4352
2500 47.5819
2500 47.6373
2500 47.834
2500 46.8352
2500 45.985
2500 45.8287
2500 45.6823
2500 46.4217
2500 46.9476
2500 46.2388
2500 46.3591
2500 46.0308
2500 46.0486
2500 46.56
2500 46.8598
2500 47.5606
2500 46.9611
2500 47.837
2500 47.2191
2500 45.4969
2500 45.1719
2500 44.673
2500 45.5923
2500 46.1515
2500 44.4352
2500 44.3755
2500 43.7577
2500 43.8792
2500 44.1501
2500 43.7445
2500 45.045
2500 45.5913
2500 45.2987
2500 44.7765
2500 44.5663
2500 44.4668
2500 44.9985
2500 43.9858
2500 43.1321
2500 43.4473
2500 43.5263
2500 43.4448
2500 43.4521
2500 43.2189
2500 43.0407
2500 43.2023
2500 43.3068
2500 42.9548
2500 43.0283
2500 42.4986
2500 42.5131
2500 42.9578
2500 43.7233
2500 43.1589
2500 43.0779
2500 43.2127
2500 42.1918
2500 42.0938
2500 42.7268
2500 43.155
2500 43.3242
2500 44.0453
2500 43.9391
2500 43.8183
2500 44.4022
2500 45.0849
2500 45.2789
2500 44.8034
2500 45.6148
2500 46.6732
2500 46.0277
2500 46.474
2500 47.7797
2500 47.7373
2500 48.1974
2500 47.6425
2500 47.3318
2500 47.3157
2500 47.3241
2500 47.2399
2500 46.8105
2500 46.5652
2500 46.0957
2500 45.6966
2500 45.269
2500 45.8231
2500 45.3631
2500 45.4456
2500 45.4572
2500 44.9002
2500 45.0627
2500 44.4297
2500 43.6131
2500 43.6562
2500 44.5373
2500 45.481
2500 44.9002
2500 44.2045
2500 43.7707
2500 43.8009
2500 44.1168
2500 44.6329
2500 43.9457
2500 43.7434
2500 43.1484
2500 42.679
2500 43.0548
2500 43.8258
2500 43.8176
2500 43.3666
2500 43.1384
2500 43.932
2500 43.4354
2500 42.7315
2500 42.8449
2500 43.1546
2500 42.5388
2500 42.6941
2500 42.8492
2500 42.518
2500 43.4881
2500 43.9543
2500 43.962
2500 43.2548
2500 43.1307
2500 42.0198
2500 42.2517
2500 42.2584
2500 42.964
2500 42.2083
2500 42.0893
2500 42.2193
2500 42.4016
2500 42.3074
2500 42.6838
2500 42.5757
2500 42.5536
2500 42.1332
2500 42.1659
2500 42.4795
2500 42.7603
2500 43.5867
2500 43.4741
2500 43.8784
2500 43.7019
2500 43.5807
2500 42.6114
2500 42.4781
2500 42.3805
2500 42.3004
2500 42.4851
2500 42.7714
2500 43.6432
2500 43.5
2500 43.9736
2500 43.0187
2500 41.5095
2500 41.2718
2500 41.0863
2500 40.0897
2500 40.8216
2500 40.4595
2500 39.9557
2500 39.7415
2500 40.3558
2500 39.5778
2500 39.3146
2500 39.4649
2500 39.3847
2500 39.9155
2500 40.5082
2500 40.2662
2500 40.4747
2500 41.5577
2500 42.5235
2500 42.2138
2500 43.0765
2500 43.5043
2500 43.6267
2500 43.2707
2500 43.5575
2500 43.4904
2500 42.1241
2500 41.9755
2500 42.2882
2500 42.7554
2500 42.7055
2500 42.1891
2500 42.7256
2500 41.9508
2500 41.9527
2500 41.709
2500 42.5605
2500 41.4178
2500 41.4606
2500 41.1393
2500 40.8856
2500 40.2151
2500 40.609
2500 40.9635
2500 40.4213
2500 40.759
2500 40.8538
2500 41.2675
2500 40.6968
2500 40.9566
2500 41.2304
2500 41.8487
2500 42.3007
2500 42.1835
2500 42.6093
2500 42.2513
2500 42.0767
2500 42.5593
2500 42.3663
2500 42.6547
2500 41.869
2500 41.8175
2500 41.9503
2500 41.8766
2500 41.4731
2500 41.7684
2500 41.5381
2500 41.1279
2500 40.5524
2500 40.7515
2500 41.0542
2500 41.4428
2500 41.5099
2500 41.3595
2500 40.2951
2500 40.3595
2500 40.5214
2500 40.0507
2500 40.0039
2500 39.9628
2500 39.624
2500 39.3083
2500 39.0679
2500 38.2254
2500 37.7513
2500 38.265
2500 38.3916
2500 38.0713
2500 37.5591
2500 37.899
2500 38.0082
2500 38.13
2500 38.0143
2500 38.2567
2500 38.3047
2500 38.659
2500 38.9105
2500 38.9178
2500 38.5259
2500 38.6042
2500 38.4288
2500 38.0049
2500 37.9182
2500 37.838
2500 38.1372
2500 38.3723
2500 38.0584
2500 37.8612
2500 38.0713
2500 38.2149
2500 38.9831
2500 38.3879
2500 38.742
2500 39.5762
2500 38.5186
2500 38.1714
2500 38.6706
2500 38.0201
2500 37.5856
2500 37.547
2500 37.5182
2500 37.4796
2500 37.4706
2500 37.5831
2500 37.8617
2500 37.8431
2500 38.0062
2500 37.7481
2500 37.2837
2500 37.1078
2500 37.0697
2500 36.5475
2500 36.4425
2500 36.245
2500 36.3765
2500 37.5181
2500 37.4394
2500 36.804
2500 36.3757
2500 36.5164
2500 36.6256
2500 36.7723
2500 37.1642
2500 36.7798
2500 36.5167
2500 36.6628
2500 35.7285
2500 36.1176
2500 36.0795
2500 36.3585
2500 36.1787
2500 35.4735
2500 35.5697
2500 35.8057
2500 36.3507
2500 35.9489
2500 35.8333
2500 35.512
2500 35.092
2500 35.5758
2500 34.9202
2500 34.736
2500 35.3311
2500 35.0987
2500 34.8284
2500 34.7937
2500 34.7375
2500 34.8452
2500 34.6523
2500 34.3985
2500 33.8575
2500 34.0328
2500 33.9387
2500 34.1722
2500 34.5481
2500 35.3061
2500 35.6262
2500 35.966
2500 36.1074
2500 36.027
2500 36.5154
2500 36.1182
2500 36.8422
2500 36.225
2500 36.173
2500 36.7319
2500 36.7127
2500 37.0483
2500 36.5311
2500 36.0999
2500 35.4805
2500 35.5273
2500 35.7283
2500 35.153
2500 36.1948
2500 36.661
2500 37.3785
2500 36.5314
2500 36.4203
2500 36.6798
2500 36.6842
2500 36.1493
2500 37.3233
2500 36.1564
2500 36.6012
2500 36.9507
2500 35.5772
2500 35.5422
2500 35.1922
2500 35.7244
2500 34.9175
2500 35.4454
2500 34.8554
2500 34.8359
2500 33.0799
2500 32.9261
2500 32.7667
2500 33.3202
2500 33.0075
2500 33.9615
2500 34.019
2500 34.7788
2500 34.2537
2500 34.0916
2500 33.3673
2500 33.7153
2500 33.4722
2500 33.3774
2500 32.9468
2500 33.2868
2500 33.7391
2500 34.3094
2500 34.5138
2500 33.9668
2500 33.9163
2500 34.8526
2500 34.7381
2500 36.1769
2500 35.6461
2500 35.9496
2500 36.2977
2500 36.2027
2500 36.3357
2500 35.9655
2500 36.438
2500 36.5927
2500 36.4181
2500 35.9797
2500 36.0121
2500 36.27
2500 36.9557
2500 37.3368
2500 36.531
2500 36.5732
2500 36.2051
2500 36.4814
2500 36.9447
2500 37.3454
2500 38.0351
2500 38.2518
2500 38.4903
2500 39.915
2500 40.1082
2500 40.4517
2500 40.5067
2500 40.0614
2500 40.1673
2500 40.662
2500 40.5517
2500 41.1502
2500 42.022
2500 43.5243
2500 44.0641
2500 44.1135
2500 43.6036
2500 43.6556
2500 43.1434
2500 43.4218
2500 42.5937
2500 42.5094
2500 41.2469
2500 40.9828
2500 40.9718
2500 41.5527
2500 42.2987
2500 41.3919
2500 41.1183
2500 40.6195
2500 39.9916
2500 39.9378
2500 39.5534
2500 40.7456
2500 40.1818
2500 40.7229
2500 40.7021
2500 40.791
2500 41.1935
2500 41.1535
2500 40.2908
2500 40.3662
2500 40.2884
2500 41.0553
2500 41.1588
2500 41.2493
2500 41.476
2500 41.709
2500 41.6564
2500 41.9086
2500 41.8842
2500 41.5551
2500 41.6549
2500 41.0978
2500 41.4624
2500 40.8823
2500 40.443
2500 41.1405
2500 41.937
2500 42.1475
2500 42.4389
2500 42.5604
2500 42.5035
2500 42.6903
2500 42.5863
2500 41.9374
2500 42.3426
2500 42.5118
2500 42.0723
2500 41.9411
2500 41.9983
2500 41.4808
2500 41.3598
2500 41.1878
2500 41.1739
2500 41.3293
2500 41.4262
2500 40.9154
2500 41.7943
2500 42.2511
2500 41.7081
2500 42.1338
2500 42.5336
2500 42.5573
2500 42.4616
2500 42.6899
2500 42.3362
2500 41.3029
2500 41.1125
2500 41.0488
2500 41.6775
2500 41.3871
2500 41.4716
2500 41.3814
2500 41.9041
2500 42.2978
2500 42.364
2500 42.4181
2500 43.0766
2500 43.1943
2500 43.6207
2500 42.9908
2500 42.37
2500 42.492
2500 42.6641
2500 42.6011
2500 42.3925
2500 42.476
2500 43.1744
2500 43.6638
2500 43.5184
2500 43.5704
2500 44.1065
2500 44.4976
2500 44.8073
2500 44.6736
2500 44.8172
2500 44.5112
2500 45.0148
2500 44.5515
2500 43.9925
2500 44.9877
2500 44.0196
2500 44.3511
2500 44.1688
2500 43.7753
2500 43.957
2500 43.8187
2500 43.9184
2500 44.2488
2500 44.0534
2500 44.12
2500 43.6587
2500 44.2179
2500 44.2836
2500 43.8089
2500 43.9544
2500 43.4378
2500 43.6002
2500 43.8971
2500 44.3539
2500 43.9449
2500 43.6327
2500 43.2644
2500 43.0006
2500 42.7468
2500 42.5332
2500 42.7326
2500 42.6087
2500 42.3507
2500 42.6306
2500 42.5832
2500 42.4092
2500 42.4771
2500 42.7734
2500 42.6592
2500 42.2225
2500 42.1168
2500 42.8373
2500 43.135
2500 43.1115
2500 42.8234
2500 42.4681
2500 42.3038
2500 42.2462
2500 41.7453
2500 41.7179
2500 41.733
2500 41.9224
2500 41.5394
2500 40.7843
2500 41.0374
2500 40.9898
2500 40.9999
2500 41.5017
2500 41.3619
2500 40.4897
2500 40.6978
2500 40.9085
2500 40.2525
2500 40.1855
2500 40.1486
2500 39.3697
2500 39.0062
2500 38.3332
2500 38.654
2500 39.3056
2500 38.8459
2500 38.9084
2500 39.2801
2500 39.1763
2500 39.6805
2500 38.9549
2500 38.2478
2500 38.224
2500 38.6775
2500 37.9598
2500 37.8943
2500 38.7612
2500 39.2996
2500 39.7722
2500 38.2224
2500 37.4679
2500 37.4869
2500 37.633
2500 36.796
2500 35.6462
2500 36.0083
2500 35.7854
2500 35.9484
2500 36.5767
2500 35.9918
2500 35.929
2500 36.126
2500 36.2969
2500 36.591
2500 37.2082
2500 37.1701
2500 37.0315
2500 36.5161
2500 37.0646
2500 36.3822
2500 36.0794
2500 35.9077
2500 35.5814
2500 35.5984
2500 35.6931
2500 36.0021
2500 36.7864
2500 36.7323
2500 37.4596
2500 37.8887
2500 37.6704
2500 38.2978
2500 38.9263
2500 38.6799
2500 39.1497
2500 38.9806
2500 39.641
2500 40.1084
2500 39.1333
2500 39.0654
2500 38.4531
2500 38.0726
2500 38.3893
2500 38.268
2500 38.0257
2500 37.9588
2500 37.9447
2500 38.0342
2500 37.9462
2500 38.0798
2500 38.0875
2500 38.1206
2500 38.2848
2500 38.715
2500 39.0465
2500 38.9869
2500 38.8044
2500 39.0527
2500 39.1775
2500 39.1528
2500 39.0418
2500 39.1001
2500 39.1616
2500 39.193
2500 40.1826
2500 40.76
2500 40.7732
2500 41.2825
2500 41.603
2500 42.5192
2500 43.3042
2500 42.8841
2500 41.8952
2500 41.8189
2500 41.6353
2500 40.7243
2500 40.4669
2500 40.8728
2500 40.9279
2500 41.039
2500 40.5624
2500 40.4756
2500 42.103
2500 42.1101
2500 41.3683
2500 42.9327
2500 41.7801
2500 41.7405
2500 40.8238
2500 41.334
2500 41.177
2500 41.7492
2500 41.0096
2500 40.9672
2500 40.3083
2500 40.4345
2500 40.5531
2500 40.4163
2500 41.1038
2500 40.5887
2500 41.2514
2500 41.0107
2500 41.2576
2500 40.8581
2500 40.8059
2500 41.358
2500 41.4929
2500 40.645
2500 41.0707
2500 41.1574
2500 40.6565
2500 41.8438
2500 42.2007
2500 43.46
2500 42.3468
2500 41.306
2500 41.1046
2500 38.6515
2500 37.6165
2500 36.6089
2500 36.8549
2500 36.5649
2500 36.3639
2500 36.2385
2500 35.8244
2500 34.8162
2500 34.8
2500 35.1326
2500 35.5421
2500 35.1624
2500 35.4714
2500 35.675
2500 35.7158
2500 35.9579
2500 36.5173
2500 36.7739
2500 36.5547
2500 36.9034
2500 36.8421
2500 36.9718
2500 37.2853
2500 37.5917
2500 37.9623
2500 37.7432
2500 37.8863
2500 37.7241
2500 37.4195
2500 37.2033
2500 37.488
2500 37.9342
2500 38.0813
2500 37.6639
2500 37.7722
2500 37.5604
2500 37.6363
2500 37.3924
2500 38.0289
2500 38.5343
2500 39.042
2500 38.1989
2500 38.1085
2500 38.3804
2500 38.5874
2500 38.3915
2500 38.1953
2500 38.5099
2500 39.4933
2500 38.9388
2500 39.1754
2500 39.3248
2500 39.4343
2500 40.0748
2500 40.4119
2500 40.5414
2500 40.8843
2500 41.3731
2500 41.5292
2500 41.9037
2500 41.3771
2500 41.6685
2500 41.7158
2500 41.4761
2500 41.464
2500 41.7191
2500 41.9277
2500 42.2374
2500 42.1834
2500 41.9351
2500 41.535
2500 41.1262
2500 41.3041
2500 40.9921
2500 41.327
2500 40.9246
2500 39.884
2500 40.7185
2500 40.3956
2500 40.7976
2500 40.6314
2500 40.5039
2500 39.6943
2500 40.1037
2500 40.547
2500 39.6773
2500 39.7556
2500 38.5101
2500 37.7574
2500 37.4775
2500 37.8376
2500 37.3079
2500 37.1672
2500 37.7823
2500 37.2796
2500 37.4907
2500 37.0204
2500 37.4702
2500 36.6807
2500 36.2686
2500 36.2613
2500 36.243
2500 36.1845
2500 35.4146
2500 35.5375
2500 35.0772
2500 35.1602
2500 35.1339
2500 35.0842
2500 35.645
2500 35.8939
2500 35.6388
2500 35.6398
2500 35.7538
2500 35.7902
2500 37.2928
2500 37.397
2500 37.2967
2500 37.0299
2500 37.341
2500 38.1106
2500 37.3549
2500 38.2173
2500 38.7521
2500 39.0604
2500 38.8984
2500 38.1782
2500 37.5606
2500 37.4457
2500 37.9901
2500 38.2791
2500 37.5644
2500 37.4152
2500 37.683
2500 38.2132
2500 37.5217
2500 37.3092
2500 37.1469
2500 36.6643
2500 36.3458
2500 36.6075
2500 36.7561
2500 36.3272
2500 35.7519
2500 35.8505
2500 36.3533
2500 37.3639
2500 36.9821
2500 36.353
2500 35.9091
2500 36.0057
2500 36.1428
2500 36.165
2500 35.6255
2500 36.2649
2500 36.0078
2500 36.3316
2500 36.7791
2500 36.4529
2500 36.5748
2500 36.7812
2500 37.266
2500 37.0072
2500 36.6857
2500 36.4188
2500 36.1624
2500 36.8854
2500 36.9565
2500 37.4726
2500 37.4071
2500 37.7198
2500 37.0786
2500 36.9677
2500 37.4835
2500 37.6308
2500 38.2708
2500 37.9719
2500 37.8526
2500 38.344
2500 38.8868
2500 38.4456
2500 38.2279
2500 38.455
2500 37.8918
2500 37.408
2500 36.8066
2500 36.2425
2500 36.1733
2500 36.5712
2500 36.4311
2500 36.5149
2500 36.4825
2500 36.2309
2500 36.414
2500 36.5207
2500 37.2863
2500 38.0938
2500 37.9621
2500 38.0633
2500 37.8476
2500 37.4772
2500 37.4037
2500 38.3368
2500 37.8751
2500 38.5356
2500 38.4602
2500 37.5753
2500 37.6019
2500 37.4104
2500 37.6143
2500 38.0534
2500 37.9199
2500 37.3965
2500 37.2694
2500 37.2909
2500 37.5657
2500 37.4509
2500 37.2595
2500 37.5394
2500 37.5412
2500 37.8487
2500 37.5975
2500 37.5896
2500 37.6186
2500 36.8874
2500 36.9666
2500 37.51
2500 37.8933
2500 37.5276
2500 37.7585
2500 37.7085
2500 37.7385
2500 37.6981
2500 38.0929
2500 38.5455
2500 38.1553
2500 38.0661
2500 37.8858
2500 37.996
2500 38.4385
2500 38.6514
2500 38.1051
2500 38.3938
2500 38.4205
2500 38.1162
2500 38.4976
2500 38.4606
2500 38.3381
2500 37.6133
2500 37.4679
2500 37.0829
2500 37.9644
2500 38.2792
2500 38.2404
2500 38.7852
2500 37.886
2500 37.4874
2500 37.5384
2500 37.3971
2500 37.4292
2500 37.0861
2500 37.0351
2500 36.548
2500 36.8384
2500 37.1438
2500 37.2887
2500 37.5423
2500 37.8962
2500 37.9495
2500 39.4434
2500 39.838
2500 40.0649
2500 38.9678
2500 39.0098
2500 38.5502
2500 38.1832
2500 38.2801
2500 38.6664
2500 38.2433
2500 39.0392
2500 39.8007
2500 39.6592
2500 39.7715
2500 38.9882
2500 38.1071
2500 38.24
2500 37.1335
2500 37.5562
2500 36.9951
2500 37.5733
2500 37.3425
2500 37.1269
2500 37.447
2500 37.3761
2500 37.2501
2500 36.5209
2500 36.1315
2500 36.754
2500 36.6241
2500 36.696
2500 37.9112
2500 37.8438
2500 37.8256
2500 38.4078
2500 39.4782
2500 38.9378
2500 39.0671
2500 39.1962
2500 38.9785
2500 39.6672
2500 39.7235
2500 39.499
2500 38.7731
2500 38.4508
2500 38.8525
2500 38.8457
2500 39.1024
2500 38.8746
2500 38.7695
2500 39.0718
2500 38.3809
2500 38.7481
2500 38.317
2500 39.1745
2500 39.5145
2500 39.9455
2500 39.6773
2500 40.0011
2500 40.0821
2500 40.4781
2500 41.0605
2500 40.9242
2500 40.7757
2500 41.7287
2500 41.5192
2500 41.3459
2500 40.9266
2500 41.1112
2500 41.0607
2500 40.0806
2500 40.2552
2500 41.6557
2500 41.8337
2500 41.5847
2500 40.6831
2500 40.8232
2500 40.6811
2500 41.0419
2500 40.6835
2500 40.976
2500 40.5929
2500 41.265
2500 41.6458
2500 41.4821
2500 41.6949
2500 41.8616
2500 42.8474
2500 41.6035
2500 40.3944
2500 39.8093
2500 39.4647
2500 39.2875
2500 38.6304
2500 38.6217
2500 38.3479
2500 38.8497
2500 38.9316
2500 38.5834
2500 39.0634
2500 38.2736
2500 38.9562
2500 39.6166
2500 40.8133
2500 40.9771
2500 40.8738
2500 40.9538
2500 39.9671
2500 39.8277
2500 40.2875
2500 40.9849
2500 40.0291
2500 40.4836
2500 40.9204
2500 40.8979
2500 40.1019
2500 40.6735
2500 40.8821
2500 41.5838
2500 42.0003
2500 43.1311
2500 43.2425
2500 43.027
2500 43.2681
2500 42.9192
2500 43.127
2500 42.462
2500 42.272
2500 42.3504
2500 42.1122
2500 42.2906
2500 42.718
2500 42.7958
2500 41.9327
2500 41.9213
2500 43.0819
2500 43.0462
2500 42.5448
2500 42.3885
2500 42.6282
2500 42.5399
2500 42.344
2500 42.0442
2500 42.0215
2500 42.5253
2500 42.555
2500 42.2135
2500 42.4806
2500 42.3212
2500 41.7936
2500 41.4663
2500 41.8409
2500 41.6355
2500 41.8198
2500 41.3199
2500 41.424
2500 41.3137
2500 41.1194
2500 40.6828
2500 39.5131
2500 39.4283
2500 38.8164
2500 38.4988
2500 38.5592
2500 38.6822
2500 38.0553
2500 37.8589
2500 37.9157
2500 37.3312
2500 37.7403
2500 38.6344
2500 38.1268
2500 37.5316
2500 36.9894
2500 36.8436
2500 36.8063
2500 36.7583
2500 36.5568
2500 36.0143
2500 36.1118
2500 36.0888
2500 35.6409
2500 35.0005
2500 35.4034
2500 35.7278
2500 35.4402
2500 35.3166
2500 35.8633
2500 35.7844
2500 36.2463
2500 35.8843
2500 35.3067
2500 34.9683
2500 34.5559
2500 34.987
2500 34.5814
2500 34.4176
2500 34.004
2500 33.91
2500 33.4737
2500 34.0661
2500 34.4323
2500 34.5054
2500 34.9599
2500 35.0605
2500 35.1392
2500 35.4764
2500 35.7032
2500 35.8867
2500 35.3151
2500 35.1562
2500 34.929
2500 35.0437
2500 35.005
2500 35.8411
2500 35.5964
2500 35.534
2500 35.1333
2500 34.8643
2500 35.2157
2500 35.1275
2500 35.364
2500 35.4427
2500 34.8098
2500 34.1751
2500 33.4904
2500 33.5916
2500 33.8878
2500 32.9898
2500 33.0129
2500 31.8474
2500 32.4471
2500 32.7651
2500 32.3192
2500 32.1835
2500 32.2301
2500 32.6639
2500 32.6009
2500 32.4687
2500 32.7074
2500 33.3958
2500 33.0102
2500 33.2809
2500 32.9959
2500 32.8721
2500 32.2852
2500 32.0556
2500 32.1419
2500 31.9595
2500 31.8315
2500 32.1777
2500 32.2734
2500 32.5645
2500 32.5613
2500 34.0842
2500 33.8387
2500 33.9988
2500 33.651
2500 33.5812
2500 33.9873
2500 33.7225
2500 33.6759
2500 33.175
2500 32.9833
2500 33.2931
2500 32.7671
2500 32.492
2500 32.1979
2500 32.0116
2500 32.4189
2500 32.6006
2500 32.6153
2500 32.1394
2500 32.3225
2500 32.1621
2500 31.7375
2500 31.576
2500 31.576
2500 31.219
2500 31.4816
2500 31.4938
2500 31.4769
2500 31.3678
2500 31.1737
2500 31.116
2500 31.4494
2500 31.8734
2500 31.4456
2500 31.6086
2500 32.2182
2500 32.7375
2500 32.9199
2500 32.971
2500 33.4547
2500 33.774
2500 33.3703
2500 33.607
2500 34.1333
2500 33.7375
2500 34.4756
2500 33.9098
2500 33.7322
2500 32.8233
2500 32.6969
2500 32.9186
2500 33.1489
2500 33.7721
2500 32.7972
2500 32.9657
2500 32.9036
2500 32.6772
2500 33.4652
2500 33.4986
2500 33.395
2500 33.1491
2500 32.8169
2500 33.1368
