2500 51.726
2500 51.726
2500 53.133
2500 53.133
2500 54.3842
2500 54.3842
2500 50.3438
2500 50.3438
2500 50.3438
2500 50.3438
2500 50.3438
2500 50.3438
2500 50.3438
2500 50.1971
2500 50.1971
2500 54.7919
2500 51.8299
2500 51.8299
2500 51.8299
2500 51.8299
2500 51.8299
2500 51.8299
2500 51.5888
2500 51.5888
2500 52.9154
2500 52.9154
2500 52.7915
2500 52.9154
2500 52.9154
2500 52.5423
2500 51.9358
2500 49.4222
2500 49.4222
2500 49.4222
2500 49.4222
2500 49.4222
2500 49.4222
2500 52.6218
2500 52.6218
2500 50.987
2500 50.987
2500 50.987
2500 50.1631
2500 50.1749
2500 50.1749
2500 50.1749
2500 49.3463
2500 48.4688
2500 48.4688
2500 48.4688
2500 48.4688
2500 48.4688
2500 48.4688
2500 48.4688
2500 48.4688
2500 48.4688
2500 48.4688
2500 49.4851
2500 49.0311
2500 49.7739
2500 49.7739
2500 48.9416
2500 49.7739
2500 49.7739
2500 46.6968
2500 46.6968
2500 46.6968
2500 48.8723
2500 49.2255
2500 49.2255
2500 47.1111
2500 47.1948
2500 47.6882
2500 47.7267
2500 48.1904
2500 48.1904
2500 48.1904
2500 48.1904
2500 47.2482
2500 48.1904
2500 49.7739
2500 48.5244
2500 48.5244
2500 48.5244
2500 48.9076
2500 48.9076
2500 48.9076
2500 48.9076
2500 48.9076
2500 46.2588
2500 47.4274
2500 49.0009
2500 49.0009
2500 49.4562
2500 49.6489
2500 47.6482
2500 50.3986
2500 50.7604
2500 50.7604
2500 52.0863
2500 52.0863
2500 51.7335
2500 50.83
2500 50.83
2500 47.5592
2500 50.83
2500 50.0704
2500 51.2983
2500 52.5734
2500 52.5734
2500 52.5734
2500 52.5734
2500 52.5641
2500 52.9075
2500 53.1029
2500 52.9724
2500 52.9724
2500 51.5587
2500 51.5587
2500 51.5587
2500 52.2951
2500 52.0497
2500 50.2605
2500 50.2736
2500 50.2736
2500 53.57
2500 52.7866
2500 52.7866
2500 52.7866
2500 53.1798
2500 45.4787
2500 45.4787
2500 45.4787
2500 45.4787
2500 45.4787
2500 45.4787
2500 45.4787
2500 45.4787
2500 45.4787
2500 45.4787
2500 45.4787
2500 44.6305
2500 44.6305
2500 44.6305
2500 44.6305
2500 44.6305
2500 44.6305
2500 44.6305
2500 44.6305
2500 44.6305
2500 44.6305
2500 44.6305
2500 44.6305
2500 44.8504
2500 42.8243
2500 44.6454
2500 44.013
2500 44.013
2500 44.013
2500 43.2722
2500 44.7589
2500 44.7589
2500 44.8504
2500 44.7744
2500 44.8504
2500 44.8504
2500 44.8504
2500 44.8504
2500 44.8504
2500 44.8504
2500 44.8504
2500 44.8504
2500 44.8504
2500 43.1329
2500 43.1329
2500 43.1329
2500 44.8504
2500 44.6873
2500 44.8504
2500 48.2348
2500 48.2348
2500 48.2348
2500 48.2348
2500 46.7267
2500 46.7267
2500 46.7267
2500 46.7267
2500 46.7267
2500 46.3771
2500 46.3771
2500 46.3771
2500 45.9166
2500 45.9935
2500 45.9935
2500 45.9935
2500 45.9935
2500 45.9935
2500 45.6174
2500 45.2546
2500 45.2546
2500 45.2546
2500 44.1529
2500 42.4557
2500 42.4557
2500 45.9935
2500 45.9935
2500 44.8264
2500 44.6323
2500 44.6323
2500 44.6323
2500 44.6323
2500 44.466
2500 44.466
2500 44.2418
2500 44.466
2500 44.1654
2500 44.1654
2500 42.1118
2500 44.1548
2500 44.1548
2500 43.1577
2500 43.1577
2500 43.1577
2500 41.0599
2500 40.4245
2500 40.4245
2500 40.4245
2500 40.4245
2500 40.4245
2500 40.4245
2500 40.4245
2500 40.4245
2500 40.185
2500 40.185
2500 40.185
2500 40.185
2500 38.5604
2500 38.6934
2500 38.9535
2500 38.9535
2500 38.9535
2500 39.9466
2500 39.9466
2500 36.6234
2500 36.6234
2500 36.6234
2500 37.0451
2500 37.0451
2500 37.0451
2500 37.0451
2500 37.0451
2500 37.0451
2500 40.5975
2500 40.5975
2500 40.5975
2500 40.5975
2500 36.6934
2500 36.6934
2500 40.0646
2500 40.5975
2500 40.5975
2500 40.5975
2500 40.5975
2500 40.5975
2500 40.5975
2500 39.305
2500 39.305
2500 39.305
2500 39.305
2500 39.305
2500 38.5702
2500 40.5975
2500 40.5975
2500 40.5975
2500 40.5975
2500 40.5975
2500 40.5975
2500 40.5975
2500 40.5975
2500 41.4505
2500 41.4505
2500 41.4505
2500 42.0234
2500 42.0234
2500 42.3634
2500 41.1142
2500 41.1142
2500 41.1142
2500 40.692
2500 40.692
2500 40.692
2500 40.5064
2500 39.3389
2500 39.3389
2500 39.3389
2500 39.1004
2500 39.1004
2500 39.1004
2500 38.7982
2500 39.1004
2500 39.9842
2500 39.9842
2500 39.9842
2500 39.9842
2500 39.4695
2500 40.5789
2500 41.1142
2500 41.1142
2500 39.7104
2500 39.7104
2500 41.1142
2500 40.5526
2500 40.4838
2500 40.4838
2500 40.4838
2500 40.4838
2500 40.4838
2500 40.4838
2500 40.4838
2500 40.4739
2500 40.6742
2500 39.9351
2500 39.9351
2500 37.844
2500 39.9351
2500 38.8508
2500 39.2254
2500 39.2254
2500 39.2254
2500 40.7487
2500 40.7487
2500 40.4504
2500 40.4504
2500 40.4504
2500 40.4504
2500 40.4504
2500 40.4504
2500 41.1061
2500 42.3905
2500 42.3905
2500 42.3864
2500 42.3864
2500 42.3864
2500 42.3864
2500 42.3864
2500 42.3864
2500 42.3864
2500 42.3905
2500 42.3905
2500 42.3905
2500 42.3905
2500 42.3905
2500 42.3905
2500 42.3905
2500 42.334
2500 42.334
2500 42.334
2500 42.334
2500 42.1541
2500 42.1541
2500 42.1541
2500 42.1541
2500 40.867
2500 40.867
2500 40.867
2500 40.4937
2500 40.4937
2500 39.9924
2500 39.9924
2500 39.9924
2500 39.9924
2500 39.9924
2500 39.9924
2500 40.867
2500 40.867
2500 40.867
2500 39.6373
2500 40.867
2500 40.867
2500 39.2253
2500 39.2253
2500 39.2253
2500 39.2253
2500 39.2253
2500 39.8486
2500 38.8328
2500 38.7213
2500 38.7213
2500 38.7213
2500 39.2253
2500 39.2253
2500 39.2253
2500 39.2253
2500 40.5709
2500 40.5709
2500 40.5709
2500 40.3367
2500 40.5709
2500 40.5709
2500 40.5709
2500 40.5709
2500 40.5709
2500 40.5709
2500 40.5709
2500 40.5709
2500 40.5709
2500 40.7037
2500 42.8265
2500 41.9215
2500 41.9215
2500 41.3121
2500 40.2318
2500 40.2318
2500 40.2318
2500 40.2318
2500 40.2318
2500 39.7491
2500 41.858
2500 42.4106
2500 42.5992
2500 42.5992
2500 42.5992
2500 42.5992
2500 42.5992
2500 39.8367
2500 43.0889
2500 41.4067
2500 43.0889
2500 43.6097
2500 43.6064
2500 40.9449
2500 43.6064
2500 42.3408
2500 42.3408
2500 42.3408
2500 43.6097
2500 43.4974
2500 43.4974
2500 43.4974
2500 43.4974
2500 43.262
2500 43.1726
2500 43.5487
2500 43.5487
2500 43.6097
2500 43.6097
2500 43.6097
2500 43.6097
2500 43.601
2500 43.6097
2500 43.6097
2500 43.6097
2500 43.6097
2500 43.6097
2500 40.8907
2500 40.8907
2500 43.5587
2500 43.6097
2500 43.6097
2500 43.6097
2500 43.3481
2500 43.0756
2500 43.3481
2500 43.3481
2500 43.3481
2500 43.3481
2500 43.3481
2500 43.3481
2500 40.6588
2500 40.6588
2500 41.4006
2500 41.4006
2500 41.4006
2500 41.4006
2500 40.5769
2500 40.5769
2500 40.5769
2500 40.5769
2500 38.5132
2500 38.5132
2500 38.5132
2500 38.5132
2500 38.5132
2500 38.5132
2500 38.5132
2500 38.5132
2500 38.5132
2500 38.5132
2500 38.2631
2500 38.2631
2500 38.2631
2500 38.2631
2500 38.2465
2500 38.2465
2500 37.9862
2500 37.7839
2500 37.7839
2500 38.2631
2500 38.2631
2500 38.2631
2500 38.2631
2500 38.2631
2500 38.2631
2500 37.7537
2500 38.2631
2500 37.9421
2500 38.2631
2500 38.2631
2500 37.3741
2500 38.2631
2500 37.9899
2500 38.2631
2500 38.2631
2500 38.2631
2500 38.8572
2500 39.8513
2500 39.8513
2500 39.8513
2500 39.8513
2500 39.8513
2500 39.8513
2500 39.8513
2500 39.8513
2500 39.8513
2500 42.4111
2500 43.084
2500 42.5354
2500 43.8158
2500 43.8158
2500 43.8158
2500 43.6593
2500 43.6593
2500 42.4382
2500 42.4382
2500 43.5812
2500 42.4339
2500 41.8136
2500 41.8136
2500 41.2327
2500 41.2327
2500 41.2327
2500 43.0952
2500 43.0952
2500 43.0952
2500 43.0952
2500 43.0952
2500 43.0952
2500 43.0952
2500 43.0952
2500 43.0952
2500 43.0952
2500 42.1252
2500 43.945
2500 43.945
2500 43.945
2500 44.6772
2500 44.6772
2500 44.24
2500 44.1205
2500 44.1205
2500 41.1921
2500 44.6924
2500 43.3557
2500 43.3557
2500 43.3557
2500 43.3557
2500 43.3557
2500 43.3557
2500 43.2436
2500 43.3557
2500 43.3557
2500 43.3557
2500 44.6443
2500 44.6443
2500 44.6443
2500 42.5563
2500 42.5563
2500 42.5563
2500 42.5563
2500 42.5563
2500 42.1375
2500 42.1375
2500 42.1375
2500 42.1375
2500 42.1375
2500 42.4304
2500 42.4304
2500 42.1422
2500 42.4304
2500 42.4304
2500 42.4304
2500 42.4304
2500 41.2542
2500 41.2542
2500 40.4586
2500 40.8199
2500 42.1259
2500 41.4928
2500 40.6905
2500 40.6905
2500 40.6642
2500 40.6642
2500 40.6642
2500 40.6642
2500 40.6642
2500 43.691
2500 43.7108
2500 43.7108
2500 41.4118
2500 43.7108
2500 43.7108
2500 43.7108
2500 43.7108
2500 43.7108
2500 42.4362
2500 42.4362
2500 42.4362
2500 42.8513
2500 42.334
2500 42.0419
2500 42.0419
2500 42.0419
2500 40.6214
2500 40.6214
2500 40.6214
2500 40.6214
2500 40.6214
2500 40.6214
2500 40.6214
2500 40.5363
2500 42.3901
2500 42.3901
2500 42.3901
2500 42.3901
2500 40.6098
2500 40.6098
2500 40.6098
2500 40.6098
2500 40.6098
2500 40.6098
2500 40.6098
2500 40.6098
2500 40.6098
2500 40.6098
2500 41.414
2500 41.414
2500 41.414
2500 41.5861
2500 41.5861
2500 41.6599
2500 41.6599
2500 41.6599
2500 40.4548
2500 40.4548
2500 41.1174
2500 41.1174
2500 41.6599
2500 41.6599
2500 41.6599
2500 41.6599
2500 41.6599
2500 41.6599
2500 40.6344
2500 40.6344
2500 41.2421
2500 41.2421
2500 41.311
2500 39.8206
2500 39.8206
2500 39.2228
2500 38.5732
2500 37.5287
2500 38.5732
2500 38.5732
2500 38.5732
2500 38.5732
2500 38.5732
2500 38.5732
2500 38.5732
2500 38.5732
2500 38.5732
2500 38.5732
2500 38.5732
2500 38.5732
2500 38.5732
2500 38.5732
2500 38.5732
2500 38.5732
2500 39.9333
2500 39.9333
2500 39.8655
2500 40.3179
2500 40.3179
2500 40.3179
2500 40.3179
2500 40.3179
2500 40.3179
2500 40.3179
2500 40.3179
2500 40.3179
2500 40.3179
2500 40.5118
2500 41.5355
2500 40.5419
2500 40.5419
2500 40.5419
2500 40.5419
2500 40.5419
2500 40.5419
2500 40.5419
2500 39.7547
2500 39.7547
2500 38.7502
2500 40.6022
2500 40.6022
2500 40.6352
2500 40.6352
2500 40.6352
2500 40.5819
2500 40.5819
2500 40.5819
2500 40.467
2500 40.5819
2500 40.467
2500 40.467
2500 40.2949
2500 40.2949
2500 40.2949
2500 40.2949
2500 40.2949
2500 39.4463
2500 39.4463
2500 39.4463
2500 39.4463
2500 40.2949
2500 40.0099
2500 39.8633
2500 40.0099
2500 36.5556
2500 36.5556
2500 36.5556
2500 37.3996
2500 37.3996
2500 37.3996
2500 36.6488
2500 37.3996
2500 37.3996
2500 37.3996
2500 39.1331
2500 39.1331
2500 39.1331
2500 39.1331
2500 40.7846
2500 40.7846
2500 40.7846
2500 40.7846
2500 40.7846
2500 40.7846
2500 40.0741
2500 40.0741
2500 40.7846
2500 40.7846
2500 39.0128
2500 39.0128
2500 38.7656
2500 39.0128
2500 39.0128
2500 39.0128
2500 39.0128
2500 39.094
2500 39.094
2500 39.094
2500 39.094
2500 39.094
2500 40.5512
2500 40.5512
2500 41.1382
2500 41.1382
2500 41.0237
2500 41.0237
2500 41.0237
2500 41.0237
2500 42.1924
2500 41.9837
2500 41.8433
2500 41.8433
2500 39.0079
2500 39.0079
2500 39.0079
2500 39.0079
2500 39.0079
2500 39.0079
2500 39.0079
2500 40.6308
2500 42.0762
2500 42.0762
2500 42.4652
2500 43.1827
2500 43.7495
2500 41.9451
2500 43.7495
2500 43.7495
2500 39.9251
2500 39.9251
2500 39.9251
2500 39.9251
2500 39.9251
2500 39.9251
2500 39.9251
2500 39.9251
2500 39.9251
2500 39.9251
2500 39.9251
2500 39.9251
2500 39.9251
2500 39.9251
2500 39.9251
2500 38.188
2500 38.188
2500 38.064
2500 37.9423
2500 38.188
2500 38.188
2500 38.188
2500 38.188
2500 39.272
2500 39.0925
2500 37.4559
2500 39.1021
2500 39.1021
2500 39.1021
2500 39.1021
2500 39.1021
2500 39.1021
2500 39.1021
2500 39.1021
2500 39.1021
2500 38.2683
2500 38.2683
2500 38.2683
2500 38.2683
2500 38.2683
2500 37.4187
2500 38.2683
2500 38.2683
2500 38.2683
2500 38.2683
2500 38.2683
2500 38.2683
2500 38.2683
2500 37.7966
2500 38.2683
2500 38.2035
2500 36.6356
2500 36.6356
2500 36.6356
2500 36.6356
2500 36.6356
2500 36.6356
2500 36.4387
2500 36.4387
2500 36.4387
2500 36.4387
2500 36.3771
2500 36.3771
2500 36.3771
2500 37.7828
2500 37.7828
2500 38.803
2500 38.803
2500 38.803
2500 38.803
2500 38.803
2500 38.803
2500 38.803
2500 38.803
2500 38.803
2500 38.2641
2500 38.2641
2500 39.3029
2500 39.3029
2500 39.3029
2500 39.3029
2500 38.6956
2500 38.6956
2500 38.6956
2500 38.6956
2500 40.067
2500 40.067
2500 40.067
2500 40.067
2500 40.067
2500 40.067
2500 40.067
2500 39.7278
2500 39.7278
2500 40.4113
2500 41.9325
2500 42.4462
2500 42.4462
2500 42.4462
2500 42.4462
2500 42.0318
2500 41.1628
2500 40.9154
2500 40.2623
2500 41.3652
2500 42.0318
2500 42.0318
2500 42.0318
2500 42.0318
2500 42.0318
2500 41.8506
2500 41.8506
2500 40.9255
2500 41.8506
2500 41.8506
2500 41.8506
2500 40.6897
2500 40.6897
2500 40.6897
2500 40.6897
2500 42.515
2500 42.515
2500 40.6892
2500 40.6892
2500 40.6892
2500 40.6892
2500 39.544
2500 40.4527
2500 40.6502
2500 40.0046
2500 40.0046
2500 40.0046
2500 40.0046
2500 40.0046
2500 39.9911
2500 40.0046
2500 40.2276
2500 39.951
2500 39.951
2500 39.951
2500 39.951
2500 39.951
2500 39.951
2500 39.3306
2500 39.9082
2500 40.6364
2500 39.9656
2500 38.2827
2500 40.253
2500 40.6502
2500 40.6502
2500 41.1347
2500 41.1347
2500 41.1652
2500 41.7579
2500 41.0326
2500 41.0326
2500 41.0326
2500 41.7579
2500 41.7579
2500 41.7579
2500 41.7579
2500 41.7926
2500 40.2012
2500 40.2012
2500 40.2012
2500 41.7926
2500 40.7828
2500 40.1894
2500 40.1894
2500 39.2389
2500 41.4697
2500 41.4697
2500 41.4697
2500 42.9045
2500 43.0597
2500 43.0597
2500 42.8947
2500 42.8947
2500 41.0033
2500 42.8947
2500 42.8947
2500 42.8947
2500 42.8947
2500 42.8947
2500 42.8947
2500 39.8039
2500 37.073
2500 43.0561
2500 43.0561
2500 43.0561
2500 43.0561
2500 43.0561
2500 43.0561
2500 43.0561
2500 43.0561
2500 44.7869
2500 45.1736
2500 41.9801
2500 41.9801
2500 41.9801
2500 41.9262
2500 41.9801
2500 41.9801
2500 41.9801
2500 42.0735
2500 42.0735
2500 42.0735
2500 46.0556
2500 45.7478
2500 45.7478
2500 45.7478
2500 45.7478
2500 45.7478
2500 45.7478
2500 44.8739
2500 46.1555
2500 46.126
2500 46.126
2500 46.126
2500 46.126
2500 46.6713
2500 46.6713
2500 46.6554
2500 46.6554
2500 41.6738
2500 41.6738
2500 41.6738
2500 41.6738
2500 41.6738
2500 40.9873
2500 40.9873
2500 40.9873
2500 40.8665
2500 40.9873
2500 40.9873
2500 40.9873
2500 42.38
2500 41.9064
2500 41.9064
2500 42.3927
2500 42.3927
2500 42.3927
2500 42.6728
2500 42.6728
2500 42.6728
2500 42.6728
2500 42.6728
2500 42.6728
2500 42.6728
2500 42.6728
2500 42.6728
2500 41.7699
2500 41.7699
2500 42.4796
2500 42.4796
2500 42.3844
2500 42.4796
2500 42.4796
2500 42.4796
2500 41.4073
2500 41.4073
2500 41.4073
2500 41.07
2500 41.07
2500 41.07
2500 41.07
2500 41.07
2500 41.4073
2500 41.4073
2500 41.4073
2500 41.4073
2500 41.4073
2500 41.4073
2500 41.4073
2500 41.4073
2500 41.4073
2500 41.4073
2500 39.9258
2500 39.9258
2500 39.9258
2500 39.9258
2500 39.9258
2500 41.4073
2500 41.4073
2500 41.4073
2500 41.9615
2500 41.9615
2500 42.1414
2500 42.1414
2500 42.1414
2500 42.1414
2500 42.1414
2500 42.1414
2500 42.1414
2500 42.1414
2500 42.1414
2500 42.1414
2500 41.2036
2500 41.688
2500 42.1414
2500 42.1414
2500 41.6818
2500 42.1414
2500 42.1983
2500 42.2937
2500 42.2937
2500 42.2937
2500 42.2937
2500 40.8909
2500 42.2937
2500 44.1045
2500 42.3191
2500 44.1045
2500 44.1045
2500 44.1045
2500 44.1045
2500 42.5469
2500 43.4914
2500 43.4914
2500 43.4914
2500 43.4358
2500 43.4358
2500 43.4358
2500 43.4358
2500 42.0063
2500 42.0063
2500 42.0063
2500 42.0063
2500 42.0063
2500 42.0063
2500 42.0063
2500 42.0063
2500 42.0063
2500 42.0063
2500 42.0063
2500 42.0063
2500 42.0063
2500 39.1902
2500 42.0063
2500 42.0063
2500 42.0063
2500 42.0063
2500 40.9951
2500 40.2503
2500 40.9951
2500 40.9951
2500 40.9951
2500 40.9951
2500 40.9951
2500 40.9951
2500 40.9951
2500 41.0312
2500 41.0312
2500 39.1291
2500 39.1291
2500 39.1291
2500 39.1291
2500 39.1291
2500 39.1291
2500 40.5819
2500 40.5819
2500 41.0312
2500 41.0312
2500 41.0312
2500 41.0312
2500 40.8956
2500 41.0312
2500 41.0312
2500 41.0312
2500 40.8828
2500 40.8828
2500 40.8828
2500 40.8828
2500 40.777
2500 38.7505
2500 38.7505
2500 38.7505
2500 38.7505
2500 40.7368
2500 41.2718
2500 41.2718
2500 40.2172
2500 40.2172
2500 40.884
2500 40.884
2500 41.2718
2500 41.2718
2500 41.2718
2500 41.2718
2500 40.0794
2500 40.0794
2500 40.0794
2500 41.2718
2500 41.2718
2500 40.9113
2500 40.9113
2500 40.9113
2500 40.9113
2500 41.2718
2500 41.2718
2500 41.2718
2500 41.1526
2500 41.2718
2500 41.2718
2500 41.2718
2500 41.2718
2500 39.6378
2500 41.2718
2500 41.2914
2500 40.8375
2500 40.8375
2500 38.6134
2500 40.8375
2500 40.8375
2500 40.8375
2500 39.5871
2500 39.5871
2500 39.5871
2500 40.8375
2500 40.8375
2500 39.2273
2500 40.0278
2500 39.8637
2500 39.8637
2500 39.8637
2500 39.8637
2500 39.8637
2500 39.8715
2500 39.8715
2500 40.0278
2500 38.2467
2500 38.2467
2500 38.2467
2500 38.2467
2500 38.2467
2500 38.2467
2500 38.2467
2500 38.2467
2500 38.8624
2500 37.7508
2500 38.8624
2500 38.8624
2500 38.8624
2500 38.8624
2500 38.8624
2500 40.0106
2500 40.193
2500 41.3379
2500 40.734
2500 41.3379
2500 41.3379
2500 42.7021
2500 42.7021
2500 42.7021
2500 44.391
2500 44.391
2500 44.391
2500 44.223
2500 40.7572
2500 40.7572
2500 40.7572
2500 40.7572
2500 40.7572
2500 40.7572
2500 40.7572
2500 40.7572
2500 40.7572
2500 40.7572
2500 40.7572
2500 39.4297
2500 40.7572
2500 40.5687
2500 40.7572
2500 40.7572
2500 40.0421
2500 40.7572
2500 40.7572
2500 40.4259
2500 40.4259
2500 40.4259
2500 39.3558
2500 39.3558
2500 39.3558
2500 39.3558
2500 38.8421
2500 39.3558
2500 39.3558
2500 39.3036
2500 39.3558
2500 38.4897
2500 38.4897
2500 38.4897
2500 38.4897
2500 38.4897
2500 39.2376
2500 39.2376
2500 39.2376
2500 39.2376
2500 39.2376
2500 39.2376
2500 39.2376
2500 39.2376
2500 38.5865
2500 38.9801
2500 39.2376
2500 39.2376
2500 38.8804
2500 39.3558
2500 38.8804
2500 38.9013
2500 39.3468
2500 38.9217
2500 36.7921
2500 38.0869
2500 38.0869
2500 38.0869
2500 37.3429
2500 37.3429
2500 37.3429
2500 37.3429
2500 37.3429
2500 37.681
2500 37.681
2500 37.681
2500 37.681
2500 37.681
2500 37.681
2500 37.681
2500 37.681
2500 37.681
2500 37.681
2500 37.681
2500 37.681
2500 37.4177
2500 37.4177
2500 37.681
2500 37.5618
2500 37.681
2500 37.681
2500 36.5713
2500 36.5713
2500 36.5713
2500 36.5713
2500 36.5713
2500 36.5713
2500 36.5713
2500 35.304
2500 35.304
2500 36.2262
2500 36.5713
2500 36.5713
2500 36.5713
2500 36.5713
2500 36.5713
2500 37.0231
2500 37.0231
2500 37.0231
2500 37.0231
2500 37.0231
2500 37.3804
2500 37.0421
2500 37.0346
2500 37.0346
2500 37.7074
2500 38.0189
2500 38.1455
2500 38.1455
2500 36.8556
2500 38.1455
2500 38.2122
2500 38.8192
2500 38.8192
2500 38.8192
2500 38.8192
2500 37.8993
2500 37.8993
2500 37.5297
2500 36.348
2500 36.7199
2500 36.7199
2500 37.8993
2500 37.8993
2500 36.829
2500 36.829
2500 37.0579
2500 37.0579
2500 37.0579
2500 37.7764
2500 37.8993
2500 37.8993
2500 37.8993
2500 36.9757
2500 36.9757
2500 36.9757
2500 36.2417
2500 36.9757
2500 36.9757
2500 36.9757
2500 36.9757
2500 36.9757
2500 36.9757
2500 35.9528
2500 35.9528
2500 36.9757
2500 36.9757
2500 36.6301
2500 36.6301
2500 36.6301
2500 36.6301
2500 36.6301
2500 36.6301
2500 36.6301
2500 34.8265
2500 35.9528
2500 35.9528
2500 35.6073
2500 35.6073
2500 35.6073
2500 35.4751
2500 35.4751
2500 35.2143
2500 35.2143
2500 35.2143
2500 35.2143
2500 35.2143
2500 35.6073
2500 35.6073
2500 33.3749
2500 35.8453
2500 35.8453
2500 35.8453
2500 35.5144
2500 35.5144
2500 35.5144
2500 35.5144
2500 35.5144
2500 35.161
2500 35.161
2500 34.5211
2500 34.5211
2500 34.5211
2500 34.5211
2500 34.5211
2500 34.5211
2500 34.5211
2500 34.5211
2500 34.5211
2500 34.3599
2500 34.3599
2500 34.3599
2500 34.3599
2500 34.272
2500 33.5191
2500 33.5191
2500 33.5191
2500 33.5191
2500 33.5191
2500 33.5191
2500 33.5191
2500 33.5191
2500 33.5191
2500 33.5191
2500 33.3826
2500 33.3826
2500 33.3826
2500 33.3826
2500 33.3826
2500 33.3826
2500 33.3826
2500 33.3826
2500 33.3826
2500 33.3826
2500 33.3826
2500 32.9519
2500 32.9519
2500 32.9519
2500 32.9519
2500 32.9519
2500 32.9519
2500 32.9519
2500 32.9519
2500 32.9519
2500 32.5148
2500 30.8558
2500 30.8558
2500 30.8558
2500 30.8558
2500 30.8558
2500 30.8558
2500 30.8558
2500 30.8558
2500 30.8558
2500 30.8558
2500 30.8558
2500 30.8558
2500 30.8558
2500 30.8558
2500 30.8558
2500 30.8558
2500 30.8558
2500 30.8558
2500 30.8558
2500 30.8558
2500 30.8558
2500 30.8558
2500 30.8558
2500 30.8558
2500 30.8558
2500 30.6101
2500 30.8558
2500 30.8558
2500 30.8558
2500 30.8558
2500 30.8558
2500 30.8558
2500 30.8558
2500 30.8558
2500 30.8558
2500 31.0687
2500 30.327
2500 31.0687
2500 31.0687
2500 31.0687
2500 31.0687
2500 31.0687
2500 31.0687
2500 31.0687
2500 31.0687
2500 30.6503
2500 31.0687
2500 31.0687
2500 30.72
2500 31.0687
2500 31.0687
2500 30.9395
2500 31.0687
2500 31.0687
2500 31.0342
2500 31.0342
2500 30.2377
2500 30.2377
2500 30.2377
2500 30.2377
2500 30.2377
2500 30.2377
2500 30.2377
2500 30.2377
2500 30.2377
2500 30.1433
2500 30.2377
2500 30.2377
2500 30.2377
2500 30.2377
2500 30.2377
2500 30.2377
2500 30.2377
2500 30.2377
2500 30.2377
2500 30.287
2500 30.287
2500 30.287
2500 30.287
2500 30.287
2500 30.287
2500 30.287
2500 30.287
2500 32.0678
2500 32.0062
2500 32.0062
2500 32.0062
2500 32.0062
2500 32.0062
2500 32.0062
2500 32.0062
2500 32.0062
2500 32.0062
2500 31.6152
2500 32.0062
2500 32.0062
2500 32.0062
2500 32.3764
2500 32.3764
2500 32.3764
2500 32.1111
2500 32.631
2500 33.7439
2500 33.7439
2500 33.7439
2500 33.7439
2500 33.7439
2500 33.7439
2500 33.7439
2500 34.1226
2500 34.1226
2500 34.1226
2500 34.1226
2500 35.9526
2500 35.9526
2500 35.2737
2500 35.8296
2500 36.1143
2500 36.2099
2500 36.4232
2500 36.4232
2500 36.4232
2500 36.4232
2500 36.4232
2500 36.4232
2500 36.4232
2500 36.4232
2500 36.4232
2500 36.4232
2500 36.4232
2500 35.867
2500 35.867
2500 35.867
2500 35.867
2500 35.867
2500 35.867
2500 35.867
2500 35.867
2500 35.4793
2500 35.4793
2500 34.7802
2500 34.7802
2500 35.867
2500 35.867
2500 35.867
2500 35.8725
2500 35.8725
2500 35.8725
2500 35.8725
2500 36.4232
2500 36.4232
2500 36.4232
2500 37.654
2500 37.0323
2500 37.654
2500 37.865
2500 37.865
2500 37.865
2500 36.8749
2500 36.8749
2500 36.8749
2500 34.9037
2500 34.9037
2500 34.9037
2500 34.9037
2500 34.9037
2500 37.7488
2500 37.865
2500 35.206
2500 36.7123
2500 37.865
2500 37.865
2500 37.865
2500 37.865
2500 37.865
2500 37.865
2500 37.865
2500 37.865
2500 37.4704
2500 38.145
2500 36.9308
2500 37.6395
2500 37.6395
2500 37.6395
2500 37.6395
2500 37.6395
2500 37.6269
2500 36.6635
2500 37.8864
2500 37.8864
2500 37.8864
2500 38.5571
2500 38.5571
2500 37.7292
2500 39.1092
2500 38.1974
2500 38.1482
2500 38.6314
2500 38.6314
2500 38.6314
2500 38.7125
2500 38.7125
2500 39.2674
2500 39.2674
2500 39.2674
2500 39.2674
2500 39.2674
2500 39.2674
2500 39.2674
2500 39.2063
2500 39.2674
2500 37.9264
2500 35.0511
2500 35.0511
2500 35.0511
2500 35.0511
2500 38.1977
2500 38.1977
2500 38.2095
2500 38.2095
2500 38.6082
2500 39.557
2500 39.557
2500 39.557
2500 39.9062
2500 39.9062
2500 39.7661
2500 39.7661
2500 39.7661
2500 39.7661
2500 39.5624
2500 38.86
2500 38.86
2500 38.86
2500 38.86
2500 38.86
2500 38.86
2500 38.86
2500 38.86
2500 39.9062
2500 39.8248
2500 39.9062
2500 39.1728
2500 39.5578
2500 38.4746
2500 38.4746
2500 38.4746
2500 38.4746
2500 38.4746
2500 38.4746
2500 38.4746
2500 38.4746
2500 38.4746
2500 37.4463
2500 38.4746
2500 38.4746
2500 38.4746
2500 38.4746
2500 38.4746
2500 38.5018
2500 38.5018
2500 37.6575
2500 37.6575
2500 37.6575
2500 38.5018
2500 37.8859
2500 38.5018
2500 38.5018
2500 38.4463
2500 38.4114
2500 38.4114
2500 37.1625
2500 38.0972
2500 38.4114
2500 38.3996
2500 38.3996
2500 38.3996
2500 37.2805
2500 37.2805
2500 37.2805
2500 37.2805
2500 37.2805
2500 37.2805
2500 37.2805
2500 33.8753
2500 33.8753
2500 33.8753
2500 33.8753
2500 33.8753
2500 33.8753
2500 33.8753
2500 33.8753
2500 33.8753
2500 33.8753
2500 33.8753
2500 33.8753
2500 33.8753
2500 33.8753
2500 33.8753
2500 33.8753
2500 33.8753
2500 33.8753
2500 33.8753
2500 33.8753
2500 33.8753
2500 33.8753
2500 33.8753
2500 33.8753
2500 34.3431
2500 34.4589
2500 34.4589
2500 34.4589
2500 34.4589
2500 33.4334
2500 32.8038
2500 32.8038
2500 33.1285
2500 33.3287
2500 33.4334
2500 32.2109
2500 33.4334
2500 33.4334
2500 33.4334
2500 33.4334
2500 33.4334
2500 33.4334
2500 33.4334
2500 33.4334
2500 33.4334
2500 32.6915
2500 32.6915
2500 33.4334
2500 32.891
2500 32.891
2500 33.4334
2500 33.0334
2500 33.4334
2500 34.4491
2500 34.4491
2500 34.4491
2500 34.9259
2500 35.2565
2500 35.2651
2500 35.2651
2500 35.2651
2500 35.2651
2500 35.2651
2500 32.0098
2500 35.2651
2500 35.2651
2500 35.2651
2500 35.2651
2500 35.2651
2500 35.2651
2500 35.2651
2500 35.2651
2500 35.2651
2500 35.1277
2500 32.9577
2500 32.9577
2500 35.2651
2500 35.2651
2500 35.2651
2500 35.2651
2500 35.2651
2500 35.2651
2500 35.2651
2500 35.2651
2500 35.2651
2500 37.2683
2500 36.7697
2500 35.7506
2500 36.7697
2500 36.6048
2500 36.7697
2500 36.7697
2500 36.7697
2500 36.7697
2500 36.7697
2500 36.7697
2500 37.0405
2500 37.0405
2500 37.0405
2500 36.872
2500 37.0405
2500 35.5509
2500 35.5509
2500 35.5509
2500 35.5509
2500 35.5509
2500 34.7412
2500 34.7412
2500 35.5509
2500 35.5509
2500 35.5509
2500 35.5509
2500 35.5509
2500 35.5509
2500 35.5509
2500 35.5509
2500 35.5509
2500 35.5509
2500 35.5509
2500 34.4015
2500 35.5509
2500 35.5509
2500 35.1998
2500 35.1998
2500 36.1253
2500 34.2663
2500 34.2663
2500 34.2663
2500 33.4704
2500 33.4704
2500 33.4704
2500 33.4704
2500 33.4704
2500 33.4704
2500 33.4704
2500 33.4704
2500 33.4704
2500 33.4704
2500 33.4672
2500 33.4672
2500 33.4672
2500 33.4704
2500 33.4704
2500 33.3776
2500 33.3776
2500 33.04
2500 33.3776
2500 33.3776
2500 33.3776
2500 33.3776
2500 33.1621
2500 30.615
2500 32.9317
2500 32.9317
2500 32.9317
2500 32.9317
2500 32.9317
2500 32.9317
2500 31.174
2500 31.174
2500 31.174
2500 33.3457
2500 33.3457
2500 33.3457
2500 33.3457
2500 33.5305
2500 33.4601
2500 33.4601
2500 34.7375
2500 34.7375
2500 34.7375
2500 34.7375
2500 34.6224
2500 34.6224
2500 34.6224
2500 34.115
2500 34.6224
2500 34.6224
2500 34.6117
2500 34.6224
2500 34.4903
2500 33.7082
2500 33.7082
2500 34.6224
2500 34.4435
2500 34.4435
2500 34.6224
2500 34.6224
2500 34.6224
2500 34.6224
2500 34.6224
2500 34.6224
2500 34.6224
2500 34.6224
2500 34.6224
2500 35.1611
2500 35.1611
2500 35.1611
2500 34.8436
2500 35.1611
2500 35.1611
2500 36.1333
2500 36.1333
2500 36.29
2500 35.7282
2500 36.01
2500 36.01
2500 33.713
2500 33.713
2500 33.713
2500 33.713
2500 33.713
2500 32.3297
2500 31.9318
2500 31.9318
2500 31.9318
2500 31.9318
2500 31.9318
2500 33.713
2500 33.713
2500 33.713
2500 32.8513
2500 32.8513
2500 32.8513
2500 32.8513
2500 33.713
2500 33.713
2500 33.713
2500 33.713
2500 33.713
2500 33.0666
2500 33.0666
2500 33.0666
2500 33.0666
2500 33.0666
2500 33.0666
2500 33.0666
2500 33.3707
2500 32.0588
2500 33.6466
2500 33.6466
2500 33.6466
2500 33.6328
2500 33.3941
2500 33.3941
2500 33.2227
2500 32.9911
2500 32.3297
2500 31.858
2500 31.858
2500 31.858
2500 33.1336
2500 33.1336
2500 33.1336
2500 33.1336
2500 32.0977
2500 31.1564
2500 33.1944
2500 33.1944
2500 33.713
2500 33.713
2500 33.3941
2500 33.3941
2500 33.3941
2500 33.6466
2500 33.713
2500 33.4256
2500 33.4256
2500 33.4256
2500 33.4256
2500 33.1088
2500 33.1088
2500 32.35
2500 32.35
2500 34.1447
2500 34.1447
2500 34.1447
2500 33.0432
2500 34.1447
2500 34.1447
2500 34.1447
2500 34.1447
2500 34.1447
2500 34.1447
2500 34.1447
2500 33.842
2500 34.1447
2500 33.3076
2500 34.1447
2500 33.5655
2500 31.8627
2500 33.5655
2500 33.5655
2500 33.5655
2500 33.5655
2500 33.5655
2500 33.5655
2500 33.5655
2500 33.5655
2500 32.9486
2500 33.5655
2500 33.5655
2500 33.5655
2500 32.5301
2500 33.5655
2500 33.8301
2500 33.8301
2500 33.8301
2500 33.8301
2500 33.8301
2500 33.6812
2500 33.6812
2500 33.4591
2500 33.6812
2500 33.8301
2500 33.8301
2500 33.8301
2500 33.8301
2500 33.9711
2500 33.9711
2500 33.9711
2500 33.9711
2500 33.9711
2500 33.9711
2500 33.9711
2500 33.9711
2500 33.9711
2500 33.9711
2500 33.9711
2500 33.9711
2500 33.9711
2500 33.9711
2500 33.9711
2500 33.6084
2500 33.9711
2500 33.9711
2500 33.9711
2500 33.9711
2500 33.9711
2500 33.9711
2500 33.9711
2500 33.9711
2500 34.519
2500 34.3817
2500 34.3817
2500 34.3817
2500 34.3817
2500 34.3817
2500 34.3817
2500 34.3817
2500 34.3817
2500 34.3817
2500 34.3817
2500 33.9467
2500 33.9467
2500 34.6154
2500 34.6154
2500 34.6154
2500 34.6154
2500 34.6154
2500 34.6154
2500 34.3377
2500 34.3377
2500 34.3377
2500 34.9568
2500 34.9568
2500 34.9568
2500 34.9568
2500 33.0642
2500 33.0642
2500 33.0642
2500 33.0642
2500 34.4794
2500 34.9568
2500 34.9568
2500 34.9568
2500 34.9568
2500 33.4501
2500 33.4501
2500 33.4501
2500 33.4501
2500 33.4501
2500 33.4501
2500 33.4501
2500 33.4501
2500 33.4501
2500 32.765
2500 33.4501
2500 33.4501
2500 33.4501
2500 33.4501
2500 33.4501
2500 33.4501
2500 33.4501
2500 33.4501
2500 33.4501
2500 33.4501
2500 33.4501
2500 33.4501
2500 33.4501
2500 33.4501
2500 33.4501
2500 34.635
2500 34.635
2500 34.0232
2500 34.635
2500 34.635
2500 34.2297
2500 33.4501
2500 34.2297
2500 34.4083
2500 34.5645
2500 34.5645
2500 34.5645
2500 33.7271
2500 33.7271
2500 33.7271
2500 32.8246
2500 32.8246
2500 32.8246
2500 32.8246
2500 32.8246
2500 32.8246
2500 32.8246
2500 32.8246
2500 33.085
2500 33.085
2500 33.085
2500 33.085
2500 33.085
2500 33.085
2500 33.085
2500 33.7271
2500 33.7271
2500 33.7271
2500 33.8033
2500 33.8033
2500 33.8033
2500 34.3918
2500 34.3918
2500 34.3422
2500 34.3422
2500 34.3422
2500 34.3422
2500 34.3422
2500 34.3422
2500 34.3422
2500 34.3422
2500 34.3422
2500 35.3912
2500 35.3912
2500 36.1755
2500 35.633
2500 36.1755
2500 36.1755
2500 36.2139
2500 35.8491
2500 35.8491
2500 35.8491
2500 35.8491
2500 35.8491
2500 36.2139
2500 36.1066
2500 36.2139
2500 36.2139
2500 36.2139
2500 36.2139
2500 36.1244
2500 36.2139
2500 36.2139
2500 36.2139
2500 36.2139
2500 36.2139
2500 36.9109
2500 36.9015
2500 36.9109
2500 36.9109
2500 36.9109
2500 37.0656
2500 37.0656
2500 35.1791
2500 35.1791
2500 35.1791
2500 35.1791
2500 35.1791
2500 35.1791
2500 35.1791
2500 34.6319
2500 34.6319
2500 34.6319
2500 34.6319
2500 34.6319
2500 34.6319
2500 34.6319
2500 34.6319
2500 34.6319
2500 34.6319
2500 34.6319
2500 34.6319
2500 34.6319
2500 34.6319
2500 33.8077
2500 33.8077
2500 33.8077
2500 33.8077
2500 34.6319
2500 34.6319
2500 33.1052
2500 33.1052
2500 34.4414
2500 34.4414
2500 34.5849
2500 34.9242
2500 34.9242
2500 35.3649
2500 35.3649
2500 35.3649
2500 35.3735
2500 35.3735
2500 35.9473
2500 36.3739
2500 35.965
2500 35.965
2500 35.965
2500 35.965
2500 35.965
2500 35.965
2500 35.965
2500 35.965
2500 34.2069
2500 35.4703
2500 35.4703
2500 37.6267
2500 37.6267
2500 37.6267
2500 37.6267
2500 37.6267
2500 37.6267
2500 36.7328
2500 37.6267
2500 37.6267
2500 37.6267
2500 37.6267
2500 35.2094
2500 36.8012
2500 37.6267
2500 37.6267
2500 35.6167
2500 37.6267
2500 37.6267
2500 37.6267
2500 37.6267
2500 37.6267
2500 37.6267
2500 37.6267
2500 37.6267
2500 37.6267
2500 37.6267
2500 37.6267
2500 37.6267
2500 37.6267
2500 37.4061
2500 35.5915
2500 33.5469
2500 33.5469
2500 33.5469
2500 33.5469
2500 33.5469
2500 33.5469
2500 33.5469
2500 33.5469
2500 33.5469
2500 33.5469
2500 33.5469
2500 33.5469
2500 33.5469
2500 33.5469
2500 33.5469
2500 33.5469
2500 32.1614
2500 32.1614
2500 32.1614
2500 32.1614
2500 32.1614
2500 32.1614
2500 32.1614
2500 32.1614
2500 32.1614
2500 32.1614
2500 32.1614
2500 32.0976
2500 31.5706
2500 30.8344
2500 30.8344
2500 30.8344
2500 30.7051
2500 30.8344
2500 30.8344
2500 30.4695
2500 30.4695
2500 30.8344
2500 29.231
2500 30.8344
2500 30.8344
2500 29.7785
2500 30.8344
2500 30.8344
2500 30.0269
2500 30.0175
2500 30.0175
2500 30.0175
2500 30.0175
2500 30.0175
2500 30.8344
2500 30.8344
2500 30.8344
2500 30.8344
2500 30.8344
2500 30.8344
2500 30.8344
2500 30.8344
2500 30.8344
2500 30.8344
2500 30.8344
2500 30.8344
2500 30.8344
2500 30.8344
2500 30.8344
2500 30.8344
2500 30.8344
2500 30.8344
2500 30.8344
2500 30.8344
2500 30.8344
2500 29.7411
2500 29.7411
2500 29.7411
2500 29.7411
2500 29.7411
2500 29.7411
2500 29.6346
2500 29.1856
2500 29.1856
2500 29.1856
2500 29.1856
2500 29.7411
2500 29.3685
2500 29.3685
2500 29.7411
2500 29.7411
2500 29.7411
2500 29.7411
2500 29.7411
2500 29.7411
2500 29.6831
2500 29.6831
2500 29.6831
2500 28.32
2500 28.32
2500 28.32
2500 28.32
2500 28.9464
2500 29.6831
2500 29.6831
2500 29.6831
2500 28.9339
2500 29.6831
2500 29.6831
2500 29.6831
2500 28.669
2500 28.669
2500 29.6831
2500 29.5464
2500 29.5464
2500 29.7693
2500 29.7693
2500 29.7693
2500 28.9619
2500 29.6804
2500 29.0729
2500 29.0729
2500 29.0729
2500 29.0729
2500 29.6229
2500 29.6229
2500 29.6229
2500 29.6229
2500 29.6229
2500 29.6229
2500 29.6229
2500 29.6229
2500 28.214
2500 29.6229
2500 29.6229
2500 29.6229
2500 29.6229
2500 29.6229
2500 29.6229
2500 29.6229
2500 29.6229
2500 29.7693
2500 29.7693
2500 29.5096
2500 29.5464
2500 29.5464
2500 29.5464
2500 29.7693
2500 29.7693
2500 29.7169
2500 29.7169
2500 29.1566
2500 29.7169
2500 29.7169
2500 29.7169
2500 29.7169
2500 29.7169
2500 29.7169
2500 29.7169
2500 29.7169
2500 29.6837
2500 28.9481
2500 29.7169
2500 29.7169
2500 29.7169
2500 29.7169
2500 29.7169
2500 29.7693
2500 30.5865
2500 30.5022
2500 29.6837
