2500 61.4731
2500 58.3628
2500 57.6678
2500 57.6678
2500 57.6678
2500 57.6678
2500 61.8037
2500 60.5762
2500 61.745
2500 58.247
2500 61.8037
2500 60.1728
2500 59.336
2500 59.336
2500 59.336
2500 58.1441
2500 58.1441
2500 58.1441
2500 58.1441
2500 58.1441
2500 58.1441
2500 58.1441
2500 54.5274
2500 54.5274
2500 54.5274
2500 54.5274
2500 54.5274
2500 54.5274
2500 54.5274
2500 55.5542
2500 54.3959
2500 53.5802
2500 53.913
2500 53.9123
2500 52.2616
2500 52.6144
2500 46.9312
2500 46.9312
2500 46.9312
2500 46.9312
2500 45.8593
2500 45.8593
2500 46.752
2500 46.752
2500 46.752
2500 46.752
2500 43.8851
2500 43.8851
2500 46.752
2500 46.8786
2500 46.6069
2500 46.6069
2500 45.9056
2500 46.9312
2500 46.9312
2500 46.9312
2500 46.9312
2500 46.9312
2500 46.9312
2500 46.9312
2500 46.9312
2500 46.9312
2500 46.9312
2500 46.9312
2500 46.9312
2500 47.4197
2500 47.4197
2500 47.4197
2500 47.4197
2500 51.5129
2500 51.5129
2500 49.5185
2500 49.5185
2500 52.5107
2500 53.3038
2500 51.7584
2500 49.8047
2500 49.8047
2500 47.8405
2500 47.8405
2500 50.3818
2500 50.3818
2500 49.2865
2500 49.2865
2500 51.8163
2500 51.8163
2500 51.8163
2500 45.9169
2500 45.9169
2500 45.9169
2500 45.9169
2500 45.9169
2500 45.9169
2500 45.9169
2500 45.9169
2500 45.9169
2500 45.9169
2500 45.9169
2500 45.9169
2500 45.9169
2500 45.9169
2500 43.896
2500 45.9169
2500 42.9542
2500 44.8966
2500 42.8106
2500 42.8106
2500 42.8106
2500 42.8106
2500 42.8106
2500 42.5039
2500 41.4221
2500 42.9739
2500 42.9739
2500 42.9739
2500 42.9739
2500 42.9739
2500 42.9739
2500 42.9164
2500 42.9164
2500 41.7422
2500 41.7422
2500 41.7351
2500 41.7422
2500 41.7422
2500 41.7422
2500 41.7422
2500 41.7422
2500 41.7422
2500 41.4119
2500 41.4119
2500 41.4119
2500 41.4119
2500 41.7422
2500 42.9739
2500 42.4958
2500 42.4958
2500 42.594
2500 42.594
2500 42.594
2500 41.399
2500 40.6827
2500 41.8104
2500 41.8104
2500 41.8104
2500 40.7359
2500 40.7359
2500 41.7194
2500 41.7194
2500 41.1249
2500 41.1249
2500 41.1249
2500 41.1249
2500 41.1249
2500 41.1249
2500 41.1249
2500 41.1249
2500 39.3077
2500 39.3077
2500 39.3077
2500 39.3077
2500 39.3077
2500 39.3077
2500 39.3077
2500 39.3077
2500 39.3077
2500 39.3077
2500 39.3077
2500 39.3077
2500 39.3077
2500 39.3077
2500 39.3077
2500 36.1229
2500 36.1229
2500 36.1229
2500 36.1229
2500 40.6895
2500 40.6895
2500 36.1332
2500 36.1332
2500 36.1332
2500 36.1029
2500 36.1029
2500 36.1029
2500 36.1365
2500 36.1365
2500 36.1365
2500 36.1365
2500 36.1365
2500 36.1365
2500 36.1365
2500 36.1365
2500 36.1365
2500 36.616
2500 38.6897
2500 40.1207
2500 40.1207
2500 40.1207
2500 40.1207
2500 40.1207
2500 40.1207
2500 40.1207
2500 40.0666
2500 40.0666
2500 40.0378
2500 40.0378
2500 38.9358
2500 40.1207
2500 40.1207
2500 40.0378
2500 40.1207
2500 40.1207
2500 40.1207
2500 36.1029
2500 36.1029
2500 36.1029
2500 36.1029
2500 36.1029
2500 36.1029
2500 36.1029
2500 36.444
2500 36.444
2500 36.444
2500 36.444
2500 36.444
2500 38.6203
2500 38.6203
2500 38.6203
2500 38.6203
2500 37.2912
2500 35.2842
2500 35.2842
2500 35.2842
2500 35.2842
2500 35.2842
2500 35.2842
2500 38.6203
2500 38.6203
2500 38.3955
2500 38.6203
2500 37.8312
2500 37.8104
2500 38.191
2500 38.191
2500 36.7012
2500 36.7012
2500 36.7012
2500 37.8071
2500 37.8071
2500 37.5476
2500 37.8071
2500 37.3096
2500 37.3096
2500 37.8071
2500 38.2957
2500 38.6203
2500 38.6203
2500 38.6203
2500 36.274
2500 39.5563
2500 39.0418
2500 39.0418
2500 39.0418
2500 39.5563
2500 39.5563
2500 39.5563
2500 39.5563
2500 39.5563
2500 39.5563
2500 40.2653
2500 39.5025
2500 39.5025
2500 39.5025
2500 39.5025
2500 38.5948
2500 38.5948
2500 38.5948
2500 38.5948
2500 39.2308
2500 39.2308
2500 39.2308
2500 39.2308
2500 39.2308
2500 37.3161
2500 39.5432
2500 39.5432
2500 39.5432
2500 37.7632
2500 37.7632
2500 39.5432
2500 37.6032
2500 37.6032
2500 37.6032
2500 37.6032
2500 37.6032
2500 37.5973
2500 37.5973
2500 37.5973
2500 37.6032
2500 37.6032
2500 37.1707
2500 37.1707
2500 37.1707
2500 37.1707
2500 37.1707
2500 37.6032
2500 37.6032
2500 36.5822
2500 37.217
2500 36.5883
2500 36.5883
2500 36.5883
2500 36.4595
2500 36.4595
2500 36.4595
2500 36.6617
2500 36.6617
2500 36.6617
2500 37.6032
2500 37.6032
2500 37.6032
2500 37.6032
2500 36.7318
2500 36.7318
2500 36.7318
2500 36.7318
2500 36.7318
2500 33.9204
2500 33.9204
2500 33.9204
2500 32.9401
2500 32.9401
2500 32.9401
2500 32.9401
2500 31.9681
2500 31.9681
2500 31.9681
2500 31.9681
2500 31.9681
2500 31.9681
2500 31.9681
2500 31.9681
2500 31.9681
2500 31.9681
2500 31.9681
2500 31.9184
2500 31.9184
2500 31.9184
2500 31.9184
2500 31.9184
2500 33.5887
2500 33.4435
2500 33.9204
2500 33.9204
2500 33.2501
2500 33.2501
2500 33.2501
2500 33.2501
2500 33.2501
2500 33.2501
2500 33.2501
2500 31.8799
2500 33.2174
2500 32.8237
2500 32.8237
2500 32.8237
2500 32.8237
2500 32.8237
2500 32.8237
2500 32.8237
2500 32.8237
2500 32.8237
2500 32.8237
2500 32.8237
2500 33.9599
2500 33.9599
2500 33.9599
2500 33.9599
2500 33.9599
2500 33.9497
2500 33.9599
2500 33.1684
2500 33.9599
2500 34.1383
2500 34.1383
2500 34.1383
2500 34.1004
2500 34.1004
2500 34.0522
2500 34.0522
2500 33.4992
2500 33.4992
2500 34.0522
2500 34.0522
2500 34.094
2500 34.0142
2500 34.1004
2500 34.1004
2500 34.1004
2500 34.1004
2500 33.9651
2500 33.944
2500 33.944
2500 32.6147
2500 34.0731
2500 34.1383
2500 34.1383
2500 34.1383
2500 33.8264
2500 33.8264
2500 33.7914
2500 31.6226
2500 31.6226
2500 31.6226
2500 34.1383
2500 34.1383
2500 34.1383
2500 33.9298
2500 34.1383
2500 34.0378
2500 34.1383
2500 33.3604
2500 33.3604
2500 33.3604
2500 33.3604
2500 33.3604
2500 33.3604
2500 33.3604
2500 31.8608
2500 31.8608
2500 31.8608
2500 31.8608
2500 30.5795
2500 31.8608
2500 31.8608
2500 31.8608
2500 31.8608
2500 31.8608
2500 31.8608
2500 31.8608
2500 31.8608
2500 31.8608
2500 31.8608
2500 31.8286
2500 31.8608
2500 32.2372
2500 32.2372
2500 32.2372
2500 32.2372
2500 32.8716
2500 32.8716
2500 32.8449
2500 32.8415
2500 31.2214
2500 31.2214
2500 31.2214
2500 31.2214
2500 31.2214
2500 31.2214
2500 31.2214
2500 31.2214
2500 30.0031
2500 31.2214
2500 31.4744
2500 31.4744
2500 31.4744
2500 31.4744
2500 31.4744
2500 31.4744
2500 31.4744
2500 31.4744
2500 31.2705
2500 31.2705
2500 31.2705
2500 31.2705
2500 31.2705
2500 31.2705
2500 31.8985
2500 31.8985
2500 31.8985
2500 31.8985
2500 31.8985
2500 31.8985
2500 31.4987
2500 31.8985
2500 31.8985
2500 31.8985
2500 31.9607
2500 31.6712
2500 31.9607
2500 29.7778
2500 29.7778
2500 29.7778
2500 28.6926
2500 29.492
2500 29.492
2500 29.492
2500 29.492
2500 29.492
2500 29.492
2500 29.492
2500 29.492
2500 29.492
2500 29.492
2500 29.492
2500 29.492
2500 27.8395
2500 29.492
2500 29.492
2500 29.4882
2500 27.8418
2500 29.4882
2500 28.3615
2500 28.3615
2500 28.3615
2500 28.3615
2500 28.3615
2500 28.3615
2500 28.3615
2500 28.2405
2500 28.2405
2500 28.2405
2500 28.2405
2500 28.2405
2500 28.2405
2500 27.9337
2500 27.9337
2500 28.2003
2500 28.2003
2500 28.2403
2500 28.2403
2500 28.2403
2500 28.2098
2500 26.9371
2500 27.906
2500 27.906
2500 27.906
2500 27.906
2500 27.906
2500 27.6369
2500 27.6369
2500 27.6369
2500 27.6369
2500 27.4404
2500 27.4404
2500 27.4404
2500 27.4404
2500 27.4404
2500 27.1688
2500 27.1688
2500 26.9892
2500 26.9892
2500 26.9892
2500 26.9892
2500 26.9892
2500 26.9892
2500 26.9892
2500 26.9892
2500 26.9892
2500 26.9892
2500 26.9892
2500 26.9892
2500 26.9892
2500 26.9892
2500 26.9892
2500 27.5556
2500 27.5556
2500 27.5556
2500 27.5556
2500 27.5556
2500 27.5556
2500 27.5556
2500 28.5852
2500 28.5852
2500 28.5852
2500 28.6494
2500 28.6494
2500 28.6494
2500 28.0957
2500 28.0957
2500 28.0957
2500 28.0957
2500 28.0957
2500 28.0957
2500 28.0957
2500 27.1011
2500 27.1011
2500 28.0957
2500 28.0957
2500 28.0957
2500 28.0957
2500 28.0957
2500 28.0957
2500 28.0957
2500 27.4519
2500 27.4519
2500 28.0957
2500 28.0808
2500 28.0808
2500 28.0808
2500 28.0957
2500 28.0957
2500 28.0957
2500 28.0957
2500 28.0957
2500 28.0957
2500 28.0957
2500 28.0957
2500 28.0957
2500 28.0957
2500 28.0957
2500 28.0957
2500 28.0957
2500 28.0957
2500 28.0957
2500 25.6177
2500 28.0957
2500 28.0957
2500 28.0957
2500 28.0957
2500 28.0957
2500 28.0957
2500 27.8967
2500 28.0957
2500 28.0957
2500 28.0957
2500 28.0957
2500 28.0957
2500 28.0957
2500 28.0957
2500 28.0957
2500 28.0957
2500 28.0957
2500 28.0957
2500 27.4519
2500 27.4519
2500 26.9367
2500 26.9367
2500 27.7799
2500 27.8837
2500 27.8837
2500 26.819
2500 26.819
2500 26.819
2500 26.819
2500 26.819
2500 26.819
2500 26.5385
2500 26.819
2500 26.819
2500 26.819
2500 26.819
2500 26.819
2500 26.819
2500 26.819
2500 26.819
2500 26.819
2500 26.819
2500 26.819
2500 26.819
2500 26.819
2500 26.819
2500 26.7848
2500 26.7848
2500 26.7848
2500 26.7848
2500 26.7848
2500 26.7848
2500 26.7848
2500 26.7848
2500 26.7848
2500 26.7848
2500 26.7848
2500 26.819
2500 26.819
2500 26.819
2500 26.819
2500 26.819
2500 26.819
2500 26.819
2500 26.819
2500 27.6056
2500 28.0957
2500 27.7355
2500 27.7355
2500 26.1541
2500 26.1541
2500 26.1541
2500 26.1541
2500 26.1541
2500 26.1541
2500 26.1541
2500 26.1541
2500 26.1541
2500 26.9024
2500 26.9024
2500 26.9024
2500 26.9024
2500 26.9024
2500 26.9024
2500 26.9024
2500 26.9024
2500 26.9024
2500 26.9024
2500 26.9024
2500 26.9024
2500 26.9024
2500 26.9024
2500 26.9024
2500 26.9024
2500 26.9024
2500 26.9024
2500 26.9024
2500 26.9024
2500 26.9024
2500 26.9024
2500 26.4403
2500 26.4403
2500 26.4403
2500 26.4403
2500 26.4403
2500 24.719
2500 26.4403
2500 26.4403
2500 26.4403
2500 26.4403
2500 26.4031
2500 26.4403
2500 26.4403
2500 26.2004
2500 26.0061
2500 25.9877
2500 26.0061
2500 26.0061
2500 26.0061
2500 25.9877
2500 25.9877
2500 25.9877
2500 25.9877
2500 25.9877
2500 25.8089
2500 25.5717
2500 25.5717
2500 25.5717
2500 25.5717
2500 25.5717
2500 24.673
2500 24.673
2500 25.9877
2500 25.9877
2500 25.9877
2500 25.9877
2500 25.9877
2500 25.9877
2500 25.9877
2500 25.9877
2500 25.9877
2500 25.9877
2500 25.9877
2500 25.7218
2500 25.9877
2500 25.9877
2500 25.9877
2500 25.9877
2500 25.9877
2500 25.9877
2500 25.9877
2500 25.9877
2500 25.9877
2500 25.9877
2500 25.7218
2500 25.9877
2500 25.9877
2500 25.9877
2500 25.9877
2500 25.9877
2500 25.9877
2500 25.9877
2500 25.9877
2500 25.9877
2500 25.9877
2500 25.9877
2500 25.7478
2500 25.7478
2500 25.7478
2500 25.7478
2500 25.7478
2500 24.8926
2500 24.8926
2500 25.4759
2500 25.9877
2500 25.9877
2500 25.9877
2500 25.9877
2500 25.9834
2500 25.9834
2500 25.9834
2500 25.9492
2500 25.9492
2500 25.9492
2500 25.9834
2500 25.3457
2500 25.3457
2500 25.3457
2500 25.3457
2500 25.3457
2500 25.9877
2500 25.9877
2500 25.9603
2500 25.9603
2500 25.9603
2500 25.3231
2500 25.7218
2500 25.7218
2500 25.7218
2500 25.7218
2500 25.7218
2500 25.7218
2500 25.9877
2500 25.9877
2500 24.8457
2500 25.9603
2500 25.9301
2500 25.9301
2500 25.9877
2500 25.9877
2500 25.9877
2500 25.9877
2500 25.9877
2500 25.9877
2500 25.9877
2500 25.9877
2500 25.9877
2500 25.3457
2500 25.3457
2500 25.3457
2500 25.3457
2500 25.9877
2500 25.9877
2500 25.9877
2500 25.9877
2500 25.9877
2500 25.9877
2500 25.9877
2500 25.9877
2500 25.9877
2500 25.9877
2500 25.9877
2500 25.9877
2500 25.9877
2500 25.9877
2500 25.9877
2500 25.9877
2500 25.9877
2500 25.9877
2500 25.9877
2500 25.9877
2500 25.9877
2500 27.2954
2500 27.2954
2500 27.5045
2500 27.5045
2500 27.5045
2500 27.7714
2500 27.7714
2500 27.5045
2500 27.5045
2500 27.5045
2500 27.5045
2500 27.5045
2500 27.5045
2500 27.5045
2500 27.5045
2500 27.5045
2500 27.5045
2500 27.5045
2500 27.5045
2500 27.5045
2500 27.5045
2500 27.5045
2500 26.7255
2500 26.36
2500 27.4769
2500 27.4769
2500 27.4769
2500 26.5678
2500 26.5678
2500 26.5678
2500 27.5045
2500 27.4421
2500 27.4739
2500 27.4739
2500 27.4739
2500 25.8772
2500 25.8772
2500 27.4739
2500 27.4739
2500 27.4739
2500 27.4739
2500 27.4739
2500 27.4739
2500 27.4739
2500 27.4739
2500 27.4598
2500 25.5739
2500 25.5739
2500 25.5739
2500 25.5739
2500 25.5739
2500 26.814
2500 26.814
2500 26.814
2500 26.814
2500 26.814
2500 26.814
2500 26.814
2500 26.5424
2500 26.5424
2500 26.814
2500 26.814
2500 26.814
2500 26.5424
2500 26.814
2500 26.8206
2500 26.5564
2500 26.5619
2500 26.5619
2500 26.5619
2500 26.8206
2500 26.8206
2500 26.8206
2500 26.8206
2500 26.8206
2500 26.8206
2500 26.8206
2500 26.8206
2500 26.8206
2500 26.8206
2500 26.8829
2500 27.6244
2500 27.6244
2500 27.6244
2500 26.8514
2500 26.8514
2500 26.8514
2500 27.6244
2500 27.6244
2500 27.6244
2500 27.6244
2500 27.6244
2500 27.6244
2500 27.6244
2500 27.6244
2500 27.6244
2500 27.6244
2500 27.6244
2500 27.6244
2500 27.5171
2500 27.5171
2500 27.5171
2500 27.472
2500 27.5171
2500 27.424
2500 27.424
2500 27.424
2500 27.424
2500 27.6699
2500 27.6699
2500 27.6442
2500 27.6442
2500 27.6442
2500 27.6442
2500 27.6442
2500 27.6442
2500 27.6442
2500 27.6442
2500 27.5824
2500 27.5824
2500 27.5824
2500 27.4943
2500 27.4943
2500 27.4943
2500 26.5599
2500 27.6442
2500 27.6442
2500 27.6442
2500 27.6442
2500 27.6442
2500 27.6442
2500 27.4857
2500 27.029
2500 27.029
2500 27.029
2500 27.029
2500 27.4857
2500 27.4802
2500 27.4802
2500 27.4857
2500 26.6714
2500 26.7475
2500 26.4761
2500 26.4761
2500 26.4761
2500 26.4761
2500 26.4761
2500 27.2323
2500 27.2323
2500 27.2323
2500 27.6275
2500 27.6275
2500 26.7549
2500 26.7549
2500 26.7549
2500 26.7549
2500 26.7549
2500 26.7549
2500 27.6278
2500 27.6278
2500 27.6278
2500 26.489
2500 27.4462
2500 27.4462
2500 27.4462
2500 27.4462
2500 27.4462
2500 27.625
2500 27.625
2500 27.6278
2500 27.6013
2500 27.5912
2500 27.6278
2500 27.6278
2500 27.6278
2500 27.6278
2500 27.6278
2500 27.6278
2500 27.6278
2500 27.6278
2500 27.6699
2500 27.6699
2500 27.6699
2500 27.6699
2500 27.6699
2500 27.6699
2500 27.664
2500 27.6699
2500 27.6699
2500 27.6699
2500 27.6699
2500 25.5323
2500 25.5323
2500 27.0045
2500 27.0045
2500 27.0045
2500 27.0045
2500 27.0045
2500 27.0045
2500 27.0045
2500 27.0045
2500 27.0045
2500 27.0045
2500 27.0045
2500 27.0045
2500 27.0045
2500 27.0045
2500 27.0045
2500 27.6699
2500 27.6699
2500 27.6699
2500 27.6699
2500 27.6699
2500 27.6699
2500 27.6699
2500 27.6699
2500 27.6699
2500 27.6699
2500 27.1009
2500 27.6699
2500 27.6699
2500 27.6699
2500 27.6699
2500 27.6699
2500 25.738
2500 25.7952
2500 25.7952
2500 25.7952
2500 25.7952
2500 27.6699
2500 27.1244
2500 27.1244
2500 27.1244
2500 27.1244
2500 27.1244
2500 27.1244
2500 27.1244
2500 27.1066
2500 27.1244
2500 27.1244
2500 27.1244
2500 27.1244
2500 27.1244
2500 27.0731
2500 27.3285
2500 27.3285
2500 27.3285
2500 27.6687
2500 27.6687
2500 27.6699
2500 27.6699
2500 27.6699
2500 27.6699
2500 27.6705
2500 27.6705
2500 27.6705
2500 27.6705
2500 27.6705
2500 27.6705
2500 27.6705
2500 27.6705
2500 27.6705
2500 27.6705
2500 27.4313
2500 27.4313
2500 27.4313
2500 27.4106
2500 27.4106
2500 27.4106
2500 27.4106
2500 27.2228
2500 27.2228
2500 27.2228
2500 27.2228
2500 27.2228
2500 27.2228
2500 27.2228
2500 27.2228
2500 27.2228
2500 27.2228
2500 27.2228
2500 27.2228
2500 27.2228
2500 27.2228
2500 27.2228
2500 27.2228
2500 27.2228
2500 27.2228
2500 27.2228
2500 27.2228
2500 28.0603
2500 28.0603
2500 28.0137
2500 27.9985
2500 28.0137
2500 28.0137
2500 28.0137
2500 28.0137
2500 28.0137
2500 27.4491
2500 27.4491
2500 27.1482
2500 27.4491
2500 27.4491
2500 27.3875
2500 27.3875
2500 27.4039
2500 27.4039
2500 27.4039
2500 27.4039
2500 27.4039
2500 27.4039
2500 27.4039
2500 27.4039
2500 27.4039
2500 27.4039
2500 27.4039
2500 27.4039
2500 25.8907
2500 27.4039
2500 27.4039
2500 27.4039
2500 27.4374
2500 27.4374
2500 27.4374
2500 27.4491
2500 28.0283
2500 28.0283
2500 28.0283
2500 28.0283
2500 27.9874
2500 28.0283
2500 28.0283
2500 28.0283
2500 28.0283
2500 28.0283
2500 28.0283
2500 28.0283
2500 28.0283
2500 27.9694
2500 27.9694
2500 27.9694
2500 27.9694
2500 27.9694
2500 27.9694
2500 27.9694
2500 27.9694
2500 27.9694
2500 27.9694
2500 27.9694
2500 27.9694
2500 27.8598
2500 27.3711
2500 27.3711
2500 27.4637
2500 27.4637
2500 27.4637
2500 27.4637
2500 27.8598
2500 27.8598
2500 27.8598
2500 27.8598
2500 27.8598
2500 27.8598
2500 28.0044
2500 28.0044
2500 27.0547
2500 27.0547
2500 27.0547
2500 27.0547
2500 26.5881
2500 26.5881
2500 26.5816
2500 26.5816
2500 26.5816
2500 26.5816
2500 26.5816
2500 26.5801
2500 26.5801
2500 26.5801
2500 26.5881
2500 27.8068
2500 27.8068
2500 28.0283
2500 28.0283
2500 27.9032
2500 28.0283
2500 28.0283
2500 28.0283
2500 28.0283
2500 28.0283
2500 28.0283
2500 28.0283
2500 28.0283
2500 26.199
2500 26.199
2500 26.199
2500 26.199
2500 26.199
2500 26.199
2500 26.199
2500 26.199
2500 26.199
2500 26.199
2500 26.199
2500 26.199
2500 26.199
2500 26.199
2500 27.16
2500 27.16
2500 27.16
2500 27.16
2500 27.16
2500 27.16
2500 27.16
2500 27.1536
2500 27.1536
2500 27.1536
2500 27.1536
2500 27.1536
2500 27.1536
2500 27.1536
2500 26.5371
2500 26.5371
2500 26.5371
2500 26.5371
2500 26.5371
2500 26.4736
2500 26.4736
2500 26.4736
2500 26.5371
2500 26.5371
2500 27.16
2500 26.8841
2500 26.8841
2500 26.8841
2500 26.199
2500 26.199
2500 26.199
2500 27.16
2500 27.16
2500 26.5676
2500 27.16
2500 27.16
2500 26.199
2500 26.199
2500 26.199
2500 26.199
2500 26.199
2500 26.199
2500 26.199
2500 26.199
2500 26.0685
2500 26.0685
2500 26.0685
2500 26.0685
2500 27.1559
2500 27.1559
2500 27.155
2500 27.1559
2500 27.16
2500 27.16
2500 27.16
2500 27.4061
2500 27.5044
2500 27.5044
2500 27.16
2500 27.16
2500 27.3548
2500 26.7221
2500 26.7221
2500 26.7221
2500 26.7221
2500 26.7221
2500 27.252
2500 27.252
2500 27.252
2500 27.252
2500 27.252
2500 27.252
2500 27.252
2500 27.252
2500 27.252
2500 27.252
2500 27.252
2500 27.252
2500 27.252
2500 27.252
2500 27.252
2500 27.252
2500 27.252
2500 27.252
2500 27.252
2500 25.4887
2500 27.0037
2500 27.252
2500 26.1513
2500 26.1513
2500 27.252
2500 27.252
2500 27.245
2500 27.245
2500 27.1387
2500 27.1387
2500 27.1387
2500 26.9012
2500 26.9012
2500 26.9865
2500 26.9865
2500 26.9865
2500 27.245
2500 27.245
2500 27.245
2500 27.245
2500 27.245
2500 27.245
2500 27.245
2500 27.245
2500 27.245
2500 27.245
2500 27.716
2500 27.716
2500 27.716
2500 25.4563
2500 25.4563
2500 25.4563
2500 25.4563
2500 25.4563
2500 25.4563
2500 25.4563
2500 25.4563
2500 25.4563
2500 25.4563
2500 25.4563
2500 25.4563
2500 25.4563
2500 25.4563
2500 25.4563
2500 25.4378
2500 25.4378
2500 25.4378
2500 25.4378
2500 25.4378
2500 25.4563
2500 25.4563
2500 25.4563
2500 25.3955
2500 25.342
2500 25.342
2500 25.342
2500 25.4563
2500 25.4563
2500 25.4563
2500 25.4563
2500 25.4563
2500 25.4563
2500 25.4563
2500 25.4563
2500 25.4563
2500 25.4563
2500 25.4563
2500 25.4563
2500 25.4563
2500 25.4563
2500 25.3292
2500 25.4563
2500 25.4367
2500 25.4367
2500 25.4367
2500 25.4563
2500 25.4563
2500 25.4563
2500 25.2686
2500 25.4563
2500 25.4563
2500 25.4563
2500 25.4563
2500 25.4424
2500 25.4563
2500 24.7716
2500 24.7716
2500 24.7716
2500 24.7716
2500 24.7716
2500 24.7716
2500 24.7327
2500 24.7327
2500 24.7327
2500 24.7327
2500 24.7327
2500 24.7327
2500 24.7327
2500 24.7327
2500 24.7327
2500 24.7327
2500 24.6942
2500 24.6942
2500 24.6942
2500 24.6942
2500 24.6942
2500 24.6942
2500 24.6942
2500 24.6942
2500 24.6942
2500 24.6942
2500 24.6942
2500 24.6942
2500 24.6942
2500 24.6942
2500 24.6942
2500 24.6942
2500 24.6942
2500 24.6942
2500 24.6942
2500 24.6942
2500 24.545
2500 24.6942
2500 24.6942
2500 24.6942
2500 24.6942
2500 24.6942
2500 24.6942
2500 24.6942
2500 24.6942
2500 24.6942
2500 24.6942
2500 24.6942
2500 24.7327
2500 24.7327
2500 24.7327
2500 24.7327
2500 24.7327
2500 24.7327
2500 24.7327
2500 24.8324
2500 24.8324
2500 24.8324
2500 24.8309
2500 24.8309
2500 24.8324
2500 24.8324
2500 24.8324
2500 24.8324
2500 24.8324
2500 24.8324
2500 25.2542
2500 25.2542
2500 25.2542
2500 25.2542
2500 25.2542
2500 25.2542
2500 25.2542
2500 25.2542
2500 24.4225
2500 24.4225
2500 24.4225
2500 24.4225
2500 24.4225
2500 25.3841
2500 25.3841
2500 25.3841
2500 25.3841
2500 25.3841
2500 25.3841
2500 25.3841
2500 25.3841
2500 25.3841
2500 25.0574
2500 25.0574
2500 25.3841
2500 25.3841
2500 25.3073
2500 25.0413
2500 25.3841
2500 25.3841
2500 23.8626
2500 23.8626
2500 23.8626
2500 23.3802
2500 23.3802
2500 23.3802
2500 23.3802
2500 23.3802
2500 23.3802
2500 23.3802
2500 23.3802
2500 24.4102
2500 24.4102
2500 24.4102
2500 24.4102
2500 24.4102
2500 24.4102
2500 24.4102
2500 24.4102
2500 24.4102
2500 24.4102
2500 24.4102
2500 24.4102
2500 24.4102
2500 24.1431
2500 24.1431
2500 24.1431
2500 24.1431
2500 24.1431
2500 24.1431
2500 24.4102
2500 24.4102
2500 24.4102
2500 24.4102
2500 24.4102
2500 24.4102
2500 23.9522
2500 23.9522
2500 23.9522
2500 23.9522
2500 23.9522
2500 23.9522
2500 22.7601
2500 22.7601
2500 22.7601
2500 23.9522
2500 23.9522
2500 23.9522
2500 23.9522
2500 23.9522
2500 23.9522
2500 23.9522
2500 23.9522
2500 23.9522
2500 23.9522
2500 23.9522
2500 23.9522
2500 23.9522
2500 23.9522
2500 23.9522
2500 24.5435
2500 24.5435
2500 24.5435
2500 24.5435
2500 24.5435
2500 24.5435
2500 23.4243
2500 23.4243
2500 23.4243
2500 24.5893
2500 24.5391
2500 24.5391
2500 24.5391
2500 23.7685
2500 24.5391
2500 24.5391
2500 24.3339
2500 24.3339
2500 24.3339
2500 24.3339
2500 24.3339
2500 24.3339
2500 24.5391
2500 24.5391
2500 24.5391
2500 24.5391
2500 24.5391
2500 24.5246
2500 24.5246
2500 24.5246
2500 24.5246
2500 24.5246
2500 24.5246
2500 24.5391
2500 24.5391
2500 24.5189
2500 24.5391
2500 24.5391
2500 24.5391
2500 23.5779
2500 24.5391
2500 24.5391
2500 24.5391
2500 24.5391
2500 24.4024
2500 24.4024
2500 23.5888
2500 23.5888
2500 23.5888
2500 23.5888
2500 23.5888
2500 23.5888
2500 23.5888
2500 24.201
2500 24.201
2500 24.201
2500 24.201
2500 23.5892
2500 23.5892
2500 23.5892
2500 23.5892
2500 23.5892
2500 23.5892
2500 23.5892
2500 23.5888
2500 23.5888
2500 23.5888
2500 23.5888
2500 23.5888
2500 24.5348
2500 24.5348
2500 24.5348
2500 24.497
2500 24.6289
2500 24.6289
2500 24.6289
2500 24.6289
2500 23.8203
2500 23.8203
2500 23.8203
2500 23.8203
2500 23.8203
2500 23.7945
2500 23.8203
2500 23.8203
2500 23.8203
2500 23.8203
2500 23.8203
2500 23.8203
2500 23.8203
2500 23.8203
2500 23.8203
2500 23.7594
2500 23.7594
2500 23.7594
2500 23.7594
2500 23.7594
2500 23.7594
2500 23.7594
2500 23.7594
2500 23.7594
2500 23.5784
2500 23.5784
2500 23.3403
2500 23.5784
2500 23.5784
2500 23.5784
2500 23.5784
2500 23.5784
2500 23.8194
2500 23.2642
2500 23.2642
2500 23.2642
2500 23.2642
2500 23.2642
2500 23.2642
2500 23.2642
2500 23.2642
2500 23.2642
2500 23.2642
2500 23.2642
2500 23.0056
2500 23.2642
2500 23.2642
2500 23.2642
2500 23.3497
2500 23.3497
2500 23.3497
2500 23.3497
2500 23.3497
2500 23.3497
2500 23.3497
2500 23.3497
2500 23.3497
2500 23.3497
2500 23.5664
2500 22.7751
2500 22.7751
2500 22.7751
2500 22.7751
2500 22.7751
2500 23.5664
2500 23.5664
2500 23.5664
2500 23.5664
2500 23.5664
2500 22.7398
2500 23.5664
2500 23.5664
2500 23.5304
2500 23.5304
2500 23.5304
2500 23.5304
2500 23.5304
2500 23.5304
2500 23.5304
2500 23.7159
2500 23.7159
2500 23.7159
2500 23.7159
2500 23.7156
2500 23.7159
2500 23.7159
2500 23.7159
2500 23.7198
2500 23.6796
2500 23.7198
2500 23.7198
2500 23.7198
2500 23.7198
2500 23.8712
2500 23.8712
2500 23.8712
2500 23.8712
2500 23.8712
2500 23.8712
2500 23.8712
2500 23.8712
2500 23.8712
2500 23.8712
2500 23.8712
2500 22.827
2500 22.827
2500 22.827
2500 22.827
2500 22.827
2500 22.827
2500 22.827
2500 22.827
2500 22.827
2500 22.827
2500 22.827
2500 22.827
2500 22.827
2500 22.827
2500 22.827
2500 22.827
2500 22.827
2500 22.827
2500 22.8175
2500 22.8175
2500 22.8175
2500 22.8175
2500 22.8175
2500 22.8176
2500 22.8012
2500 22.8019
2500 22.8176
2500 22.8176
2500 22.8172
2500 22.8172
2500 22.8172
2500 22.6787
2500 22.6787
2500 22.6787
2500 22.6787
2500 22.8172
2500 22.8172
2500 22.8172
2500 22.8176
2500 22.827
2500 22.827
2500 22.2011
2500 22.2011
2500 22.2011
2500 22.2011
2500 22.2011
2500 22.2011
2500 22.2011
2500 22.2011
2500 22.2011
2500 22.2011
2500 22.2011
2500 22.2011
2500 22.2011
2500 22.2011
2500 22.2011
2500 22.2011
2500 22.2011
2500 22.2011
2500 22.2011
2500 22.2011
2500 22.2011
2500 22.2011
2500 22.2011
2500 22.2011
2500 22.1831
2500 22.1831
2500 22.1831
2500 22.1831
2500 22.1831
2500 22.1831
2500 22.2011
2500 22.2011
2500 22.2011
2500 22.2011
2500 22.2011
2500 22.1754
2500 22.1754
2500 22.1754
2500 22.1754
2500 22.1754
2500 22.1754
2500 22.1609
2500 22.1609
2500 22.1609
2500 22.1609
2500 22.1609
2500 22.1609
2500 21.7466
2500 21.7466
2500 21.7466
2500 21.7466
2500 21.7466
2500 21.7466
2500 21.7466
2500 21.7466
2500 21.7466
2500 21.7466
2500 21.7466
2500 21.7466
2500 21.7466
2500 21.7466
2500 21.7466
2500 22.1754
2500 21.7466
2500 22.1754
2500 22.1754
2500 22.1754
2500 22.1754
2500 21.6348
2500 21.6348
2500 21.6348
2500 22.1754
2500 22.1754
2500 22.1754
2500 22.1754
2500 22.1754
2500 22.1754
2500 22.1754
2500 22.1754
2500 22.1754
2500 22.1605
2500 22.1754
2500 22.1754
2500 22.1754
2500 22.1754
2500 22.1754
2500 22.2033
2500 22.2033
2500 22.2033
2500 22.2033
2500 22.2033
2500 22.2033
2500 22.2033
2500 22.2033
2500 22.2033
2500 22.2033
2500 22.2033
2500 22.2033
2500 22.2033
2500 22.2033
2500 22.2033
2500 22.2033
2500 22.2033
2500 22.2033
2500 22.2033
2500 22.1754
2500 22.1754
2500 22.1754
2500 22.1754
2500 22.1754
2500 22.1929
2500 22.1973
2500 22.1973
2500 22.2033
2500 22.2033
2500 22.2033
2500 22.167
2500 22.167
2500 22.1604
2500 22.1604
2500 22.1604
2500 22.1604
2500 22.1604
2500 22.1604
2500 22.1604
2500 22.1604
2500 22.167
2500 21.8434
2500 22.167
2500 22.167
2500 22.167
2500 21.7326
2500 22.167
2500 22.167
2500 22.167
2500 22.167
2500 22.1888
2500 22.1888
2500 22.1625
2500 22.1625
2500 22.1625
2500 22.1888
2500 22.1888
2500 22.1888
2500 22.1888
2500 22.1888
2500 22.1888
2500 22.2033
2500 22.2033
2500 22.2033
2500 22.2033
2500 22.2033
2500 22.2033
2500 22.2033
2500 22.2033
2500 21.7466
2500 21.7466
2500 21.7466
2500 21.7466
2500 22.2033
2500 22.2033
2500 22.2033
2500 22.1972
2500 22.1972
2500 22.1972
2500 22.1972
2500 22.1972
2500 22.1972
2500 22.1972
2500 22.1972
2500 22.1972
2500 22.1972
2500 22.1972
2500 22.2033
2500 22.2033
2500 22.2033
2500 22.2033
2500 22.2033
2500 22.2033
2500 22.2033
2500 22.2033
2500 22.2033
2500 22.2033
2500 22.2033
2500 22.2033
2500 22.2033
2500 22.2033
2500 22.2033
2500 22.2033
2500 22.2033
2500 21.6363
2500 22.2033
2500 21.7466
2500 21.7466
2500 21.7466
2500 21.7466
2500 21.7466
2500 21.7466
2500 21.7466
2500 21.7466
2500 21.7466
2500 21.7466
2500 21.7466
2500 21.7466
2500 21.7466
2500 21.7466
2500 21.7466
2500 21.7466
2500 21.7466
2500 21.7466
2500 21.7466
2500 21.7466
2500 21.7466
2500 21.7466
2500 21.7318
2500 21.7318
2500 21.7318
2500 21.7318
2500 21.7318
2500 21.7318
2500 21.7376
2500 21.7466
2500 21.7466
2500 21.7466
2500 21.7466
2500 21.7466
2500 21.7466
2500 21.7466
2500 21.7466
2500 21.7466
2500 21.7466
2500 21.7466
2500 21.7406
2500 21.7466
2500 21.7466
2500 21.7466
2500 21.7466
2500 21.7466
2500 21.7466
2500 21.7466
2500 21.7466
2500 21.7466
2500 21.7466
2500 21.7466
2500 21.7466
2500 21.7466
2500 21.7247
2500 21.7247
2500 21.7466
2500 21.7466
2500 21.7466
2500 21.7466
2500 21.7466
2500 21.7466
2500 21.7466
2500 21.7466
2500 21.7466
2500 21.7466
2500 21.7466
2500 21.7466
2500 21.7466
2500 21.7466
2500 21.7466
2500 21.7466
2500 21.7466
2500 21.7466
2500 21.7466
2500 21.7466
2500 21.7466
2500 21.7466
2500 21.7466
2500 21.7466
2500 21.7466
2500 21.7466
2500 21.7466
2500 21.8183
2500 21.8193
2500 22.9705
2500 22.9705
2500 22.9705
2500 22.9705
2500 22.9705
2500 22.9705
2500 22.9705
2500 22.9705
2500 22.9705
2500 22.9705
2500 22.9705
2500 22.9705
2500 22.9705
2500 22.9705
2500 22.9705
2500 22.9705
2500 22.9705
2500 22.9705
2500 22.9342
2500 22.9342
2500 22.9342
2500 22.9342
2500 22.9342
2500 22.9332
2500 22.6106
2500 22.6106
2500 22.8181
2500 22.8181
2500 22.9342
2500 22.5608
2500 22.5608
2500 22.5608
2500 22.9197
2500 22.9197
2500 22.9197
2500 22.9342
2500 22.9342
2500 22.9342
2500 22.9342
2500 22.9342
2500 22.9342
2500 22.9342
2500 22.9019
2500 22.9019
2500 22.9019
2500 22.9019
2500 22.9019
2500 22.9019
2500 22.9019
2500 22.9193
2500 22.9193
2500 22.9193
2500 22.9184
2500 22.9193
2500 22.9193
2500 22.9193
2500 22.9193
2500 22.9193
2500 22.9193
2500 22.9193
2500 22.9193
2500 22.9193
2500 22.9197
2500 22.278
2500 22.8628
2500 22.9197
2500 22.9342
2500 22.9342
2500 22.9342
2500 22.9342
2500 22.8628
2500 22.8628
2500 22.9193
2500 22.9342
2500 22.9342
2500 22.9342
2500 22.9337
2500 22.9337
2500 22.9337
2500 22.9337
2500 22.9342
2500 22.9342
2500 22.9342
2500 22.9342
2500 22.9342
2500 22.4409
2500 22.4409
2500 22.9342
2500 22.9342
2500 22.9342
2500 22.9342
2500 22.9342
2500 22.9342
2500 22.9342
2500 22.5013
2500 22.9342
2500 22.9342
2500 22.9342
2500 22.9342
2500 22.9342
2500 22.9342
2500 22.9342
2500 22.9342
2500 22.9342
2500 22.9342
2500 22.9342
2500 22.9342
2500 22.9342
2500 22.9342
2500 22.9342
2500 22.9342
2500 22.9342
2500 22.9342
2500 22.9342
2500 22.9342
2500 22.9327
2500 22.9327
2500 22.9327
2500 22.9327
2500 22.9327
2500 22.9342
2500 22.9282
2500 22.8504
2500 22.8504
2500 22.9342
2500 22.9342
2500 22.9342
2500 22.9342
2500 22.9327
2500 22.9342
2500 22.9342
2500 22.9337
2500 22.9342
2500 22.9342
2500 22.9337
2500 22.9337
2500 22.9337
2500 22.9342
2500 22.9342
2500 22.9327
2500 22.9342
2500 22.9342
2500 22.9342
2500 22.9342
2500 22.9342
2500 22.9342
2500 22.9342
2500 22.9342
2500 22.8915
2500 22.8915
2500 22.8915
2500 22.9342
2500 22.9342
2500 22.9342
2500 22.9342
2500 22.9342
2500 22.9193
2500 22.9342
2500 22.9342
2500 22.9342
2500 22.9342
2500 22.9342
2500 22.9342
2500 22.9342
2500 22.9197
2500 22.9197
2500 22.9197
2500 22.9197
2500 22.9197
2500 22.9197
2500 22.9197
2500 22.9197
2500 22.8669
2500 22.8669
2500 22.9197
2500 22.906
2500 22.906
2500 22.906
2500 22.906
2500 22.906
2500 22.9383
2500 22.9383
2500 22.9383
2500 22.9383
2500 22.9383
2500 22.9383
2500 22.9383
2500 22.9383
2500 22.9383
2500 22.9342
2500 22.9342
2500 22.9342
2500 22.9342
2500 22.9342
2500 22.9342
2500 22.9344
2500 22.9344
2500 22.9383
2500 22.8976
2500 22.9383
2500 22.9383
2500 22.9383
2500 22.9383
2500 22.9383
2500 22.9383
2500 22.9383
2500 22.9383
2500 22.9383
2500 22.9383
2500 22.9368
2500 22.9368
2500 22.9368
2500 22.9368
2500 22.9593
2500 22.9593
2500 22.9593
2500 22.9593
2500 22.9552
2500 22.9552
2500 21.8208
2500 21.8208
2500 21.8208
2500 21.8208
2500 21.8208
2500 21.8208
2500 21.8208
2500 21.7494
2500 21.7494
2500 21.7494
2500 21.7494
2500 21.7494
2500 21.7494
2500 21.7494
2500 21.7494
2500 21.7494
2500 21.7494
2500 21.7494
2500 21.7494
2500 21.7494
2500 21.7494
2500 21.7494
2500 21.7494
2500 21.749
2500 21.749
2500 21.749
2500 21.749
2500 21.7494
2500 21.7494
2500 21.7494
2500 21.7494
2500 21.7494
2500 21.7494
2500 21.7494
2500 21.7494
2500 21.7494
2500 21.7494
2500 21.7494
2500 21.7494
2500 21.8208
2500 21.8208
2500 21.8208
2500 21.8208
2500 21.8208
2500 21.8208
2500 21.8208
2500 21.8208
2500 21.8208
2500 21.8208
2500 21.8168
2500 21.8058
2500 21.8058
2500 21.8058
2500 21.8058
2500 21.74
2500 21.8058
2500 21.8058
2500 21.8058
2500 21.8058
2500 21.8058
2500 21.8058
2500 21.8058
2500 21.8058
2500 21.8058
2500 21.8058
2500 21.8302
2500 21.8302
2500 21.8094
2500 21.8094
2500 21.8094
2500 21.8094
2500 21.8094
2500 21.8174
2500 21.8174
2500 21.8174
2500 21.8174
2500 21.8174
2500 21.8174
2500 21.768
2500 21.768
2500 21.768
2500 21.768
2500 21.768
2500 21.768
2500 21.768
2500 21.768
2500 21.768
2500 21.768
2500 21.6842
2500 21.6842
2500 21.6842
2500 21.768
2500 21.768
2500 21.768
2500 21.768
2500 21.768
2500 21.768
2500 21.768
2500 21.768
2500 21.768
2500 21.768
2500 21.768
2500 21.768
2500 21.768
2500 21.3531
2500 21.767
2500 21.767
2500 21.767
2500 21.767
2500 21.767
2500 21.767
2500 21.768
2500 21.6171
2500 21.6171
2500 21.6171
2500 21.6171
2500 21.768
2500 21.768
2500 21.768
2500 21.768
2500 21.768
2500 21.768
2500 21.768
2500 21.768
2500 21.768
2500 21.768
2500 21.768
2500 21.7747
2500 21.7747
2500 21.7747
2500 21.7747
2500 21.7747
2500 21.7747
2500 21.7747
2500 21.7747
2500 21.7747
2500 21.7747
2500 21.7747
2500 21.7747
2500 21.7747
2500 21.7747
2500 21.7747
2500 21.7747
2500 22.2034
2500 22.2034
2500 22.2034
2500 22.2034
2500 22.2034
2500 22.2034
2500 22.2034
2500 22.2034
2500 22.2034
2500 22.2034
2500 22.2034
2500 22.2034
2500 22.2034
2500 22.2034
2500 22.2034
2500 22.2034
2500 22.2034
2500 22.2034
2500 22.242
2500 22.242
2500 22.242
2500 22.242
2500 22.242
2500 22.242
2500 22.242
2500 22.242
2500 22.242
2500 22.242
2500 22.242
2500 22.242
2500 22.242
2500 22.242
2500 22.242
2500 22.242
2500 22.242
2500 22.242
2500 22.242
2500 22.242
2500 22.242
2500 22.242
2500 22.242
2500 22.242
2500 22.242
2500 22.242
2500 22.242
2500 22.242
