2500 73.0026
2500 71.7439
2500 71.0721
2500 70.0515
2500 70.489
2500 70.5241
2500 70.7807
2500 69.5593
2500 69.7708
2500 69.4426
2500 69.5995
2500 68.2376
2500 68.0741
2500 67.6944
2500 66.6619
2500 67.0973
2500 67.3852
2500 67.7532
2500 68.3478
2500 68.3408
2500 67.9831
2500 68.1077
2500 67.3798
2500 67.0512
2500 66.7328
2500 66.7947
2500 65.4997
2500 65.1409
2500 65.0827
2500 64.742
2500 65.3671
2500 63.863
2500 63.4994
2500 62.2364
2500 61.7614
2500 61.0276
2500 61.074
2500 61.0811
2500 59.4559
2500 58.6812
2500 59.6929
2500 57.6363
2500 57.0865
2500 54.8512
2500 55.4584
2500 53.6573
2500 53.6909
2500 52.7671
2500 52.8896
2500 52.1671
2500 52.0926
2500 52.964
2500 53.6467
2500 54.2139
2500 54.1731
2500 53.6959
2500 54.0677
2500 53.8908
2500 54.0714
2500 53.8774
2500 53.9162
2500 54.0841
2500 54.8452
2500 54.781
2500 54.8495
2500 55.8938
2500 55.4721
2500 56.517
2500 57.1981
2500 57.1211
2500 57.5384
2500 57.6035
2500 57.8185
2500 59.0045
2500 59.2468
2500 60.1371
2500 59.4316
2500 59.1028
2500 58.6782
2500 58.0108
2500 58.9045
2500 58.7928
2500 58.0918
2500 57.5248
2500 57.9683
2500 58.3792
2500 58.2313
2500 58.3369
2500 59.7063
2500 58.564
2500 59.903
2500 59.796
2500 61.3121
2500 60.5904
2500 59.9556
2500 60.3045
2500 59.9577
2500 59.2214
2500 57.1746
2500 55.1922
2500 55.2792
2500 53.6812
2500 52.6532
2500 52.4704
2500 53.3879
2500 53.0578
2500 53.0661
2500 51.9206
2500 52.2648
2500 51.9437
2500 52.7975
2500 51.1364
2500 52.0208
2500 53.1591
2500 53.1093
2500 52.6614
2500 52.3548
2500 51.351
2500 50.7931
2500 50.6531
2500 50.3254
2500 51.0782
2500 50.5542
2500 49.5041
2500 48.9597
2500 48.8798
2500 47.4827
2500 47.2329
2500 46.7923
2500 46.4701
2500 46.3068
2500 47.2149
2500 47.2967
2500 47.2935
2500 47.7437
2500 47.0101
2500 45.6756
2500 44.7725
2500 45.1608
2500 44.9739
2500 45.4832
2500 45.2564
2500 45.2003
2500 45.1597
2500 45.4781
2500 45.5735
2500 45.4632
2500 45.8681
2500 45.9891
2500 45.5766
2500 45.4012
2500 45.567
2500 45.5519
2500 44.7357
2500 45.6804
2500 45.6068
2500 45.6638
2500 44.7638
2500 45.0134
2500 45.0956
2500 44.3318
2500 44.0347
2500 44.4187
2500 43.9614
2500 44.0321
2500 44.4521
2500 44.8718
2500 44.7733
2500 44.6857
2500 44.8025
2500 45.1941
2500 44.8918
2500 44.9962
2500 45.054
2500 44.921
2500 44.7602
2500 45.1515
2500 45.6328
2500 45.37
2500 45.251
2500 45.0087
2500 46.1311
2500 45.8158
2500 44.6995
2500 45.7094
2500 45.278
2500 44.3286
2500 43.6037
2500 42.7877
2500 43.3631
2500 43.5287
2500 43.0839
2500 43.4075
2500 43.4776
2500 42.784
2500 42.7813
2500 42.7157
2500 43.2689
2500 44.0417
2500 44.0194
2500 44.3492
2500 43.7659
2500 43.2089
2500 43.322
2500 43.5907
2500 44.7964
2500 45.2161
2500 45.9498
2500 45.6914
2500 44.7593
2500 43.8174
2500 43.1287
2500 43.1316
2500 42.5297
2500 42.3407
2500 42.2852
2500 42.3553
2500 42.0062
2500 42.4116
2500 42.7591
2500 42.6819
2500 42.9318
2500 43.5058
2500 43.2809
2500 43.0913
2500 42.9715
2500 42.62
2500 43.0063
2500 42.7493
2500 42.3489
2500 42.1428
2500 41.5491
2500 41.5742
2500 42.0079
2500 42.2413
2500 41.3362
2500 42.3255
2500 41.8782
2500 42.0656
2500 41.816
2500 41.8697
2500 42.0448
2500 41.9797
2500 42.0345
2500 42.167
2500 42.1597
2500 42.3859
2500 42.0426
2500 41.4684
2500 41.0299
2500 40.9164
2500 40.9964
2500 41.6259
2500 42.7279
2500 43.7404
2500 44.2393
2500 44.0627
2500 43.6607
2500 43.6177
2500 43.4814
2500 42.7367
2500 43.8427
2500 44.0434
2500 43.8798
2500 45.0178
2500 45.362
2500 45.3775
2500 45.228
2500 44.9002
2500 44.9822
2500 45.1599
2500 45.8851
2500 46.0551
2500 45.942
2500 45.6981
2500 45.41
2500 46.2882
2500 46.5441
2500 46.9672
2500 46.2376
2500 46.1933
2500 47.7652
2500 46.9776
2500 46.7757
2500 47.3331
2500 47.2941
2500 46.4775
2500 46.4012
2500 47.2836
2500 47.1596
2500 46.3472
2500 46.7871
2500 46.1882
2500 46.2251
2500 45.0292
2500 43.3824
2500 42.2885
2500 42.5841
2500 42.6612
2500 43.3116
2500 42.9159
2500 42.8134
2500 43.2451
2500 42.2973
2500 42.5221
2500 42.1009
2500 42.3034
2500 41.6747
2500 41.7177
2500 41.9644
2500 42.5117
2500 42.0039
2500 42.053
2500 41.8217
2500 41.6588
2500 42.4174
2500 42.7
2500 43.528
2500 45.017
2500 43.5728
2500 43.721
2500 43.2529
2500 43.7281
2500 42.9476
2500 42.9991
2500 42.777
2500 42.4765
2500 41.9869
2500 41.2727
2500 41.3531
2500 40.7105
2500 40.0452
2500 39.1695
2500 39.203
2500 37.1011
2500 37.4166
2500 37.1431
2500 37.1435
2500 37.1629
2500 35.9445
2500 35.3393
2500 35.4548
2500 35.4421
2500 35.3222
2500 35.6414
2500 35.2803
2500 34.4858
2500 34.9926
2500 35.0246
2500 35.6432
2500 36.0299
2500 36.6337
2500 36.5229
2500 37.0059
2500 36.6514
2500 36.1779
2500 35.1705
2500 35.3087
2500 35.3441
2500 36.7693
2500 36.3563
2500 35.8593
2500 35.8839
2500 36.2977
2500 36.653
2500 37.3159
2500 37.0613
2500 36.5673
2500 36.2727
2500 36.6516
2500 37.7879
2500 37.7167
2500 38.0102
2500 38.0482
2500 38.6578
2500 38.5431
2500 38.9621
2500 39.0342
2500 39.3271
2500 38.9223
2500 38.7683
2500 38.3205
2500 38.6369
2500 38.0991
2500 38.385
2500 37.8197
2500 36.4151
2500 36.4652
2500 36.2732
2500 35.8818
2500 35.7521
2500 36.6029
2500 36.6075
2500 36.2074
2500 36.8276
2500 36.4149
2500 36.1814
2500 36.2354
2500 36.8257
2500 37.4005
2500 37.5376
2500 37.172
2500 36.483
2500 35.939
2500 36.0007
2500 35.6881
2500 36.3323
2500 36.4659
2500 35.9032
2500 37.0145
2500 36.5722
2500 36.6903
2500 36.6087
2500 35.8373
2500 36.8308
2500 37.1824
2500 36.6807
2500 36.5004
2500 37.1044
2500 36.5767
2500 36.5264
2500 35.9621
2500 36.2146
2500 36.3887
2500 36.2946
2500 36.5288
2500 35.8348
2500 35.8728
2500 36.4061
2500 36.8273
2500 37.7007
2500 37.7201
2500 36.758
2500 36.7079
2500 37.0329
2500 37.2753
2500 37.1072
2500 38.0215
2500 37.571
2500 37.3328
2500 36.8223
2500 36.6097
2500 35.8552
2500 36.5057
2500 37.1015
2500 37.1133
2500 36.1131
2500 36.5518
2500 37.2916
2500 36.7081
2500 36.6773
2500 37.4473
2500 37.7126
2500 37.4635
2500 37.0364
2500 37.1371
2500 37.1289
2500 37.6134
2500 37.9696
2500 36.8639
2500 36.5583
2500 36.707
2500 36.7094
2500 36.9886
2500 37.2337
2500 37.3222
2500 36.7175
2500 35.7931
2500 34.9462
2500 35.0668
2500 35.7923
2500 35.3894
2500 36.5431
2500 36.1415
2500 36.3583
2500 36.257
2500 36.0967
2500 36.3421
2500 36.8893
2500 36.0669
2500 35.9319
2500 36.1295
2500 35.9143
2500 36.4064
2500 37.1116
2500 37.8352
2500 37.5307
2500 37.5618
2500 35.4246
2500 34.8527
2500 33.7149
2500 32.8456
2500 33.069
2500 33.2356
2500 33.472
2500 33.3663
2500 33.5771
2500 33.5087
2500 33.2805
2500 33.6424
2500 34.4665
2500 35.5689
2500 35.9013
2500 35.4138
2500 33.5195
2500 33.1669
2500 33.7918
2500 33.1825
2500 33.5289
2500 34.1914
2500 34.5768
2500 34.0299
2500 34.3046
2500 33.9382
2500 33.5412
2500 33.864
2500 33.1976
2500 32.7173
2500 32.7206
2500 33.2872
2500 32.6373
2500 33.2491
2500 33.8973
2500 32.794
2500 33.7152
2500 32.9245
2500 33.7197
2500 34.0494
2500 33.1258
2500 32.4355
2500 31.0286
2500 31.1482
2500 30.5947
2500 31.1465
2500 30.8735
2500 30.8705
2500 30.5529
2500 31.1139
2500 30.6349
2500 30.8022
2500 32.4773
2500 32.3683
2500 32.1279
2500 31.788
2500 31.2662
2500 30.5959
2500 30.2692
2500 30.2108
2500 31.0615
2500 31.5167
2500 31.2367
2500 30.9283
2500 31.4336
2500 30.872
2500 30.8926
2500 29.7414
2500 29.8547
2500 30.3084
2500 31.0024
2500 30.6532
2500 30.3002
2500 29.4536
2500 29.9326
2500 29.7239
2500 30.5608
2500 31.666
2500 31.5706
2500 31.8891
2500 32.5335
2500 33.7526
2500 32.5973
2500 32.2819
2500 31.9231
2500 31.8863
2500 31.5444
2500 31.396
2500 32.1357
2500 32.4609
2500 32.4759
2500 31.6149
2500 32.0902
2500 32.6597
2500 32.7699
2500 32.935
2500 32.6967
2500 33.0285
2500 33.9942
2500 34.9312
2500 33.9071
2500 33.4389
2500 32.9616
2500 32.8324
2500 33.1521
2500 33.2573
2500 33.62
2500 33.4003
2500 32.6046
2500 31.8554
2500 32.3398
2500 32.2044
2500 31.2385
2500 31.8463
2500 31.55
2500 31.1704
2500 30.7472
2500 30.3815
2500 30.6532
2500 30.9239
2500 30.3637
2500 29.8333
2500 29.8599
2500 29.659
2500 29.7093
2500 29.4656
2500 29.7293
2500 30.173
2500 30.1097
2500 29.503
2500 30.2494
2500 30.5447
2500 30.3378
2500 29.6901
2500 29.7772
2500 28.999
2500 29.7521
2500 29.5592
2500 29.0416
2500 29.2235
2500 29.2719
2500 29.4904
2500 30.3423
2500 30.5682
2500 30.8278
2500 31.1891
2500 31.1347
2500 31.1125
2500 30.5887
2500 30.6342
2500 31.2604
2500 31.5046
2500 31.148
2500 31.5358
2500 31.7901
2500 31.8314
2500 32.1855
2500 32.5203
2500 31.8013
2500 30.5564
2500 30.8045
2500 31.1859
2500 31.6154
2500 31.5645
2500 31.4823
2500 31.5187
2500 31.4751
2500 32.0664
2500 32.0667
2500 30.3381
2500 30.912
2500 30.4907
2500 29.5516
2500 30.1005
2500 29.5428
2500 28.8558
2500 29.0467
2500 28.6601
2500 28.6445
2500 28.4903
2500 29.0583
2500 29.033
2500 29.2433
2500 28.724
2500 28.4622
2500 28.3789
2500 29.0797
2500 29.025
2500 28.7714
2500 29.1265
2500 29.6051
2500 29.7239
2500 30.4127
2500 30.7557
2500 30.3018
2500 30.0824
2500 29.7054
2500 29.6292
2500 29.3638
2500 29.5249
2500 29.3499
2500 29.2157
2500 29.1604
2500 29.3014
2500 29.0306
2500 29.5923
2500 29.3196
2500 29.4174
2500 30.6561
2500 31.2002
2500 31.5289
2500 30.4042
2500 30.1429
2500 29.924
2500 29.5137
2500 29.1046
2500 29.7277
2500 29.9335
2500 29.6318
2500 29.867
2500 29.7354
2500 30.7195
2500 31.2788
2500 31.3054
2500 30.8407
2500 30.3554
2500 30.8916
2500 29.9662
2500 30.1903
2500 30.7147
2500 30.5422
2500 30.4268
2500 30.2568
2500 29.8837
2500 30.1354
2500 29.9402
2500 29.9123
2500 29.6325
2500 30.095
2500 30.2744
2500 29.9928
2500 28.3984
2500 29.4853
2500 28.5942
2500 28.816
2500 27.9335
2500 27.7783
2500 27.8305
2500 26.8755
2500 27.1324
2500 27.787
2500 27.4485
2500 27.1197
2500 27.318
2500 27.1341
2500 27.0207
2500 26.9979
2500 27.0154
2500 27.1543
2500 26.9786
2500 27.2536
2500 27.2941
2500 27.3889
2500 27.6331
2500 27.9579
2500 27.7645
2500 28.0032
2500 28.2499
2500 28.2176
2500 28.2436
2500 28.3872
2500 27.6788
2500 27.4008
2500 27.7744
2500 28.6567
2500 28.7996
2500 28.476
2500 28.8752
2500 28.8919
2500 28.9038
2500 29.0095
2500 29.5136
2500 29.2117
2500 29.9569
2500 30.0951
2500 29.987
2500 29.7937
2500 29.5336
2500 29.5541
2500 29.8461
2500 29.991
2500 30.4452
2500 31.625
2500 32.2473
2500 32.1877
2500 32.4519
2500 31.4057
2500 30.163
2500 30.5037
2500 29.5381
2500 28.7409
2500 28.5816
2500 28.448
2500 28.5598
2500 28.3931
2500 28.2003
2500 28.4273
2500 28.8393
2500 28.8114
2500 29.031
2500 29.0662
2500 28.2991
2500 27.9734
2500 28.3972
2500 28.0004
2500 28.0092
2500 27.8467
2500 27.4904
2500 27.4303
2500 27.508
2500 27.8571
2500 27.8029
2500 27.6499
2500 27.6199
2500 27.4762
2500 27.43
2500 27.1953
2500 27.5138
2500 27.6033
2500 27.9428
2500 28.0868
2500 27.8662
2500 27.7228
2500 28.1632
2500 27.8626
2500 28.6521
2500 28.255
2500 28.5713
2500 27.6208
2500 27.0343
2500 27.416
2500 27.0173
2500 26.7543
2500 27.3962
2500 27.7059
2500 27.858
2500 28.7706
2500 29.2103
2500 29.1136
2500 29.1927
2500 30.3102
2500 30.1346
2500 30.8008
2500 29.9976
2500 29.7175
2500 29.2805
2500 29.6695
2500 29.4747
2500 29.3209
2500 29.3494
2500 29.2473
2500 29.2614
2500 29.5083
2500 29.0594
2500 28.4374
2500 29.5413
2500 28.7629
2500 28.7654
2500 29.0142
2500 28.7902
2500 29.0924
2500 29.162
2500 29.8414
2500 29.8802
2500 31.432
2500 31.424
2500 30.5832
2500 30.2248
2500 30.4487
2500 30.0011
2500 29.9549
2500 31.1632
2500 31.1969
2500 31.0056
2500 30.5438
2500 31.001
2500 30.5292
2500 31.0673
2500 30.5237
2500 29.6672
2500 29.4452
2500 29.5527
2500 29.3767
2500 29.7193
2500 29.4937
2500 29.7048
2500 29.4792
2500 29.1854
2500 29.5186
2500 30.0037
2500 29.9341
2500 30.8979
2500 30.0926
2500 29.4597
2500 29.2568
2500 28.8832
2500 29.1892
2500 29.1078
2500 29.2163
2500 30.6245
2500 30.0837
2500 30.7043
2500 30.1969
2500 29.6596
2500 29.6824
2500 28.7157
2500 28.6334
2500 28.3254
2500 28.3651
2500 29.2905
2500 29.465
2500 29.5738
2500 29.5525
2500 29.9818
2500 29.7495
2500 29.6702
2500 29.43
2500 29.627
2500 29.8445
2500 29.366
2500 30.2152
2500 29.6847
2500 29.8973
2500 29.595
2500 29.7282
2500 30.0594
2500 30.3302
2500 30.5205
2500 30.2609
2500 30.4689
2500 30.2695
2500 30.3663
2500 31.0843
2500 31.0492
2500 30.7418
2500 30.9785
2500 31.0333
2500 31.0475
2500 31.2401
2500 31.4121
2500 32.0957
2500 31.1752
2500 30.6474
2500 30.643
2500 30.4193
2500 30.3012
2500 30.2892
2500 30.6187
2500 30.4213
2500 30.484
2500 30.3995
2500 31.379
2500 31.7941
2500 32.7147
2500 32.2853
2500 31.8574
2500 31.2235
2500 30.7892
2500 30.0734
2500 30.1428
2500 30.3075
2500 30.5496
2500 30.3407
2500 30.3543
2500 30.9517
2500 30.7232
2500 31.3052
2500 30.6971
2500 30.2568
2500 29.9686
2500 29.9739
2500 30.1823
2500 29.8011
2500 29.3974
2500 29.1454
2500 29.13
2500 28.6014
2500 28.1236
2500 28.1083
2500 28.5421
2500 28.2886
2500 28.7945
2500 29.135
2500 28.9966
2500 29.0638
2500 29.0086
2500 28.7911
2500 28.5393
2500 28.4466
2500 28.4399
2500 28.4648
2500 28.6217
2500 28.7553
2500 28.4321
2500 28.5001
2500 28.5142
2500 28.8701
2500 29.2046
2500 28.7592
2500 29.0486
2500 29.0164
2500 28.9746
2500 29.2337
2500 29.3007
2500 29.1026
2500 29.2735
2500 29.7971
2500 29.4517
2500 29.5445
2500 29.6529
2500 29.4965
2500 29.5847
2500 29.9171
2500 29.954
2500 28.9779
2500 29.5978
2500 30.1988
2500 30.0493
2500 29.9741
2500 29.9372
2500 29.4796
2500 29.739
2500 29.4443
2500 29.3182
2500 29.8307
2500 30.4154
2500 30.0637
2500 30.2814
2500 30.8379
2500 30.5303
2500 31.2326
2500 30.4254
2500 30.343
2500 31.4005
2500 31.5401
2500 31.7647
2500 31.4854
2500 32.092
2500 31.1858
2500 31.1179
2500 30.9322
2500 30.737
2500 31.4718
2500 30.9758
2500 31.0549
2500 30.7867
2500 30.8841
2500 30.9833
2500 31.048
2500 30.5428
2500 30.4218
2500 30.9515
2500 30.5512
2500 31.1846
2500 30.7708
2500 30.2445
2500 30.5406
2500 30.6781
2500 30.4604
2500 31.3054
2500 31.5181
2500 32.0755
2500 31.2029
2500 30.6808
2500 31.071
2500 30.8085
2500 30.0711
2500 29.7459
2500 30.2664
2500 30.2922
2500 30.3915
2500 30.6375
2500 31.5601
2500 32.2973
2500 32.4146
2500 32.5409
2500 32.7773
2500 31.4687
2500 31.3058
2500 31.6652
2500 31.6379
2500 32.1981
2500 31.9434
2500 31.642
2500 31.3159
2500 31.2636
2500 30.7085
2500 30.6275
2500 30.8269
2500 31.7286
2500 30.6701
2500 31.0466
2500 30.859
2500 30.0567
2500 30.2292
2500 30.1782
2500 29.949
2500 29.6292
2500 29.0495
2500 29.8605
2500 29.459
2500 29.5252
2500 29.3962
2500 29.835
2500 29.454
2500 29.3706
2500 29.2559
2500 29.781
2500 30.4299
2500 30.6641
2500 30.9759
2500 30.6362
2500 30.6882
2500 30.8336
2500 31.1698
2500 31.0058
2500 31.0564
2500 30.6501
2500 30.3907
2500 29.431
2500 29.6596
2500 29.7364
2500 30.9029
2500 31.4847
2500 30.6271
2500 30.9805
2500 30.4467
2500 30.3431
2500 30.3043
2500 30.2426
2500 30.3672
2500 29.837
2500 29.5832
2500 29.574
2500 29.4362
2500 29.639
2500 29.483
2500 30.1848
2500 30.1027
2500 29.6148
2500 30.153
2500 30.3716
2500 30.6926
2500 30.1407
2500 30.4628
2500 31.2633
2500 30.5418
2500 30.2946
2500 30.4699
2500 30.6749
2500 31.0691
2500 30.943
2500 30.951
2500 30.897
2500 31.0113
2500 31.1644
2500 30.8578
2500 30.8554
2500 31.023
2500 30.8183
2500 31.3551
2500 31.9823
2500 31.3235
2500 30.56
2500 30.7237
2500 30.5696
2500 30.1595
2500 30.3506
2500 30.9261
2500 31.8724
2500 31.3161
2500 30.298
2500 30.7024
2500 29.8674
2500 29.9324
2500 29.9909
2500 29.5711
2500 30.0173
2500 29.8388
2500 29.7672
2500 29.5924
2500 29.3417
2500 29.3297
2500 29.5981
2500 29.6913
2500 29.796
2500 30.4788
2500 30.7395
2500 31.4152
2500 32.0101
2500 31.3097
2500 31.203
2500 30.7087
2500 30.3251
2500 29.9586
2500 30.111
2500 30.5407
2500 30.189
2500 31.2635
2500 31.3756
2500 30.6512
2500 30.7292
2500 30.6847
2500 30.5493
2500 30.9661
2500 30.7102
2500 30.0316
2500 29.5211
2500 29.401
2500 29.7588
2500 30.2968
2500 30.3643
2500 29.5291
2500 30.1173
2500 30.4233
2500 29.8852
2500 30.0583
2500 30.083
2500 29.7916
2500 29.4189
2500 30.0725
2500 29.4593
2500 30.1502
2500 30.0558
2500 30.2774
2500 31.1445
2500 30.8762
2500 31.0672
2500 30.7348
2500 30.4048
2500 30.7296
2500 31.3927
2500 30.458
2500 30.8024
2500 30.1599
2500 29.4042
2500 29.239
2500 30.0989
2500 29.824
2500 29.5371
2500 29.7406
2500 29.5277
2500 29.2908
2500 30.0775
2500 30.5058
2500 29.9717
2500 30.9221
2500 30.4558
2500 31.0136
2500 31.0898
2500 30.4998
2500 30.5631
2500 30.4441
2500 31.3129
2500 31.5237
2500 32.3353
2500 31.9529
2500 31.708
2500 31.714
2500 31.5062
2500 32.3962
2500 32.0504
2500 31.0223
2500 31.413
2500 31.6157
2500 31.2693
2500 30.4887
2500 30.8545
2500 31.0085
2500 30.3433
2500 30.4712
2500 30.0733
2500 29.2323
2500 28.8164
2500 29.1159
2500 29.1851
2500 29.0202
2500 31.3678
2500 30.4031
2500 29.6607
2500 29.876
2500 30.114
2500 30.375
2500 29.1886
2500 29.2031
2500 29.212
2500 29.3968
2500 29.4083
2500 29.6325
2500 29.6185
2500 30.0301
2500 30.2623
2500 30.6034
2500 30.8857
2500 30.0864
2500 28.7611
2500 29.4255
2500 28.8622
2500 28.2279
2500 28.4831
2500 28.2132
2500 28.2128
2500 28.5197
2500 28.3863
2500 28.1631
2500 28.3595
2500 28.5106
2500 28.3312
2500 28.3658
2500 28.444
2500 28.518
2500 28.8681
2500 28.8361
2500 28.5461
2500 28.8397
2500 29.8867
2500 30.3339
2500 29.8873
2500 30.1087
2500 30.5756
2500 31.0922
2500 30.6304
2500 30.6509
2500 30.0118
2500 30.3912
2500 30.5396
2500 30.9147
2500 30.6921
2500 30.7471
2500 31.6704
2500 31.122
2500 30.5133
2500 30.9444
2500 31.227
2500 31.9194
2500 30.8761
2500 31.8408
2500 31.7826
2500 32.8202
2500 33.3162
2500 33.2328
2500 31.8525
2500 31.8266
2500 31.6633
2500 32.2123
2500 32.67
2500 32.6137
2500 32.1655
2500 31.7466
2500 30.5459
2500 29.7339
2500 30.1929
2500 30.0346
2500 29.6173
2500 29.4657
2500 29.2609
2500 29.9762
2500 30.1443
2500 30.3211
2500 31.0737
2500 30.6485
2500 31.4153
2500 30.9492
2500 31.1601
2500 31.6418
2500 31.534
2500 31.6657
2500 32.7744
2500 33.075
2500 33.9938
2500 34.0503
2500 33.7096
2500 33.7877
2500 33.8355
2500 32.8804
2500 32.5083
2500 31.9407
2500 31.9344
2500 31.9181
2500 31.7438
2500 32.3201
2500 32.0674
2500 32.3573
2500 33.4048
2500 34.031
2500 33.6017
2500 32.225
2500 31.5836
2500 32.4347
2500 32.4624
2500 32.9655
2500 31.5041
2500 31.7893
2500 31.4788
2500 31.2418
2500 31.6784
2500 31.073
2500 31.1121
2500 30.0741
2500 30.3046
2500 31.1791
2500 31.2702
2500 31.2496
2500 31.3998
2500 30.9815
2500 30.8282
2500 31.3644
2500 30.9629
2500 31.0734
2500 30.441
2500 30.4906
2500 29.3499
2500 29.0834
2500 29.2067
2500 29.4515
2500 29.0565
2500 28.2323
2500 27.5004
2500 27.4089
2500 27.8836
2500 27.6334
2500 27.4139
2500 27.2982
2500 27.2195
2500 27.5854
2500 27.8696
2500 28.5641
2500 28.3473
2500 27.9785
2500 27.6775
2500 26.9255
2500 26.8416
2500 27.1877
2500 27.6738
2500 27.8929
2500 27.3829
2500 27.5788
2500 27.1762
2500 26.9905
2500 27.9357
2500 28.0662
2500 27.5397
2500 27.9176
2500 28.5284
2500 28.8264
2500 28.6381
2500 27.2856
2500 27.1491
2500 27.0503
2500 26.5744
2500 27.1936
2500 27.604
2500 26.8855
2500 26.4493
2500 26.4173
2500 26.5314
2500 26.3392
2500 26.5539
2500 26.8681
2500 27.0754
2500 26.793
2500 26.5247
2500 26.5674
2500 26.6493
2500 26.116
2500 26.0926
2500 25.8242
2500 25.7146
2500 25.8455
2500 25.987
2500 26.1394
2500 25.853
2500 25.9267
2500 26.1445
2500 26.507
2500 26.3996
2500 26.4315
2500 26.743
2500 26.7885
2500 26.3572
2500 26.4321
2500 26.8625
2500 27.3115
2500 27.5844
2500 27.3091
2500 27.6154
2500 27.7647
2500 28.0422
2500 27.8919
2500 28.0244
2500 28.3499
2500 28.2278
2500 28.2582
2500 28.2741
2500 28.2511
2500 28.3048
2500 28.0993
2500 27.9369
2500 27.1209
2500 27.4716
2500 28.233
2500 27.2623
2500 26.9975
2500 27.0214
2500 27.2759
2500 27.1467
2500 26.8317
2500 27.9303
2500 27.6809
2500 27.0563
2500 28.3663
2500 27.0532
2500 27.3298
2500 26.2545
2500 26.5886
2500 26.4333
2500 26.5
2500 26.7666
2500 26.6145
2500 26.6656
2500 27.0156
2500 27.1208
2500 27.7405
2500 27.3793
2500 27.7304
2500 27.7119
2500 27.6177
2500 27.7963
2500 28.0911
2500 27.104
2500 27.1616
2500 27.9307
2500 28.0417
2500 28.2009
2500 27.767
2500 27.5186
2500 27.4906
2500 28.0754
2500 28.1625
2500 28.2748
2500 28.934
2500 27.5178
2500 27.4644
2500 28.7167
2500 28.1342
2500 28.7354
2500 28.7366
2500 28.7728
2500 29.475
2500 29.6344
2500 30.0254
2500 31.6233
2500 30.8752
2500 29.8721
2500 29.9124
2500 28.5807
2500 28.4662
2500 27.0282
2500 27.415
2500 27.7616
2500 28.2773
2500 28.3376
2500 26.9187
2500 26.2485
2500 26.1721
2500 26.2028
2500 26.0269
2500 26.4596
2500 26.7335
2500 26.7377
2500 26.279
2500 26.1087
2500 25.9716
2500 25.9157
2500 26.0213
2500 26.0353
2500 26.4821
2500 26.1718
2500 26.4642
2500 26.6113
2500 26.9281
2500 27.4473
2500 28.0346
2500 28.4449
2500 27.8644
2500 27.6557
2500 28.1615
2500 27.965
2500 28.0586
2500 26.7626
2500 26.9723
2500 26.2654
2500 26.6073
2500 26.3967
2500 26.8052
2500 26.6004
2500 26.5923
2500 25.1453
2500 24.8089
2500 25.1295
2500 25.6015
2500 25.2819
2500 25.239
2500 25.2972
2500 25.7064
2500 26.4946
2500 26.6026
2500 26.0935
2500 26.2795
2500 26.3989
2500 26.6293
2500 26.7025
2500 26.7965
2500 26.3692
2500 26.6195
2500 27.1456
2500 26.8019
2500 26.417
2500 26.7828
2500 26.8381
2500 27.0696
2500 27.8698
2500 28.6012
2500 27.6746
2500 27.5648
2500 27.899
2500 27.5097
2500 27.3564
2500 27.6442
2500 27.337
2500 28.0555
2500 28.7154
2500 27.7069
2500 27.8651
2500 27.0949
2500 26.7937
2500 27.1886
2500 26.4551
2500 27.1572
2500 27.4876
2500 25.985
2500 26.2347
2500 26.4507
2500 25.5483
2500 25.1312
2500 24.9304
2500 25.1029
2500 25.6
2500 25.7016
2500 25.0625
2500 24.978
2500 25.316
2500 26.0942
2500 25.6875
2500 25.5154
2500 25.491
2500 25.4423
2500 26.0767
2500 26.0956
2500 25.3038
2500 25.418
2500 25.0651
2500 25.2716
2500 26.5033
2500 26.8896
2500 26.7873
2500 27.6577
2500 27.7101
2500 27.7406
2500 27.6287
2500 27.9947
2500 27.787
2500 28.085
2500 28.0168
2500 28.1771
2500 27.3677
2500 27.5625
2500 27.4715
2500 27.2421
2500 27.5997
2500 28.2226
2500 27.7887
2500 28.3236
2500 28.1045
2500 28.2067
2500 28.8031
2500 28.4164
2500 27.327
2500 26.8271
2500 26.4097
2500 26.5438
2500 27.3201
2500 26.63
2500 25.9025
2500 26.0385
2500 26.6976
2500 26.8283
2500 26.6232
2500 25.9283
2500 26.189
2500 25.5782
2500 26.8922
2500 25.3662
2500 25.1931
2500 25.4288
2500 25.6283
2500 25.8213
2500 25.304
2500 24.8467
2500 24.9546
2500 24.2389
2500 24.1862
2500 24.4432
2500 24.5139
2500 25.0911
2500 25.1887
2500 25.14
2500 25.0809
2500 25.0254
2500 24.7148
2500 24.5272
2500 24.825
2500 25.0513
2500 25.1902
2500 25.3971
2500 25.2076
2500 25.1715
2500 25.696
2500 26.0647
2500 25.901
2500 26.1533
2500 26.1991
2500 25.9785
2500 25.7933
2500 26.5736
2500 26.7885
2500 26.9632
2500 26.9678
2500 26.0856
2500 26.3475
2500 26.076
2500 26.5868
2500 26.6273
2500 26.4448
2500 26.0865
2500 27.0898
2500 26.5875
2500 26.7919
2500 26.9255
2500 27.0906
2500 27.3045
2500 27.6295
2500 27.3717
2500 27.3161
2500 27.0547
2500 27.0851
2500 26.7231
2500 25.8546
2500 25.848
2500 25.672
2500 25.1168
2500 25.2671
2500 25.6617
2500 25.7635
2500 25.9096
2500 26.0908
2500 26.6507
2500 26.1792
2500 26.7308
2500 26.7216
2500 26.8736
2500 27.0171
2500 26.7263
2500 26.6721
2500 26.9213
2500 26.8855
2500 26.7055
2500 26.7192
2500 27.3665
2500 27.7275
2500 27.7611
2500 27.8934
2500 28.2716
2500 28.8263
2500 28.0139
2500 27.7477
2500 27.4323
2500 27.4173
2500 26.3137
2500 26.8026
2500 26.8641
2500 25.892
2500 25.2781
2500 25.1683
2500 25.5271
2500 25.0841
2500 24.6968
2500 24.3233
2500 24.1752
2500 24.3413
2500 24.5652
2500 24.7353
2500 24.2434
2500 24.7814
2500 24.5403
2500 24.4317
2500 24.4015
2500 24.2996
2500 23.9377
2500 24.3497
2500 24.4922
2500 24.3284
2500 24.5076
2500 24.7375
2500 24.3271
2500 24.7351
2500 24.2207
2500 23.2481
2500 23.2918
2500 23.8032
2500 23.7556
2500 23.3038
2500 23.5858
2500 24.0508
2500 24.9608
2500 24.9618
2500 25.0786
2500 24.8671
2500 25.2069
2500 24.4782
2500 24.0261
2500 24.4918
2500 24.24
2500 23.5304
2500 23.5316
2500 23.5428
2500 23.773
2500 23.5416
2500 23.5379
2500 23.3563
2500 23.5478
2500 23.2591
2500 23.2281
2500 23.1119
2500 23.1198
2500 22.9228
2500 22.8923
2500 22.7929
2500 22.7429
2500 22.661
2500 23.1017
2500 23.1565
2500 23.5863
2500 23.9251
2500 24.0479
2500 23.5744
2500 23.3538
2500 23.5005
2500 23.9581
2500 24.549
2500 23.8502
2500 23.252
2500 23.1742
2500 23.4525
2500 23.0472
2500 23.8053
2500 23.6563
2500 23.985
2500 23.2424
2500 22.7103
2500 22.6131
2500 22.7777
2500 22.5378
2500 22.6654
2500 23.1366
2500 23.2856
2500 22.8392
2500 23.23
2500 23.7467
2500 23.7983
2500 23.8855
2500 24.0322
2500 23.5185
2500 24.2013
2500 23.7177
2500 23.9429
2500 23.4396
2500 23.4171
2500 23.6437
2500 23.5155
2500 23.7386
2500 23.7558
2500 23.6855
2500 23.776
2500 23.8533
2500 23.7346
2500 23.7509
2500 24.045
2500 24.6257
2500 24.5167
2500 24.8643
2500 24.302
2500 24.5394
2500 24.7288
2500 25.02
2500 24.3598
2500 24.4209
2500 24.2794
2500 24.3661
2500 24.9237
2500 24.7443
2500 24.9301
2500 25.2871
2500 24.8235
2500 24.3354
2500 24.4434
2500 23.9184
2500 23.5796
2500 23.1367
2500 23.6091
2500 23.9525
2500 23.644
2500 22.9752
2500 22.6467
2500 22.9242
2500 23.0249
2500 23.1506
2500 22.9741
2500 22.7787
2500 22.7872
2500 22.8719
2500 22.838
2500 23.0196
2500 23.0556
2500 23.1108
2500 23.4171
2500 23.9631
2500 25.0733
2500 25.0012
2500 26.1556
2500 25.768
2500 23.9958
2500 23.8727
2500 23.5948
2500 23.2064
2500 23.3289
2500 23.0827
2500 23.2051
2500 23.6332
2500 23.5215
2500 23.5084
2500 23.9005
2500 23.5847
2500 23.6399
2500 23.4841
2500 23.3185
2500 23.3228
2500 23.4759
2500 24.8323
2500 23.8288
2500 24.4295
2500 24.4335
2500 23.7516
2500 24.1205
2500 23.7459
2500 24.6859
2500 24.7136
2500 24.9591
2500 23.8859
2500 23.9339
2500 23.771
2500 22.8254
2500 22.6799
2500 22.5509
2500 23.3777
2500 23.5266
2500 23.2682
2500 23.7055
2500 23.4852
2500 23.684
2500 23.2843
2500 23.0567
2500 23.1971
2500 23.4457
2500 23.1877
2500 23.6759
2500 23.3329
2500 23.1682
2500 23.1485
2500 23.2398
2500 23.6558
2500 23.6634
2500 23.4624
2500 24.3515
2500 24.472
2500 24.5268
2500 24.6313
2500 24.5439
2500 24.1163
2500 24.4654
2500 24.3466
2500 24.3145
2500 24.2588
2500 23.4608
2500 23.8386
2500 23.5136
2500 23.4573
2500 23.458
2500 23.2593
2500 23.1664
2500 23.5434
2500 23.8119
2500 23.7772
2500 23.6806
2500 24.2334
2500 24.0915
2500 23.908
2500 24.3251
2500 24.0626
2500 23.6901
2500 23.9453
2500 24.0184
2500 23.3774
2500 23.8287
2500 23.6424
2500 23.3783
2500 24.0066
2500 23.1721
2500 23.5764
2500 23.2074
2500 22.7075
2500 22.9389
2500 22.8494
2500 22.7882
2500 22.9914
2500 23.4
2500 22.8939
2500 23.0426
2500 23.7789
2500 23.1029
2500 23.4675
2500 23.8572
2500 24.2679
2500 23.9858
2500 23.9474
2500 24.6767
2500 24.3599
2500 24.4193
2500 24.466
2500 24.6486
2500 23.87
2500 23.7592
2500 23.3608
2500 24.1783
2500 24.1339
2500 24.7069
2500 25.1827
2500 24.7361
2500 24.9678
2500 25.1748
2500 24.8667
2500 24.3861
2500 23.9665
2500 23.6046
2500 23.3567
2500 23.3262
2500 24.3762
2500 24.7662
2500 24.112
2500 24.0658
2500 23.7856
2500 23.3608
2500 23.7333
2500 23.1348
2500 23.4685
2500 23.6847
2500 24.227
2500 24.0841
2500 24.0976
2500 24.1405
2500 23.9546
2500 24.3305
2500 23.5107
2500 23.7751
2500 23.6722
2500 24.8251
2500 24.5536
2500 24.8949
2500 25.2153
2500 25.1683
2500 25.3746
2500 25.6986
2500 24.944
2500 25.0721
2500 25.5729
2500 25.4046
2500 25.0358
2500 25.8752
2500 24.5358
2500 24.3474
2500 24.4738
2500 24.3127
2500 24.3871
2500 24.8283
2500 24.348
2500 25.1556
2500 24.97
2500 25.2724
2500 25.1021
2500 25.5338
2500 26.0002
2500 26.5188
2500 26.0007
2500 24.3986
2500 23.6639
2500 23.5808
2500 23.7144
2500 23.5226
2500 23.4082
2500 23.3122
2500 23.2539
2500 23.4028
2500 23.6238
2500 23.5423
2500 23.7243
2500 24.1913
2500 24.065
2500 24.5397
2500 24.7163
2500 24.2035
2500 24.0193
2500 24.1807
2500 24.3093
2500 24.143
2500 24.4221
2500 24.0805
2500 24.5799
2500 24.1819
2500 24.2642
2500 24.4612
2500 23.9772
2500 24.8069
2500 24.4359
2500 24.6826
2500 23.951
2500 23.9473
2500 24.1549
2500 24.0795
2500 24.7006
2500 24.3987
2500 24.2046
2500 23.5093
2500 23.1753
2500 23.0853
2500 23.1421
2500 23.3191
2500 23.4021
2500 23.4382
2500 23.5178
2500 24.4384
2500 24.7041
2500 24.1899
2500 23.8828
2500 23.8717
2500 24.1749
2500 24.4153
2500 24.2094
2500 25.0493
2500 25.3576
2500 25.7441
2500 26.4019
2500 26.0938
2500 24.9928
2500 24.2311
2500 24.0116
2500 24.3191
2500 24.4749
2500 24.443
2500 24.4391
2500 24.5073
2500 23.969
2500 23.8175
2500 23.7321
2500 23.8527
2500 24.5842
2500 24.6577
2500 24.6981
2500 23.9096
2500 23.9239
2500 23.8224
2500 24.1502
2500 24.0971
2500 24.48
2500 23.8131
2500 24.009
2500 23.967
2500 24.4253
2500 24.8466
2500 24.7842
2500 24.6896
2500 24.1177
2500 24.474
2500 24.0901
2500 24.1664
2500 23.9715
2500 24.2573
2500 24.0799
2500 23.8287
2500 23.3761
2500 23.385
2500 23.4197
2500 23.8134
2500 23.6956
2500 23.6357
2500 23.703
2500 23.8167
2500 23.6861
2500 23.7161
2500 23.5229
2500 23.6452
2500 23.6622
2500 23.7798
2500 23.6197
2500 23.7857
2500 23.7767
2500 24.084
2500 24.6518
2500 24.0726
2500 23.8274
2500 23.6168
2500 23.6035
2500 23.5178
2500 24.1245
2500 24.2675
2500 23.8933
2500 24.9183
2500 25.1142
2500 24.5982
2500 24.4409
2500 24.3009
2500 24.198
2500 24.7896
2500 24.6357
2500 24.6732
2500 25.3066
2500 24.9291
2500 24.9212
2500 24.3141
2500 24.3875
2500 24.2665
2500 24.0382
2500 24.0481
2500 24.0687
2500 23.8066
2500 23.8366
2500 23.9067
2500 23.8763
2500 24.1108
2500 24.2711
2500 24.2916
2500 24.7455
2500 24.9782
2500 24.9999
2500 24.8231
2500 25.2074
2500 25.1474
2500 24.9191
2500 24.7605
2500 25.2439
2500 25.8724
2500 25.665
2500 25.5895
2500 25.3311
2500 26.1463
2500 25.085
2500 26.3315
2500 26.1603
2500 26.8547
2500 27.0108
2500 26.9464
2500 26.7407
2500 27.0927
2500 26.2322
2500 24.7761
2500 24.0692
2500 23.8376
2500 23.5978
2500 23.6215
2500 24.4756
2500 24.4318
2500 24.073
2500 24.0659
2500 23.7378
2500 24.202
2500 24.2058
2500 24.1624
2500 23.9397
2500 23.7097
2500 23.9733
2500 24.5503
2500 24.5273
2500 24.5941
2500 24.7195
2500 25.047
2500 25.2064
2500 25.4471
2500 25.5255
2500 25.9257
2500 25.1628
2500 24.902
2500 25.3035
2500 24.9276
2500 24.4167
2500 25.029
2500 25.1316
2500 25.0504
2500 25.6253
2500 25.7082
2500 25.7059
2500 25.3132
2500 24.3527
2500 24.12
2500 23.9702
2500 24.4442
2500 24.6999
2500 24.3341
2500 23.9793
2500 22.9059
2500 22.5108
2500 22.6907
2500 22.9997
2500 23.0004
2500 22.8024
2500 22.9941
2500 23.0542
2500 22.9948
2500 23.2698
2500 23.6035
2500 23.9741
2500 23.7609
2500 23.8794
2500 24.2185
2500 24.2055
2500 24.1377
2500 24.2598
2500 24.6639
2500 24.4359
2500 24.4451
2500 24.6428
2500 24.8631
2500 24.5879
2500 24.2206
2500 23.9385
2500 23.7247
2500 24.0015
2500 24.0492
2500 24.3602
2500 24.4481
2500 24.2349
2500 23.9713
2500 23.9194
2500 25.0672
2500 25.3102
2500 24.758
2500 24.6181
2500 25.2012
2500 24.3973
2500 24.1437
2500 23.0925
2500 23.266
2500 23.6161
2500 23.8113
2500 23.5664
2500 24.1162
2500 23.7126
2500 23.6528
2500 23.3521
2500 23.8592
2500 22.9965
2500 23.1923
2500 24.0304
2500 23.7795
2500 24.0406
2500 23.8351
2500 24.2696
2500 24.7561
2500 24.8002
2500 24.9316
2500 25.5482
2500 25.1945
2500 25.6034
2500 25.4751
2500 25.1197
2500 24.7696
2500 24.2421
2500 24.9977
2500 24.8995
2500 24.3985
2500 24.2801
2500 23.9417
2500 23.6937
2500 23.4303
2500 22.7911
2500 22.7164
2500 23.0892
2500 23.3405
2500 23.5062
2500 23.3836
2500 23.4248
2500 23.4018
2500 23.1001
2500 23.1544
2500 22.9834
2500 23.1248
2500 23.5276
2500 23.7464
2500 23.7936
2500 23.7237
2500 23.7637
2500 24.1053
2500 24.177
2500 24.7245
2500 24.2276
2500 24.064
2500 23.6331
2500 22.6632
2500 23.3789
2500 24.1271
2500 23.6041
2500 23.8556
2500 22.9413
2500 23.2851
2500 22.8692
2500 22.7904
2500 22.3904
2500 22.3658
2500 23.1469
2500 22.6703
2500 22.4138
2500 22.5355
2500 23.5029
2500 23.1472
2500 23.0394
2500 23.2992
2500 23.6265
2500 23.6051
2500 23.8667
2500 23.6142
2500 23.8982
2500 23.999
2500 23.6936
2500 23.4589
2500 23.2725
2500 23.5331
2500 23.2038
2500 23.2465
2500 23.7286
2500 23.7833
2500 23.6588
2500 23.8105
2500 23.3457
2500 23.3227
2500 23.1771
2500 23.0199
2500 22.8361
2500 23.1789
2500 23.5072
2500 23.0776
2500 23.1289
2500 23.3725
2500 23.4315
2500 23.4899
2500 23.7231
2500 23.4064
2500 23.1311
2500 24.045
2500 23.9555
2500 24.1582
2500 23.7848
2500 24.3756
2500 24.2166
2500 23.9504
2500 23.6937
2500 24.3678
2500 24.3408
2500 24.029
2500 23.9953
2500 23.465
2500 24.1449
2500 23.6175
2500 23.8026
2500 23.9613
2500 23.8846
2500 23.3077
2500 23.683
2500 23.3377
2500 23.3658
2500 23.7456
2500 23.8718
2500 23.6083
2500 23.1388
2500 23.3812
