-5.12491 0
-5.10695 0.017965
-5.08435 0.0248654
-5.05687 0.0326252
-5.06306 0.0260202
-5.06398 0.0212653
-5.06496 0.0179987
-5.05368 0.0192385
-5.04988 0.017387
-5.05716 0.0171731
-5.05406 0.0158409
-5.04958 0.0151384
-5.04921 0.0139302
-5.03971 0.0160173
-5.04651 0.0163887
-5.04632 0.0153315
-5.04596 0.0144059
-5.04914 0.013949
-5.04808 0.0132362
-5.04815 0.0125571
-5.0451 0.012328
-5.04509 0.0117543
-5.04067 0.012069
-5.04021 0.0115644
-5.04282 0.011394
-5.03859 0.0117348
-5.03577 0.0116378
-5.03517 0.0112309
-5.03455 0.0108544
-5.03255 0.0106756
-5.03288 0.0103307
-5.03461 0.0101516
-5.03634 0.00998943
-5.03778 0.00979774
-5.04012 0.00979838
-5.04417 0.0103455
-5.04614 0.0102535
-5.04469 0.0100848
-5.04528 0.00984062
-5.04382 0.00970249
-5.04214 0.00961054
-5.04212 0.00937895
-5.04216 0.00915833
-5.04092 0.00903326
-5.04278 0.00902542
-5.0436 0.00886491
-5.04403 0.00868472
-5.04443 0.00851125
-5.04647 0.00858269
-5.04795 0.00853848
