1.11666 0
1.10506 0.0115944
1.08998 0.0165014
1.0719 0.0215163
1.07594 0.0171485
1.07633 0.0140071
1.07683 0.0118487
1.06905 0.0128784
1.0661 0.0117329
1.07073 0.0114696
1.06873 0.0105657
1.06571 0.0101071
1.06545 0.00930088
1.05919 0.0106447
1.06361 0.0108491
1.06353 0.0101487
1.06322 0.00953815
1.06531 0.00923346
1.06455 0.00876671
1.06467 0.00831758
1.06264 0.00816674
1.06263 0.0077867
1.05966 0.00800861
1.05932 0.00767515
1.0611 0.00757293
1.05826 0.00781119
1.05639 0.00774563
1.05593 0.00747802
1.05546 0.00723065
1.05407 0.00712203
1.05423 0.00689022
1.05534 0.00676351
1.05641 0.00664245
1.05726 0.00649991
1.05877 0.00648966
1.06147 0.00685998
1.0628 0.00680253
1.06185 0.00668893
1.06226 0.00652843
1.06132 0.00643275
1.06026 0.00636199
1.06029 0.00620871
1.06032 0.0060627
1.05948 0.00598221
1.06071 0.00597492
1.06123 0.00586644
1.06148 0.00574579
1.0617 0.00562913
1.063 0.00566407
1.06396 0.00563169
