1.67499 0
1.65759 0.0173916
1.63497 0.0247521
1.60785 0.0322745
1.61391 0.0257228
1.61449 0.0210106
1.61524 0.0177731
1.60357 0.0193176
1.59916 0.0175993
1.6061 0.0172044
1.6031 0.0158486
1.59857 0.0151607
1.59818 0.0139513
1.58879 0.0159671
1.59541 0.0162736
1.59529 0.015223
1.59482 0.0143072
1.59797 0.0138502
1.59683 0.0131501
1.597 0.0124764
1.59396 0.0122501
1.59394 0.01168
1.58949 0.0120129
1.58899 0.0115127
1.59165 0.0113594
1.58739 0.0117168
1.58458 0.0116185
1.58389 0.011217
1.58319 0.010846
1.58111 0.010683
1.58134 0.0103353
1.58301 0.0101453
1.58462 0.00996367
1.58589 0.00974987
1.58816 0.00973449
1.59221 0.01029
1.5942 0.0102038
1.59277 0.0100334
1.5934 0.00979264
1.59198 0.00964913
1.5904 0.00954299
1.59043 0.00931307
1.59048 0.00909405
1.58923 0.00897332
1.59107 0.00896238
1.59184 0.00879966
1.59222 0.00861868
1.59255 0.0084437
1.5945 0.0084961
1.59594 0.00844754
