-3.44993 0
-3.44935 0.00057342
-3.44938 0.000332019
-3.44901 0.000434278
-3.44915 0.000364886
-3.44949 0.000451238
-3.44971 0.000440317
-3.45011 0.000550175
-3.45072 0.000783573
-3.45107 0.000779754
-3.45096 0.000712971
-3.45101 0.000652949
-3.45104 0.000601027
-3.45092 0.000567536
-3.4511 0.000557028
-3.45102 0.000526923
-3.45113 0.000507014
-3.45117 0.000479396
-3.45125 0.0004613
-3.45115 0.000449715
-3.45114 0.000427997
-3.45115 0.000408427
-3.45118 0.00039119
-3.45123 0.000377722
-3.45117 0.000367028
-3.4512 0.000354426
-3.45119 0.000341203
-3.45128 0.000338974
-3.45136 0.000337095
-3.45144 0.000335487
-3.45153 0.000338201
-3.4516 0.000333637
-3.45172 0.00034425
-3.45188 0.000373133
-3.45196 0.000370892
-3.45196 0.000360464
-3.45194 0.000351002
-3.45192 0.000342524
-3.45188 0.000335184
-3.45184 0.000330171
-3.45174 0.000335903
-3.45169 0.000332394
-3.45167 0.000324795
-3.45169 0.00031774
-3.45172 0.000311829
-3.45176 0.00030793
-3.45181 0.000305225
-3.45188 0.000306633
-3.45197 0.000315043
-3.45202 0.000311638
