0.902221 0
0.893195 0.00902581
0.882199 0.0121684
0.868771 0.0159486
0.871598 0.0126732
0.871703 0.0103481
0.871994 0.00875062
0.866184 0.00954905
0.863986 0.0087037
0.867258 0.00844434
0.86568 0.00779935
0.863358 0.00748898
0.863067 0.00689498
0.858346 0.00793954
0.861529 0.00804725
0.861521 0.00752751
0.861299 0.00707436
0.86287 0.00685239
0.862434 0.00649637
0.86259 0.00616497
0.861043 0.00606462
0.860983 0.00578271
0.858827 0.00593106
0.85861 0.0056827
0.859917 0.00560517
0.857812 0.00578214
0.856408 0.00573835
0.856029 0.00554254
0.855669 0.00536012
0.854628 0.00528205
0.854735 0.00510995
0.855505 0.00500725
0.856268 0.00491277
0.856894 0.00480694
0.85804 0.00480625
0.860025 0.00507528
0.861018 0.00503507
0.860333 0.00494844
0.860642 0.00482977
0.859917 0.004763
0.859116 0.00471384
0.859119 0.00460024
0.85915 0.00449209
0.858529 0.00443248
0.859412 0.00442182
0.859784 0.00434063
0.859993 0.0042524
0.860184 0.00416728
0.861142 0.00419221
0.861858 0.00416938
