-3.45285
-3.45224
-3.45189
-3.45143
-3.45083
-3.45063
-3.45055
-3.45071
-3.45039
-3.44954
-3.44804
-3.4489
-3.44798
-3.44767
-3.4477
-3.44842
-3.44837
-3.44947
-3.44988
-3.451
-3.45088
-3.45163
-3.45247
-3.45165
-3.45148
-3.45131
-3.45086
-3.44948
-3.44853
-3.4473
-3.44716
-3.44589
-3.44599
-3.44519
-3.44499
-3.44433
-3.44646
-3.44855
-3.44999
-3.45141
-3.45197
-3.4528
-3.45161
-3.44963
-3.4487
-3.44822
-3.44888
-3.44843
-3.44763
-3.44795
-3.44779
-3.44885
-3.44965
-3.45161
-3.45135
-3.45085
-3.45002
-3.44887
-3.44743
-3.44631
-3.44654
-3.44502
-3.44437
-3.44445
-3.44599
-3.4457
-3.4453
-3.44623
-3.44659
-3.44737
-3.44757
-3.44803
-3.44987
-3.44989
-3.45062
-3.45115
-3.45129
-3.45131
-3.45097
-3.45005
-3.44992
-3.45026
-3.44937
-3.44813
-3.44855
-3.44804
-3.44902
-3.44999
-3.45043
-3.44967
-3.45046
-3.45157
-3.45118
-3.45041
-3.45028
-3.44916
-3.44867
-3.44931
-3.44971
-3.45023
-3.45149
-3.45214
-3.45259
-3.45313
-3.45272
-3.45196
-3.45085
-3.44954
-3.44757
-3.44786
-3.44704
-3.44775
-3.4495
-3.45137
-3.452
-3.4533
-3.45376
-3.45388
-3.45262
-3.45267
-3.45188
-3.45161
-3.45064
-3.45045
-3.44944
-3.44988
-3.45125
-3.4513
-3.45148
-3.45175
-3.45196
-3.45209
-3.45031
-3.44922
-3.45053
-3.4511
-3.45133
-3.4505
-3.45173
-3.4522
-3.4514
-3.45118
-3.45239
-3.45207
-3.45186
-3.45176
-3.45136
-3.45156
-3.45129
-3.45172
-3.45206
-3.45348
-3.45472
-3.45448
-3.45504
-3.45421
-3.45443
-3.45448
-3.4544
-3.45378
-3.45246
-3.45174
-3.45067
-3.45159
-3.45224
-3.453
-3.45464
-3.45568
-3.45686
-3.45808
-3.45843
-3.45914
-3.45945
-3.45924
-3.4591
-3.45822
-3.45731
-3.4563
-3.45485
-3.45393
-3.45502
-3.4558
-3.45668
-3.45631
-3.45696
-3.45848
-3.45877
-3.45769
-3.45695
-3.45564
-3.45484
-3.45334
-3.45296
-3.45212
-3.4514
-3.44992
-3.4505
-3.44975
-3.44999
-3.44971
-3.45103
-3.45192
-3.4513
-3.45164
-3.45341
-3.45362
-3.45314
-3.45272
-3.45116
-3.4514
-3.45045
-3.4502
-3.44915
-3.4474
-3.44657
-3.44613
-3.44529
-3.44551
-3.4473
-3.44905
-3.4501
-3.45096
-3.45127
-3.45149
-3.454
-3.45456
-3.45548
-3.45493
-3.45498
-3.45512
-3.454
-3.4517
-3.45039
-3.44998
-3.44934
-3.44797
-3.44752
-3.44838
-3.44934
-3.45027
-3.45053
-3.45107
-3.45332
-3.45441
-3.45532
-3.45454
-3.45327
-3.45328
-3.4517
-3.44999
-3.45
-3.45065
-3.45115
-3.45063
-3.45051
-3.45101
-3.44941
-3.44853
-3.44848
-3.44817
-3.44674
-3.44626
-3.44664
-3.44686
-3.44762
-3.4483
-3.4482
-3.44974
-3.44928
-3.44923
-3.44971
-3.45033
-3.45011
-3.45032
-3.45113
-3.45041
-3.45084
-3.45105
-3.45234
-3.45432
-3.4541
-3.45414
-3.45379
-3.45358
-3.45343
-3.45228
-3.45257
-3.45235
-3.45184
-3.45232
-3.4536
-3.45409
-3.45325
-3.45287
-3.45381
-3.45452
-3.45489
-3.45546
-3.4545
-3.45401
-3.45264
-3.45142
-3.4515
-3.4498
-3.44834
-3.44767
-3.44943
-3.45057
-3.44977
-3.45029
-3.45091
-3.45145
-3.4512
-3.45027
-3.45046
-3.44873
-3.44792
-3.44784
-3.44777
-3.44895
-3.44847
-3.4497
-3.45113
-3.45236
-3.45221
-3.45237
-3.45244
-3.45332
-3.45395
-3.45438
-3.4554
-3.45369
-3.45295
-3.45362
-3.45409
-3.4533
-3.45344
-3.45322
-3.45346
-3.45432
-3.45417
-3.45353
-3.45292
-3.45359
-3.45208
-3.45234
-3.45119
-3.45076
-3.45101
-3.45097
-3.45117
-3.45143
-3.4517
-3.4514
-3.4509
-3.45196
-3.45135
-3.45087
-3.45118
-3.4512
-3.4519
-3.45376
-3.45434
-3.45604
-3.45673
-3.45695
-3.45657
-3.45486
-3.45323
-3.45257
-3.45121
-3.44988
-3.44972
-3.44894
-3.4485
-3.44985
-3.45091
-3.45169
-3.45317
-3.45472
-3.45367
-3.45313
-3.45198
-3.45018
-3.44901
-3.44917
-3.44854
-3.44881
-3.44891
-3.44839
-3.44751
-3.44678
-3.44663
-3.44769
-3.44781
-3.44768
-3.44807
-3.44901
-3.45018
-3.45049
-3.45028
-3.44998
-3.45025
-3.45012
-3.4501
-3.44995
-3.45077
-3.45001
-3.45005
-3.45079
-3.4503
-3.45126
-3.45208
-3.45093
-3.451
-3.45073
-3.45067
-3.45203
-3.45278
-3.45297
-3.45246
-3.45194
-3.45212
-3.45072
-3.45059
-3.45185
-3.45104
-3.45248
-3.45254
-3.45268
-3.45258
-3.45322
-3.45303
-3.45277
-3.45208
-3.45114
-3.44942
-3.4488
-3.44895
-3.44969
-3.44975
-3.45035
-3.45083
-3.45097
-3.45222
-3.45185
-3.45198
-3.45181
-3.45214
-3.45184
-3.45248
-3.45265
-3.45255
-3.45305
-3.45189
-3.45084
-3.45097
-3.45128
-3.45242
-3.45354
-3.45633
-3.45749
-3.45732
-3.45683
-3.45731
-3.45664
-3.45607
-3.45557
-3.45478
-3.45264
-3.45041
-3.44954
-3.44834
-3.44737
-3.44742
-3.44805
-3.44773
-3.44813
-3.44942
-3.44969
-3.45075
-3.45139
-3.45061
-3.4509
-3.44978
-3.44853
-3.44765
-3.44727
-3.44835
-3.45008
-3.45029
-3.451
-3.45183
-3.45241
-3.45155
-3.45052
-3.4498
-3.44841
-3.44712
-3.44692
-3.44798
-3.44914
-3.44917
-3.45086
-3.45027
-3.45114
-3.4523
-3.45291
-3.45274
-3.45329
-3.4544
-3.45406
-3.45449
-3.45353
-3.45329
-3.45307
-3.45328
-3.45238
-3.45237
-3.45125
-3.45107
-3.45046
-3.44975
-3.44962
-3.44964
-3.45011
-3.44993
-3.44969
-3.45046
-3.45073
-3.45115
-3.45228
-3.4529
-3.45266
-3.4521
-3.45187
-3.45127
-3.45057
-3.45024
-3.45204
-3.45271
-3.45205
-3.45272
-3.45317
-3.45352
-3.45424
-3.45277
-3.45349
-3.45292
-3.45136
-3.45221
-3.4523
-3.452
-3.45334
-3.45321
-3.45436
-3.45514
-3.45567
-3.45628
-3.45662
-3.45626
-3.45617
-3.45579
-3.4555
-3.45467
-3.45397
-3.45314
-3.45312
-3.45319
-3.45311
-3.45221
-3.45325
-3.45214
-3.45225
-3.45358
-3.45327
-3.45366
-3.45324
-3.45196
-3.45237
-3.45227
-3.45318
-3.45413
-3.45439
-3.45512
-3.45527
-3.45447
-3.45392
-3.45354
-3.453
-3.4532
-3.45383
-3.45343
-3.453
-3.45209
-3.45347
-3.45377
-3.4535
-3.45427
-3.45566
-3.45693
-3.45774
-3.45766
-3.45784
-3.45704
-3.45576
-3.45422
-3.45379
-3.45297
-3.45179
-3.45159
-3.45129
-3.45261
-3.45323
-3.45341
-3.45415
-3.45419
-3.45409
-3.45411
-3.45348
-3.45421
-3.45439
-3.45408
-3.45454
-3.45529
-3.45445
-3.45334
-3.452
-3.45094
-3.45089
-3.45263
-3.45349
-3.45342
-3.45374
-3.45361
-3.45325
-3.45391
-3.45474
-3.45489
-3.45377
-3.45312
-3.45173
-3.45111
-3.45059
-3.45127
-3.45259
-3.45402
-3.45533
-3.45647
-3.45776
-3.45869
-3.45899
-3.45799
-3.45817
-3.45764
-3.45705
-3.45737
-3.45734
-3.45654
-3.45615
-3.45702
-3.45689
-3.45598
-3.45693
-3.45774
-3.4582
-3.45774
-3.45834
-3.45793
-3.45784
-3.45708
-3.45682
-3.45754
-3.45742
-3.45776
-3.45781
-3.45774
-3.45751
-3.45666
-3.45653
-3.45673
-3.4569
-3.45693
-3.45635
-3.45541
-3.45502
-3.45401
-3.45387
-3.45481
-3.45519
-3.45533
-3.45487
-3.45577
-3.45515
-3.45357
-3.4529
-3.45237
-3.4525
-3.45316
-3.45231
-3.45187
-3.4514
-3.45185
-3.45177
-3.45181
-3.45097
-3.45057
-3.45173
-3.45192
-3.45088
-3.45167
-3.45158
-3.45194
-3.45207
-3.45263
-3.45247
-3.4524
-3.4525
-3.45246
-3.45193
-3.45127
-3.45055
-3.44906
-3.45037
-3.45168
-3.45218
-3.45157
-3.45085
-3.45057
-3.45053
-3.45145
-3.45251
-3.45294
-3.45328
-3.45421
-3.45335
-3.4516
-3.4498
-3.4495
-3.44924
-3.44936
-3.44944
-3.44972
-3.45094
-3.45148
-3.45291
-3.45434
-3.45509
-3.45425
-3.453
-3.45185
-3.45038
-3.44869
-3.44738
-3.44689
-3.44631
-3.44921
-3.45225
-3.45303
-3.4536
-3.45361
-3.45284
-3.4524
-3.45153
-3.45017
-3.44935
-3.44952
-3.44984
-3.45002
-3.45063
-3.45245
-3.4513
-3.45061
-3.45068
-3.45021
-3.44964
-3.45005
-3.4498
-3.44982
-3.44869
-3.4468
-3.44668
-3.44651
-3.4477
-3.44768
-3.44849
-3.44925
-3.44983
-3.45034
-3.45151
-3.4517
-3.45225
-3.45178
-3.45208
-3.45255
-3.45249
-3.45179
-3.45095
-3.45024
-3.44884
-3.4494
-3.44886
-3.44743
-3.44599
-3.44491
-3.44523
-3.44528
-3.44553
-3.44693
-3.4473
-3.44865
-3.44881
-3.44914
-3.44993
-3.44996
-3.44928
-3.44872
-3.44958
-3.44915
-3.44828
-3.44757
-3.44702
-3.44723
-3.44792
-3.44786
-3.4489
-3.44841
-3.44846
-3.44823
-3.44874
-3.45036
-3.4515
-3.45132
-3.45087
-3.45221
-3.45136
-3.45067
-3.4503
-3.45069
-3.44898
-3.45006
-3.44942
-3.44945
-3.4498
-3.45043
-3.45149
-3.4512
-3.452
-3.45152
-3.4519
-3.45195
-3.4516
-3.45118
-3.45187
-3.45191
-3.452
-3.45144
-3.45126
-3.45155
-3.45134
-3.45349
-3.45404
-3.45311
-3.45323
-3.45254
-3.45178
-3.45011
-3.44998
-3.44966
-3.44932
-3.44976
-3.45086
-3.45163
-3.45273
-3.45366
-3.45406
-3.45405
-3.45419
-3.45445
-3.45506
-3.45721
-3.45764
-3.4575
-3.45704
-3.4557
-3.45492
-3.45435
-3.4524
-3.45227
-3.45231
-3.45146
-3.45153
-3.45088
-3.45019
-3.44986
-3.45015
-3.45032
-3.45068
-3.45119
-3.4511
-3.45187
-3.45304
-3.45417
-3.45423
-3.45387
-3.45394
-3.45227
-3.45272
-3.4523
-3.45261
-3.45239
-3.45311
-3.4536
-3.45404
-3.45585
-3.45555
-3.45498
-3.45522
-3.45455
-3.4532
-3.45382
-3.45406
-3.45139
-3.4514
-3.45182
-3.45309
-3.45369
-3.45372
-3.45404
-3.45458
-3.45542
-3.45577
-3.45537
-3.45441
-3.45467
-3.45426
-3.45478
-3.45511
-3.45482
-3.45481
-3.45457
-3.45471
-3.45462
-3.45486
-3.45498
-3.45532
-3.4559
-3.45633
-3.4569
-3.45599
-3.45437
-3.45419
-3.45322
-3.45335
-3.45419
-3.45481
-3.45606
-3.4569
-3.45567
-3.45539
-3.4557
-3.45579
-3.45594
-3.45778
-3.45853
-3.46038
-3.46114
-3.46103
-3.46006
-3.45872
-3.45771
-3.457
-3.45621
-3.45537
-3.45362
-3.45334
-3.45305
-3.45297
-3.45315
-3.45339
-3.45287
-3.45367
-3.45483
-3.45482
-3.45557
-3.45599
-3.45577
-3.45551
-3.45525
-3.45398
-3.4536
-3.45311
-3.45256
-3.45131
-3.45267
-3.45264
-3.45283
-3.45443
-3.45512
-3.45579
