1.65951
1.67038
1.68091
1.69108
1.70131
1.71145
1.72035
1.72598
1.72626
1.71982
1.70676
1.68879
1.66887
1.65023
1.63549
1.62608
1.62236
1.62392
1.63007
1.64011
1.65359
1.67026
1.68971
1.7109
1.73183
1.7497
1.76149
1.76488
1.7588
1.74325
1.71859
1.6853
1.64444
1.59831
1.55065
1.5066
1.47261
1.4552
1.45815
1.4798
1.51335
1.55024
1.58373
1.61032
1.62911
1.64011
1.64302
1.63716
1.62256
1.60136
1.5783
1.55958
1.5503
1.55217
1.56292
1.57771
1.59129
1.59947
1.59987
1.59187
1.57628
1.55485
1.52998
1.50443
1.48088
1.46133
1.44667
1.43697
1.43217
1.4329
1.44073
1.45724
1.48249
1.51424
1.54906
1.58415
1.61804
1.64982
1.67795
1.69991
1.71286
1.7147
1.70523
1.68695
1.66497
1.64546
1.63303
1.62841
1.62882
1.63064
1.63173
1.63173
1.63084
1.62878
1.62453
1.61699
1.60582
1.59219
1.57893
1.57011
1.56951
1.57873
1.59607
1.61716
1.63678
1.65056
1.65569
1.65089
1.6363
1.61374
1.58728
1.56364
1.55066
1.5539
1.57329
1.60347
1.63732
1.66889
1.69404
1.71009
1.71555
1.7103
1.69564
1.67421
1.64956
1.62569
1.60631
1.5941
1.58999
1.59292
1.60001
1.60742
1.61184
1.61156
1.60692
1.59952
1.5909
1.5816
1.57131
1.55965
1.54701
1.53451
1.52324
1.51348
1.50481
1.49684
1.4894
1.4824
1.47643
1.47336
1.47568
1.48473
1.49974
1.51835
1.53788
1.55611
1.57134
1.58195
1.5864
1.58353
1.57308
1.55601
1.53434
1.511
1.48937
1.47252
1.46244
1.45973
1.4643
1.47629
1.49616
1.5238
1.5576
1.59436
1.63025
1.66187
1.68675
1.70352
1.71169
1.71167
1.70477
1.6934
1.68105
1.67189
1.66953
1.67527
1.68735
1.70175
1.71395
1.72044
1.71926
1.71021
1.69461
1.67501
1.65436
1.63485
1.61701
1.59991
1.58245
1.56462
1.54799
1.5354
1.53014
1.53491
1.55048
1.57487
1.60351
1.63077
1.65191
1.6641
1.66658
1.65996
1.64532
1.62353
1.59488
1.55968
1.51984
1.48082
1.45092
1.43625
1.43615
1.44563
1.46084
1.4803
1.50291
1.5273
1.55228
1.57694
1.6
1.61955
1.6335
1.64019
1.63863
1.62839
1.60976
1.58393
1.55336
1.52154
1.49259
1.47066
1.45983
1.46364
1.48334
1.51581
1.55414
1.59089
1.62106
1.64252
1.65528
1.66055
1.66019
1.65626
1.65055
1.64406
1.63674
1.62761
1.61526
1.59876
1.57822
1.555
1.53127
1.50929
1.49065
1.47582
1.46441
1.45571
1.44911
1.4444
1.44138
1.43962
1.4385
1.43756
1.437
1.4378
1.44138
1.44917
1.46228
1.48159
1.50772
1.54052
1.57853
1.61888
1.65783
1.69182
1.71798
1.73453
1.74128
1.73984
1.73316
1.72409
1.71407
1.70312
1.69108
1.67885
1.66852
1.66263
1.66301
1.66982
1.68103
1.69281
1.70065
1.70079
1.69132
1.67274
1.64781
1.62103
1.59733
1.58064
1.57267
1.57262
1.57773
1.58427
1.58855
1.58766
1.57998
1.56525
1.54449
1.51981
1.49418
1.47093
1.45335
1.44411
1.44454
1.45399
1.46979
1.48865
1.50856
1.52933
1.55164
1.57559
1.60013
1.62355
1.64451
1.66274
1.67902
1.69446
1.70976
1.72476
1.73844
1.74934
1.7562
1.75832
1.75569
1.74879
1.73841
1.72549
1.7111
1.69632
1.68212
1.66898
1.65676
1.64466
1.63148
1.61595
1.59715
1.57496
1.55031
1.5253
1.503
1.48678
1.47944
1.48272
1.49688
1.52044
1.55018
1.58167
1.61017
1.63198
1.64531
1.6501
1.64704
1.63658
1.61927
1.59694
1.57346
1.55429
1.54489
1.5487
1.56569
1.59218
1.62219
1.64964
1.67008
1.68164
1.68496
1.68229
1.67647
1.66965
1.66254
1.65424
1.6428
1.62632
1.60381
1.57585
1.54448
1.51291
1.48479
1.46328
1.45017
1.44543
1.44743
1.45376
1.46221
1.47135
1.48045
1.48939
1.49856
1.50876
1.52072
1.53442
1.54877
1.56181
1.57164
1.57742
1.57988
1.58117
1.58385
1.5894
1.59736
1.60565
1.61168
1.61329
1.60932
1.59985
1.5863
1.57143
1.55869
1.55135
1.55159
1.55977
1.57444
1.5928
1.61133
1.6262
1.63407
1.63294
1.62279
1.60589
1.58635
1.5689
1.55713
1.55195
1.55163
1.553
1.55303
1.54982
1.543
1.53359
1.52339
1.51413
1.50669
1.50045
1.49326
1.48209
1.46452
1.44011
1.41141
1.38374
1.36388
1.35769
1.36765
1.39175
1.42486
1.46151
1.49805
1.53284
1.56523
1.5946
1.61988
1.63965
1.65268
1.65841
1.65742
1.65146
1.64302
1.63482
1.62956
1.62992
1.63806
1.65434
1.67615
1.69845
1.71559
1.72339
1.72006
1.70616
1.68434
1.65888
1.63517
1.61861
1.61341
1.6208
1.63727
1.65518
1.66645
1.66583
1.65168
1.62525
1.58966
1.54935
1.50933
1.47432
1.44764
1.43048
1.42204
1.42039
1.42359
1.43034
1.44001
1.45235
1.46698
1.48328
1.50015
1.51599
1.52892
1.53724
1.54014
1.53796
1.53188
1.52318
1.51257
1.50026
1.48653
1.47226
1.45889
1.44796
1.44072
1.4381
1.44111
1.45086
1.46793
1.49149
1.5188
1.54592
1.56902
1.58577
1.59593
1.60097
1.60308
1.60422
1.60562
1.60784
1.61093
1.61441
1.61746
1.61909
1.61847
1.61492
1.60761
1.59567
1.57855
1.55687
1.53309
1.51131
1.49561
1.48818
1.48898
1.49711
1.51174
1.53201
1.55613
1.58121
1.60403
1.62199
1.63356
1.63818
1.63586
1.62698
1.61223
1.59279
1.57056
1.54813
1.52827
1.51325
1.50408
1.5002
1.49983
1.50086
1.50166
1.50175
1.50175
1.50278
1.50563
1.51014
1.5152
1.51937
1.52171
1.52245
1.52293
1.52487
1.52908
1.53463
1.53915
1.54025
1.53679
1.52944
1.52047
1.51304
1.51029
1.51464
1.5271
1.54709
1.57252
1.60016
1.62634
1.64747
1.66058
1.66379
1.65672
1.64091
1.61955
1.59636
1.57446
1.55613
1.54325
1.53731
1.53849
1.54494
1.55336
1.56084
1.567
1.5745
1.58677
1.6047
1.62528
1.64338
1.65397
1.65422
1.64556
1.63464
1.6295
1.63205
1.6372
1.6402
1.64149
1.64479
1.65293
1.66516
1.67731
1.68397
1.6809
1.66658
1.64261
1.61336
1.58464
1.56207
1.54956
1.54867
1.55875
1.57743
1.60134
1.62697
1.65138
1.67246
1.68879
1.69946
1.70417
1.70343
1.69847
1.69059
1.68062
1.66902
1.65663
1.64504
1.63618
1.63149
1.63144
1.63526
1.64099
1.64586
1.64722
1.64339
1.63415
1.6209
1.60631
1.59358
1.58534
1.58255
1.58436
1.58885
1.59441
1.60025
1.60638
1.61284
1.61931
1.62513
1.62994
1.63416
1.63922
1.64709
1.65919
1.67521
1.69292
1.70904
1.72087
1.72738
1.72925
1.72827
1.72662
1.72625
1.72852
1.7339
1.74163
1.74981
1.75634
1.7596
1.75888
1.75434
1.74663
1.73683
1.72643
1.71719
1.71083
1.70849
1.71045
1.71607
1.72371
1.73089
1.73469
1.7326
1.72358
1.70886
1.69188
1.67698
1.6671
1.66204
1.65892
1.65437
1.64685
1.63747
1.62927
1.62564
1.62883
1.63913
1.65456
1.67137
1.68508
1.6916
1.68828
1.67443
1.65135
1.62221
1.59151
1.56439
1.54535
1.53706
1.53954
1.55025
1.56461
1.57706
1.58216
1.57564
1.55532
1.52244
1.48337
1.45027
1.43652
1.44814
1.48048
1.52304
1.56553
1.6011
1.62671
1.6419
1.64736
1.64468
1.63691
1.62844
1.62334
1.62321
1.62646
1.62943
1.62842
1.62172
1.61115
1.60125
1.59609
1.59597
1.59724
1.59521
1.58699
1.57232
1.55296
1.53172
1.5117
1.49563
1.48521
1.48084
1.48199
1.48778
1.49741
1.51006
1.52473
1.54011
1.55484
1.5678
1.57845
1.58669
1.59251
1.59544
1.59428
1.58725
1.57262
1.54955
1.51882
1.48378
1.45086
1.42837
1.42218
1.43155
1.45052
1.47313
1.49651
1.5202
1.54432
1.56834
1.59082
1.6096
1.62226
1.62688
1.6227
1.61052
1.59266
1.57236
1.55289
1.53677
1.52569
1.5207
1.52239
1.53085
1.54555
1.56511
1.58731
1.6095
1.62932
1.64547
1.65764
1.66605
1.67081
1.672
1.66993
1.66544
1.65942
1.65234
1.64414
1.63456
1.62353
1.61124
1.5982
1.58535
1.57391
1.56482
1.55797
1.55251
1.54763
1.54332
1.54041
1.53983
1.54208
1.54702
1.55418
1.56282
1.57189
1.58006
1.58547
1.58597
1.57955
1.56544
1.54502
1.52179
1.50043
1.4852
1.47868
1.481
1.48998
1.50204
1.51371
1.52351
1.53278
1.54476
1.56236
1.58629
1.61491
1.64523
1.67413
1.69923
1.71909
1.7331
1.74119
1.74354
1.74035
1.73174
1.71791
1.6995
1.67805
1.65623
1.63737
1.62422
1.61785
1.61749
1.62139
1.62752
1.63389
1.63871
1.64052
1.63855
1.63298
1.62497
1.61627
1.60855
1.60283
1.59956
1.59922
1.60275
1.61087
1.62298
1.63693
1.65008
1.66028
1.66635
1.66797
1.66553
1.65994
1.65231
1.64376
1.63535
1.62797
1.62225
1.61835
1.61584
1.61357
1.60979
1.60266
1.59153
1.57809
1.566
1.55847
1.55556
1.55448
1.5525
1.54908
1.54572
1.54482
1.54848
1.55779
1.57258
1.59136
1.6116
1.63018
1.64408
1.65129
1.65154
1.64657
1.63951
1.63351
1.63041
1.63006
1.63053
1.62908
1.62374
1.61452
1.60396
1.59658
1.59752
1.61079
1.63746
1.67466
1.71628
1.755
1.78448
1.80058
1.80182
1.78929
1.76606
1.73649
1.70499
1.67514
1.64944
1.62951
1.61624
1.60992
1.61037
1.61691
1.62853
1.6439
1.66142
1.67928
1.6956
1.70859
1.71688
1.71986
1.7177
1.71107
1.70069
1.68707
1.6709
1.6538
1.63866
1.62887
1.62682
