-5.11236
-5.12262
-5.1328
-5.14251
-5.15214
-5.16208
-5.1709
-5.17669
-5.17664
-5.16936
-5.1548
-5.1377
-5.11685
-5.0979
-5.08319
-5.0745
-5.07073
-5.07339
-5.07995
-5.09111
-5.10446
-5.12189
-5.14219
-5.16255
-5.18331
-5.20101
-5.21235
-5.21436
-5.20732
-5.19055
-5.16575
-5.13119
-5.09043
-5.0435
-4.99565
-4.95093
-4.91907
-4.90375
-4.90815
-4.93121
-4.96532
-5.00304
-5.03534
-5.05996
-5.07781
-5.08833
-5.0919
-5.0856
-5.07019
-5.04931
-5.02609
-5.00842
-4.99995
-5.00378
-5.01426
-5.02856
-5.04131
-5.04834
-5.0473
-5.03818
-5.02282
-4.99987
-4.97434
-4.94888
-4.92687
-4.90702
-4.89196
-4.88321
-4.87876
-4.88027
-4.8883
-4.90527
-4.93237
-4.96412
-4.99968
-5.0353
-5.06933
-5.10113
-5.12892
-5.14996
-5.16278
-5.16496
-5.1546
-5.13508
-5.11352
-5.09351
-5.08204
-5.07839
-5.07925
-5.08031
-5.08219
-5.0833
-5.08202
-5.07919
-5.07481
-5.06615
-5.05449
-5.0415
-5.02864
-5.02034
-5.021
-5.03087
-5.04866
-5.07029
-5.0895
-5.10252
-5.10654
-5.10043
-5.08387
-5.06159
-5.03432
-5.01139
-5.00016
-5.00527
-5.02529
-5.05677
-5.09108
-5.12277
-5.14666
-5.16275
-5.16743
-5.16191
-5.14628
-5.12466
-5.099
-5.07557
-5.05757
-5.0454
-5.04147
-5.04467
-5.05197
-5.05951
-5.06214
-5.06078
-5.05745
-5.05063
-5.04223
-5.0321
-5.02304
-5.01186
-4.99842
-4.98569
-4.97564
-4.96555
-4.95666
-4.9486
-4.94075
-4.93396
-4.92772
-4.92509
-4.92775
-4.93822
-4.95446
-4.97283
-4.99292
-5.01032
-5.02576
-5.03643
-5.0408
-5.03731
-5.02554
-5.00774
-4.98501
-4.96259
-4.94161
-4.92552
-4.91708
-4.91541
-4.92116
-4.93436
-4.95458
-4.98295
-5.01705
-5.0536
-5.08935
-5.12009
-5.14406
-5.15982
-5.16653
-5.1656
-5.15978
-5.1492
-5.13773
-5.1282
-5.12649
-5.13376
-5.14612
-5.15944
-5.1709
-5.17608
-5.1741
-5.16355
-5.14758
-5.12713
-5.10576
-5.08477
-5.06751
-5.04966
-5.03244
-5.01433
-4.99902
-4.98731
-4.98145
-4.98654
-5.00389
-5.02849
-5.05665
-5.08349
-5.10307
-5.1155
-5.11703
-5.11016
-5.09447
-5.07093
-5.04146
-5.00581
-4.96513
-4.92632
-4.89822
-4.88531
-4.88625
-4.89658
-4.91212
-4.93179
-4.95691
-4.98186
-5.00775
-5.03187
-5.05498
-5.07467
-5.0875
-5.09189
-5.08902
-5.07837
-5.05909
-5.0319
-5.00088
-4.96992
-4.94193
-4.92093
-4.91036
-4.91471
-4.93666
-4.97023
-5.00946
-5.04543
-5.07433
-5.0958
-5.10699
-5.11054
-5.11018
-5.10691
-5.1017
-5.0947
-5.08725
-5.07862
-5.06467
-5.04729
-5.0267
-5.00317
-4.97801
-4.95556
-4.93729
-4.92268
-4.91203
-4.90401
-4.89731
-4.89413
-4.89066
-4.88885
-4.88821
-4.88789
-4.88711
-4.88812
-4.89251
-4.89958
-4.91312
-4.93264
-4.96006
-4.99484
-5.03263
-5.07301
-5.11163
-5.1454
-5.17141
-5.18681
-5.19385
-5.19219
-5.18501
-5.17641
-5.16767
-5.15721
-5.14433
-5.13173
-5.12233
-5.11715
-5.1179
-5.12528
-5.13553
-5.14682
-5.15329
-5.15222
-5.14283
-5.12254
-5.09614
-5.0687
-5.04676
-5.03121
-5.02245
-5.02291
-5.02864
-5.03571
-5.03974
-5.03793
-5.03044
-5.01398
-4.99241
-4.96765
-4.94195
-4.91988
-4.90182
-4.89381
-4.89567
-4.90635
-4.92199
-4.94102
-4.961
-4.98265
-5.00558
-5.02996
-5.05553
-5.07724
-5.09747
-5.11636
-5.1331
-5.14776
-5.1632
-5.17798
-5.1919
-5.20366
-5.21037
-5.21185
-5.20861
-5.20238
-5.19049
-5.17783
-5.1623
-5.14708
-5.13312
-5.11995
-5.10794
-5.09609
-5.08318
-5.06735
-5.04805
-5.02692
-5.00166
-4.97617
-4.95418
-4.93798
-4.93134
-4.93648
-4.95123
-4.97648
-5.00691
-5.03861
-5.06674
-5.08684
-5.09854
-5.10267
-5.09825
-5.08646
-5.06898
-5.04588
-5.02196
-5.00414
-4.9958
-5.0004
-5.01886
-5.0469
-5.07586
-5.10277
-5.12206
-5.13182
-5.13397
-5.13147
-5.12501
-5.11846
-5.11145
-5.10262
-5.09031
-5.0731
-5.05045
-5.02354
-4.99229
-4.96059
-4.93286
-4.91229
-4.90035
-4.89593
-4.89771
-4.90374
-4.91246
-4.92147
-4.93055
-4.93934
-4.94933
-4.95877
-4.97076
-4.9852
-4.99906
-5.01307
-5.02372
-5.02836
-5.03088
-5.0319
-5.03453
-5.04143
-5.05013
-5.05862
-5.06414
-5.06523
-5.06144
-5.05056
-5.0369
-5.02328
-5.00973
-5.00383
-5.00412
-5.01244
-5.02702
-5.04603
-5.06436
-5.07897
-5.08616
-5.08409
-5.07221
-5.05468
-5.0353
-5.01859
-5.00688
-5.00231
-5.00246
-5.00397
-5.00525
-5.00167
-4.99498
-4.9854
-4.97553
-4.96598
-4.95916
-4.9531
-4.94581
-4.93515
-4.91641
-4.89095
-4.86237
-4.83502
-4.81629
-4.81123
-4.82397
-4.84924
-4.88217
-4.91834
-4.95536
-4.98948
-5.02129
-5.05016
-5.07465
-5.0923
-5.10309
-5.10795
-5.10577
-5.09883
-5.09044
-5.08286
-5.07729
-5.07805
-5.08748
-5.10403
-5.12691
-5.14984
-5.1662
-5.17429
-5.16984
-5.1547
-5.13198
-5.10615
-5.08352
-5.06869
-5.0637
-5.0718
-5.0891
-5.10759
-5.11801
-5.11635
-5.10149
-5.07367
-5.03678
-4.99626
-4.9573
-4.92346
-4.89681
-4.88134
-4.87231
-4.87153
-4.87589
-4.88325
-4.89275
-4.90564
-4.92138
-4.93734
-4.95464
-4.96953
-4.98221
-4.99031
-4.99342
-4.99033
-4.98425
-4.97443
-4.96364
-4.95072
-4.93628
-4.92188
-4.90853
-4.89807
-4.89064
-4.88779
-4.89157
-4.90159
-4.91908
-4.94377
-4.9717
-4.99858
-5.02112
-5.03764
-5.0472
-5.05154
-5.05332
-5.05626
-5.05833
-5.05989
-5.06365
-5.06758
-5.07098
-5.07333
-5.07124
-5.06841
-5.06053
-5.04703
-5.03076
-5.00917
-4.98509
-4.96465
-4.94882
-4.94254
-4.94412
-4.95277
-4.96803
-4.98863
-5.01238
-5.03738
-5.05982
-5.07749
-5.08823
-5.09215
-5.089
-5.0801
-5.06542
-5.0459
-5.02277
-5.00138
-4.98041
-4.96549
-4.95766
-4.95347
-4.95349
-4.9541
-4.95363
-4.95412
-4.95402
-4.95597
-4.95976
-4.96454
-4.97032
-4.97464
-4.97619
-4.97637
-4.97647
-4.97786
-4.98228
-4.98846
-4.99258
-4.99325
-4.98889
-4.98291
-4.97425
-4.96654
-4.96456
-4.9703
-4.98402
-5.00483
-5.03018
-5.058
-5.08338
-5.10323
-5.11481
-5.11758
-5.10968
-5.0927
-5.07114
-5.04765
-5.02707
-5.00935
-4.99666
-4.99146
-4.99267
-4.99903
-5.00746
-5.01432
-5.02121
-5.02889
-5.04085
-5.05924
-5.08058
-5.09783
-5.10731
-5.10622
-5.09649
-5.08553
-5.08213
-5.08554
-5.09061
-5.09394
-5.0951
-5.09804
-5.10684
-5.1199
-5.1322
-5.13774
-5.13402
-5.1183
-5.09373
-5.06395
-5.0359
-5.01465
-5.00358
-5.004
-5.01522
-5.03519
-5.06003
-5.08596
-5.10937
-5.13063
-5.14643
-5.1565
-5.16154
-5.16077
-5.155
-5.14674
-5.13764
-5.12591
-5.11261
-5.10197
-5.09392
-5.08969
-5.08918
-5.0936
-5.09892
-5.10371
-5.1043
-5.10021
-5.09169
-5.07832
-5.06407
-5.05139
-5.04307
-5.04006
-5.04101
-5.04538
-5.05113
-5.05715
-5.06331
-5.06919
-5.07472
-5.08015
-5.08395
-5.08803
-5.09403
-5.10229
-5.11452
-5.13009
-5.14869
-5.16418
-5.17444
-5.18028
-5.18162
-5.18078
-5.17977
-5.17856
-5.18038
-5.18531
-5.19347
-5.20159
-5.20815
-5.21057
-5.20945
-5.20607
-5.19855
-5.18771
-5.17809
-5.16877
-5.16277
-5.16056
-5.16308
-5.16855
-5.17611
-5.18339
-5.18716
-5.18453
-5.17484
-5.15941
-5.14094
-5.12736
-5.11878
-5.11423
-5.1105
-5.10522
-5.09742
-5.088
-5.08072
-5.07815
-5.08177
-5.09241
-5.10877
-5.12473
-5.13667
-5.14139
-5.13778
-5.12367
-5.10072
-5.07165
-5.04123
-5.01533
-4.99684
-4.98996
-4.99388
-5.00534
-5.01886
-5.03006
-5.03402
-5.02602
-5.00401
-4.96982
-4.93027
-4.89657
-4.88572
-4.90039
-4.93351
-4.97664
-5.01914
-5.05394
-5.0791
-5.09343
-5.09753
-5.09403
-5.08643
-5.07828
-5.07336
-5.07383
-5.07891
-5.08073
-5.07902
-5.0724
-5.06136
-5.05089
-5.04615
-5.04577
-5.04706
-5.0439
-5.03379
-5.01901
-4.99947
-4.97942
-4.95938
-4.94412
-4.93446
-4.93067
-4.93233
-4.93929
-4.94911
-4.96232
-4.97651
-4.9922
-5.00739
-5.02029
-5.03024
-5.03764
-5.04275
-5.04428
-5.04368
-5.03611
-5.02005
-4.99554
-4.96373
-4.92901
-4.89615
-4.87389
-4.86911
-4.87885
-4.89917
-4.92194
-4.94565
-4.97014
-4.99428
-5.01763
-5.03954
-5.05917
-5.07141
-5.07516
-5.07026
-5.05754
-5.03989
-5.02029
-5.00075
-4.98567
-4.97411
-4.96916
-4.97062
-4.9796
-4.99591
-5.01661
-5.03863
-5.06037
-5.08153
-5.09682
-5.1083
-5.11635
-5.12151
-5.12099
-5.11999
-5.11485
-5.10887
-5.10214
-5.09457
-5.08605
-5.07473
-5.06324
-5.04972
-5.03725
-5.02587
-5.01642
-5.00915
-5.00438
-4.99954
-4.99533
-4.99186
-4.9911
-4.99362
-4.99837
-5.00767
-5.01686
-5.02501
-5.03329
-5.03801
-5.03775
-5.02966
-5.01542
-4.99468
-4.97112
-4.95019
-4.93605
-4.93031
-4.93373
-4.94365
-4.95611
-4.96777
-4.97771
-4.98724
-4.99983
-5.01957
-5.04393
-5.07242
-5.10228
-5.12983
-5.15415
-5.17344
-5.1855
-5.19345
-5.19585
-5.19181
-5.18327
-5.16879
-5.14969
-5.12791
-5.10638
-5.08769
-5.0749
-5.06904
-5.06859
-5.07326
-5.08056
-5.08806
-5.09294
-5.0944
-5.09249
-5.08524
-5.07769
-5.06857
-5.06116
-5.05522
-5.05267
-5.05282
-5.05679
-5.06673
-5.07853
-5.09192
-5.10531
-5.11483
-5.11955
-5.12178
-5.11959
-5.11133
-5.10371
-5.09557
-5.08844
-5.08166
-5.07597
-5.0724
-5.07043
-5.069
-5.06556
-5.05803
-5.04594
-5.03275
-5.02026
-5.01325
-5.01068
-5.0093
-5.00731
-5.00365
-5.00043
-4.99944
-5.00333
-5.01278
-5.0279
-5.04725
-5.06793
-5.08708
-5.10007
-5.10566
-5.10573
-5.09979
-5.09285
-5.08769
-5.08522
-5.08612
-5.08742
-5.08475
-5.07913
-5.07022
-5.05975
-5.05251
-5.05529
-5.06931
-5.09784
-5.1358
-5.17731
-5.21507
-5.24319
-5.25829
-5.25882
-5.2455
-5.22143
-5.19011
-5.15833
-5.12819
-5.10241
-5.08266
-5.06963
-5.0628
-5.06404
-5.07174
-5.08335
-5.09947
-5.11741
-5.13505
-5.15112
-5.16383
-5.17085
-5.17345
-5.17082
-5.16363
-5.15199
-5.13974
-5.12354
-5.10663
-5.09309
-5.08399
-5.08261
