1.10634
1.11358
1.12061
1.12739
1.1342
1.14097
1.1469
1.15065
1.15084
1.14655
1.13784
1.12586
1.11258
1.10016
1.09032
1.08405
1.08157
1.08262
1.08671
1.0934
1.10239
1.11351
1.12648
1.1406
1.15456
1.16647
1.17433
1.17659
1.17253
1.16217
1.14573
1.12354
1.09629
1.06554
1.03377
1.0044
0.981739
0.970132
0.972101
0.986537
1.0089
1.03349
1.05582
1.07355
1.08607
1.09341
1.09535
1.09144
1.08171
1.06758
1.0522
1.03972
1.03353
1.03478
1.04194
1.05181
1.06086
1.06632
1.06658
1.06125
1.05085
1.03657
1.01998
1.00295
0.987252
0.974217
0.964446
0.957982
0.954781
0.95527
0.960485
0.971496
0.988329
1.00949
1.03271
1.0561
1.07869
1.09988
1.11863
1.13328
1.14191
1.14313
1.13682
1.12463
1.10998
1.09698
1.08869
1.0856
1.08588
1.0871
1.08782
1.08782
1.08723
1.08585
1.08302
1.078
1.07055
1.06146
1.05262
1.04674
1.04634
1.05249
1.06405
1.07811
1.09118
1.10037
1.10379
1.10059
1.09087
1.07583
1.05819
1.04242
1.03377
1.03593
1.04886
1.06898
1.09155
1.11259
1.12936
1.14006
1.1437
1.1402
1.13043
1.11614
1.09971
1.08379
1.07088
1.06273
1.05999
1.06195
1.06667
1.07161
1.07456
1.07437
1.07128
1.06635
1.0606
1.0544
1.04754
1.03977
1.03134
1.02301
1.0155
1.00899
1.00321
0.997893
0.992933
0.988265
0.984284
0.982242
0.98379
0.989823
0.999827
1.01223
1.02525
1.03741
1.04756
1.05463
1.0576
1.05568
1.04872
1.03734
1.02289
1.00734
0.99291
0.981678
0.974957
0.973156
0.976203
0.984192
0.997437
1.01587
1.0384
1.0629
1.08683
1.10791
1.1245
1.13568
1.14113
1.14111
1.13651
1.12893
1.1207
1.1146
1.11302
1.11685
1.1249
1.1345
1.14263
1.14696
1.14618
1.14014
1.12974
1.11667
1.10291
1.0899
1.07801
1.06661
1.05497
1.04308
1.03199
1.0236
1.0201
1.02327
1.03365
1.04991
1.069
1.08718
1.10127
1.1094
1.11105
1.10664
1.09688
1.08235
1.06325
1.03979
1.01322
0.987211
0.967279
0.957502
0.957432
0.963752
0.973896
0.986866
1.00194
1.0182
1.03485
1.05129
1.06667
1.0797
1.089
1.09346
1.09242
1.0856
1.07317
1.05595
1.03557
1.01436
0.99506
0.980443
0.973222
0.975761
0.98889
1.01054
1.03609
1.06059
1.08071
1.09502
1.10352
1.10703
1.10679
1.10417
1.10037
1.09604
1.09116
1.08507
1.07684
1.06584
1.05214
1.03666
1.02085
1.0062
0.993766
0.983878
0.976276
0.97047
0.966075
0.962931
0.960917
0.95975
0.959001
0.958372
0.958
0.958532
0.960921
0.966115
0.974854
0.987726
1.00514
1.02701
1.05236
1.07925
1.10522
1.12788
1.14532
1.15636
1.16085
1.1599
1.15544
1.1494
1.14272
1.13541
1.12739
1.11923
1.11235
1.10842
1.10868
1.11321
1.12068
1.12854
1.13377
1.13386
1.12755
1.11516
1.09854
1.08069
1.06489
1.05376
1.04845
1.04842
1.05182
1.05618
1.05903
1.05844
1.05332
1.0435
1.02966
1.01321
0.99612
0.980619
0.968901
0.962737
0.963026
0.969328
0.979858
0.992433
1.00571
1.01955
1.03442
1.05039
1.06675
1.08237
1.09634
1.10849
1.11934
1.12964
1.13984
1.14984
1.15896
1.16623
1.1708
1.17222
1.17046
1.16586
1.15894
1.15033
1.14073
1.13088
1.12141
1.11266
1.10451
1.09644
1.08766
1.0773
1.06477
1.04998
1.03354
1.01687
1.002
0.991187
0.986294
0.988482
0.997923
1.01362
1.03345
1.05445
1.07344
1.08799
1.09687
1.10007
1.09803
1.09105
1.07951
1.06463
1.04897
1.03619
1.02992
1.03247
1.04379
1.06145
1.08146
1.09976
1.11339
1.12109
1.1233
1.12153
1.11765
1.1131
1.10836
1.10282
1.0952
1.08421
1.06921
1.05057
1.02965
1.0086
0.989862
0.975521
0.96678
0.963623
0.964954
0.96917
0.974807
0.980899
0.986968
0.992927
0.999039
1.00584
1.01381
1.02294
1.03251
1.04121
1.04776
1.05162
1.05325
1.05411
1.0559
1.0596
1.0649
1.07043
1.07445
1.07553
1.07288
1.06656
1.05754
1.04762
1.03912
1.03423
1.03439
1.03985
1.04962
1.06187
1.07422
1.08413
1.08938
1.08863
1.08186
1.07059
1.05757
1.04593
1.03808
1.03464
1.03442
1.03533
1.03535
1.03322
1.02867
1.02239
1.01559
1.00942
1.00446
1.0003
0.995506
0.988063
0.976345
0.960072
0.940939
0.922492
0.90925
0.905127
0.911764
0.927832
0.949904
0.974337
0.9987
1.02189
1.04348
1.06306
1.07992
1.0931
1.10179
1.10561
1.10495
1.10097
1.09535
1.08988
1.08637
1.08661
1.09204
1.10289
1.11744
1.1323
1.14373
1.14893
1.14671
1.13744
1.12289
1.10592
1.09011
1.07907
1.0756
1.08053
1.09151
1.10345
1.11097
1.11055
1.10112
1.0835
1.05977
1.0329
1.00622
0.982882
0.965096
0.953655
0.948024
0.946924
0.949062
0.953558
0.96001
0.968232
0.977987
0.988855
1.0001
1.01066
1.01928
1.02483
1.02676
1.0253
1.02125
1.01546
1.00838
1.00018
0.991021
0.981509
0.972594
0.965308
0.960478
0.958733
0.960741
0.967238
0.978622
0.994325
1.01253
1.03062
1.04601
1.05718
1.06396
1.06732
1.06872
1.06948
1.07042
1.0719
1.07395
1.07628
1.07831
1.07939
1.07898
1.07661
1.07174
1.06378
1.05237
1.03791
1.02206
1.00754
0.997073
0.992117
0.992657
0.99807
1.00783
1.02134
1.03742
1.05414
1.06936
1.08133
1.08904
1.09212
1.09057
1.08466
1.07482
1.06186
1.04704
1.03209
1.01885
1.00883
1.00272
1.00013
0.999889
1.00057
1.00111
1.00117
1.00117
1.00186
1.00376
1.00676
1.01013
1.01291
1.01447
1.01497
1.01529
1.01658
1.01939
1.02309
1.0261
1.02683
1.02453
1.01963
1.01365
1.00869
1.00686
1.00976
1.01806
1.0314
1.04834
1.06677
1.08423
1.09832
1.10706
1.10919
1.10448
1.09394
1.0797
1.06424
1.04964
1.03742
1.02883
1.02488
1.02566
1.02996
1.03557
1.04056
1.04467
1.04967
1.05785
1.0698
1.08352
1.09558
1.10264
1.10281
1.09704
1.08976
1.08633
1.08804
1.09146
1.09347
1.09433
1.09653
1.10195
1.11011
1.11821
1.12265
1.1206
1.11105
1.09508
1.07558
1.05643
1.04138
1.03304
1.03245
1.03917
1.05162
1.06756
1.08464
1.10092
1.11497
1.12586
1.13297
1.13612
1.13562
1.13231
1.12706
1.12041
1.11268
1.10442
1.09669
1.09079
1.08766
1.08762
1.09017
1.09399
1.09724
1.09815
1.09559
1.08943
1.0806
1.07088
1.06239
1.05689
1.05503
1.05624
1.05923
1.06294
1.06684
1.07092
1.07522
1.07954
1.08342
1.08663
1.08944
1.09281
1.09806
1.10612
1.11681
1.12861
1.13936
1.14725
1.15159
1.15283
1.15218
1.15108
1.15083
1.15234
1.15594
1.16108
1.16654
1.17089
1.17306
1.17259
1.16956
1.16442
1.15789
1.15095
1.1448
1.14056
1.13899
1.1403
1.14405
1.14914
1.15393
1.15646
1.15506
1.14905
1.13924
1.12792
1.11799
1.1114
1.10803
1.10595
1.10292
1.0979
1.09165
1.08618
1.08376
1.08589
1.09275
1.10304
1.11425
1.12339
1.12773
1.12552
1.11629
1.1009
1.08147
1.06101
1.04293
1.03023
1.0247
1.02636
1.0335
1.04307
1.05137
1.05478
1.05043
1.03688
1.01496
0.988915
0.966844
0.957677
0.965426
0.986989
1.01536
1.04369
1.0674
1.08447
1.0946
1.09824
1.09645
1.09127
1.08563
1.08223
1.08214
1.0843
1.08629
1.08561
1.08115
1.0741
1.0675
1.06406
1.06398
1.06483
1.06347
1.05799
1.04821
1.03531
1.02115
1.0078
0.997087
0.990142
0.987228
0.987993
0.991854
0.998274
1.00671
1.01649
1.02674
1.03656
1.0452
1.0523
1.05779
1.06167
1.06363
1.06286
1.05817
1.04841
1.03303
1.01255
0.989188
0.967243
0.952246
0.948117
0.954366
0.967015
0.982088
0.997675
1.01347
1.02955
1.04556
1.06055
1.07307
1.08151
1.08459
1.0818
1.07368
1.06177
1.04824
1.03526
1.02451
1.01713
1.0138
1.01492
1.02057
1.03036
1.04341
1.05821
1.073
1.08621
1.09698
1.10509
1.1107
1.11388
1.11467
1.11329
1.11029
1.10628
1.10156
1.09609
1.08971
1.08236
1.07416
1.06547
1.0569
1.04927
1.04321
1.03865
1.03501
1.03175
1.02888
1.02694
1.02655
1.02805
1.03135
1.03612
1.04188
1.04793
1.05337
1.05698
1.05731
1.05303
1.04363
1.03001
1.01453
1.00028
0.99013
0.985786
0.987335
0.993323
1.00136
1.00914
1.01568
1.02185
1.02984
1.04157
1.05753
1.07661
1.09682
1.11609
1.13282
1.14606
1.1554
1.16079
1.16236
1.16023
1.1545
1.14528
1.133
1.1187
1.10415
1.09158
1.08281
1.07857
1.07833
1.08093
1.08501
1.08926
1.09248
1.09368
1.09237
1.08865
1.08331
1.07752
1.07237
1.06855
1.06638
1.06615
1.0685
1.07392
1.08199
1.09129
1.10006
1.10686
1.1109
1.11198
1.11035
1.10663
1.10154
1.09584
1.09023
1.08531
1.0815
1.0789
1.07723
1.07572
1.07319
1.06844
1.06102
1.05206
1.044
1.03898
1.03704
1.03632
1.035
1.03272
1.03048
1.02988
1.03232
1.03853
1.04839
1.0609
1.0744
1.08679
1.09605
1.10086
1.10103
1.09772
1.093
1.089
1.08694
1.08671
1.08702
1.08605
1.0825
1.07635
1.06931
1.06439
1.06501
1.07386
1.09164
1.11644
1.14418
1.17
1.18965
1.20039
1.20122
1.19286
1.17737
1.15766
1.13666
1.11676
1.09963
1.08634
1.07749
1.07328
1.07358
1.07794
1.08569
1.09593
1.10761
1.11952
1.1304
1.13906
1.14458
1.14657
1.14514
1.14072
1.13379
1.12471
1.11393
1.10253
1.09244
1.08592
1.08454
