0.894566
0.900002
0.905256
0.910323
0.91542
0.92048
0.924927
0.927754
0.927925
0.924757
0.918283
0.909308
0.899361
0.890024
0.882594
0.877791
0.87581
0.876422
0.879309
0.884113
0.890651
0.898776
0.908309
0.918764
0.929128
0.938013
0.943922
0.945706
0.942806
0.935234
0.923131
0.906761
0.886593
0.863791
0.840186
0.818338
0.801417
0.792727
0.794182
0.804958
0.821677
0.840062
0.856779
0.870075
0.879476
0.885009
0.886516
0.883683
0.876502
0.866007
0.854578
0.84528
0.840696
0.841654
0.847077
0.854524
0.861367
0.865524
0.865793
0.861863
0.854122
0.843486
0.831109
0.818369
0.806584
0.796799
0.78943
0.784486
0.781956
0.782147
0.785854
0.793878
0.806234
0.821863
0.839023
0.856328
0.873057
0.888758
0.902673
0.913556
0.919962
0.920839
0.916115
0.907011
0.896046
0.886341
0.880161
0.877899
0.878171
0.879167
0.879764
0.879803
0.879417
0.878442
0.876359
0.872639
0.867076
0.860248
0.853585
0.849117
0.84873
0.85325
0.861828
0.872282
0.882027
0.888876
0.891419
0.88902
0.881751
0.870465
0.857244
0.845385
0.838829
0.840367
0.849997
0.865017
0.881888
0.897635
0.910217
0.918249
0.921031
0.918474
0.911244
0.900625
0.888413
0.876557
0.866923
0.860877
0.858866
0.860371
0.863948
0.867692
0.869966
0.869882
0.86758
0.863904
0.859615
0.855007
0.849863
0.844042
0.837742
0.831498
0.825857
0.820999
0.816701
0.812768
0.809118
0.805687
0.802778
0.801306
0.802516
0.807064
0.814585
0.823924
0.833704
0.842855
0.850492
0.855836
0.858119
0.856758
0.851637
0.843198
0.832463
0.820852
0.810072
0.801652
0.796566
0.795135
0.797291
0.803103
0.812827
0.826405
0.843046
0.86117
0.878866
0.894457
0.906704
0.914916
0.918868
0.918738
0.915158
0.909357
0.903069
0.898393
0.8971
0.899859
0.905814
0.912968
0.91904
0.922288
0.92172
0.917244
0.909504
0.899788
0.889562
0.879936
0.871127
0.862712
0.854103
0.845296
0.837041
0.830784
0.828183
0.830549
0.838279
0.850437
0.864732
0.878354
0.888949
0.895065
0.896374
0.893153
0.885962
0.875236
0.861087
0.84366
0.823901
0.804505
0.789605
0.782286
0.782224
0.786916
0.794439
0.804046
0.815171
0.827198
0.83951
0.851697
0.863101
0.872779
0.879711
0.883077
0.882342
0.877293
0.868079
0.8553
0.840137
0.824326
0.809915
0.798982
0.793557
0.7954
0.805124
0.821233
0.84025
0.858499
0.873459
0.884052
0.890326
0.892875
0.892602
0.890563
0.88766
0.884413
0.880774
0.876252
0.870185
0.862052
0.851909
0.84044
0.828742
0.817909
0.808725
0.801444
0.795859
0.791607
0.788407
0.7861
0.784649
0.783807
0.783247
0.782751
0.782432
0.782755
0.784431
0.7882
0.79458
0.804029
0.816845
0.832971
0.851729
0.871656
0.890911
0.907707
0.920626
0.928796
0.932084
0.93133
0.928001
0.923508
0.918571
0.913215
0.907366
0.90143
0.896434
0.89366
0.894034
0.897612
0.90342
0.909512
0.913649
0.913936
0.909397
0.900319
0.888054
0.874833
0.863095
0.854853
0.85098
0.851036
0.853661
0.857
0.859221
0.858873
0.855113
0.84785
0.837554
0.82528
0.812506
0.80088
0.792088
0.787408
0.787538
0.79216
0.799952
0.809251
0.819053
0.829252
0.840207
0.85198
0.86404
0.875583
0.885887
0.894812
0.902775
0.910353
0.917866
0.925259
0.932008
0.937385
0.940786
0.941853
0.940567
0.93716
0.932067
0.925702
0.918645
0.911401
0.904451
0.898059
0.892139
0.886295
0.879926
0.8724
0.863254
0.852393
0.840313
0.82804
0.817087
0.809147
0.805605
0.807323
0.814467
0.826265
0.841158
0.856922
0.871204
0.882173
0.888912
0.891392
0.889975
0.884871
0.876328
0.86527
0.853597
0.844005
0.839248
0.841057
0.849403
0.862472
0.877328
0.890886
0.900945
0.906585
0.908101
0.906626
0.9036
0.900087
0.896467
0.892286
0.88658
0.878371
0.867164
0.853223
0.837591
0.821851
0.807816
0.797051
0.790453
0.788026
0.788945
0.791999
0.796083
0.80049
0.804857
0.809126
0.813481
0.818367
0.824111
0.830722
0.837682
0.843982
0.848692
0.85142
0.852483
0.852983
0.854203
0.856862
0.860769
0.864889
0.867921
0.868777
0.866859
0.862229
0.855556
0.848199
0.841929
0.838325
0.838519
0.842685
0.850101
0.859367
0.868743
0.876315
0.880419
0.880047
0.875186
0.866942
0.857366
0.848818
0.843107
0.840681
0.840674
0.841508
0.841645
0.840174
0.836872
0.832269
0.827249
0.822698
0.819037
0.815984
0.812463
0.806947
0.798245
0.786112
0.771793
0.757955
0.747975
0.744807
0.749662
0.761601
0.778051
0.796266
0.814407
0.831682
0.847761
0.862342
0.874897
0.884738
0.89122
0.894046
0.893525
0.89051
0.886233
0.882051
0.879336
0.879399
0.88332
0.891322
0.902085
0.913104
0.921582
0.925388
0.923664
0.916669
0.90571
0.892929
0.880996
0.872626
0.869953
0.873585
0.881775
0.89072
0.896403
0.896171
0.889206
0.876136
0.858503
0.838504
0.818637
0.801268
0.788069
0.779594
0.775496
0.774761
0.776434
0.77987
0.784773
0.790985
0.798334
0.806538
0.815016
0.823005
0.829531
0.833751
0.835249
0.834214
0.831209
0.826896
0.821596
0.815436
0.808544
0.801349
0.794571
0.788981
0.785214
0.783735
0.78503
0.789679
0.79798
0.809511
0.822941
0.83631
0.847696
0.855932
0.860905
0.863345
0.864334
0.864829
0.865486
0.86658
0.868096
0.869821
0.871341
0.872162
0.871913
0.870188
0.866632
0.860808
0.852382
0.841698
0.829976
0.819219
0.811514
0.8079
0.808383
0.812488
0.819811
0.829915
0.841928
0.854403
0.865741
0.874646
0.880375
0.882638
0.881458
0.877013
0.86965
0.859965
0.848917
0.83775
0.827905
0.820464
0.815937
0.81408
0.813972
0.814571
0.815065
0.81517
0.815222
0.815762
0.817194
0.819451
0.821957
0.824011
0.825152
0.825469
0.825639
0.826534
0.82856
0.831259
0.833474
0.83399
0.832245
0.828524
0.824012
0.820269
0.81885
0.820956
0.827115
0.837049
0.849712
0.863494
0.876582
0.887178
0.893793
0.895465
0.89203
0.884244
0.87367
0.862178
0.851294
0.842185
0.835773
0.832788
0.833329
0.836478
0.84057
0.844168
0.847043
0.850555
0.856441
0.865142
0.875171
0.883996
0.889095
0.889052
0.884564
0.878954
0.876244
0.877445
0.879994
0.881492
0.882156
0.883842
0.88796
0.894156
0.90036
0.903875
0.902546
0.895616
0.883854
0.869429
0.855219
0.844034
0.837833
0.8374
0.842405
0.85167
0.863529
0.876238
0.888355
0.898791
0.906873
0.912149
0.914456
0.914061
0.91159
0.907679
0.902727
0.896992
0.890889
0.885165
0.880819
0.87857
0.878665
0.880696
0.883707
0.886301
0.887159
0.885421
0.88097
0.874521
0.867388
0.861177
0.857198
0.855942
0.856979
0.859335
0.862196
0.865183
0.868286
0.871541
0.874784
0.877672
0.880032
0.882056
0.884457
0.888248
0.894135
0.901988
0.910658
0.918561
0.924335
0.927438
0.928217
0.927571
0.926582
0.926263
0.927268
0.929841
0.933583
0.937582
0.940766
0.942345
0.941949
0.939628
0.935753
0.930859
0.92564
0.921023
0.917838
0.916668
0.917652
0.92049
0.924352
0.928001
0.929985
0.929048
0.924668
0.917451
0.909123
0.901793
0.896978
0.89459
0.893188
0.891061
0.887419
0.882818
0.878762
0.876964
0.878566
0.883709
0.891407
0.899834
0.906735
0.910063
0.908476
0.901641
0.890199
0.875727
0.860475
0.846979
0.83752
0.833402
0.834664
0.840039
0.847264
0.853548
0.856169
0.852988
0.84291
0.826525
0.807
0.790407
0.783403
0.789066
0.805114
0.826266
0.84738
0.865035
0.877709
0.88519
0.88782
0.88639
0.882407
0.878077
0.875448
0.875307
0.876855
0.878325
0.8778
0.874424
0.869111
0.864136
0.861525
0.861454
0.862099
0.861123
0.857068
0.849773
0.840129
0.829516
0.819521
0.81147
0.806229
0.803991
0.804494
0.80729
0.812005
0.818216
0.825448
0.833033
0.840297
0.846702
0.851979
0.856077
0.858991
0.860505
0.859978
0.856562
0.849388
0.838012
0.82281
0.805423
0.789078
0.777917
0.774874
0.779618
0.789129
0.800448
0.812118
0.823911
0.835908
0.847858
0.859033
0.868345
0.874628
0.876914
0.874805
0.868712
0.859777
0.849619
0.839889
0.831818
0.826286
0.823779
0.824604
0.828799
0.836083
0.845809
0.856875
0.86794
0.877806
0.885875
0.891964
0.896181
0.898578
0.899232
0.89823
0.896054
0.893125
0.889675
0.885672
0.880989
0.875608
0.869584
0.863202
0.856893
0.851288
0.846843
0.843509
0.840827
0.838424
0.83628
0.834819
0.834496
0.835564
0.837978
0.841462
0.845711
0.850218
0.854274
0.85699
0.857281
0.854143
0.847147
0.836997
0.82543
0.814756
0.807112
0.803801
0.804876
0.809255
0.815157
0.820844
0.825567
0.829996
0.835756
0.844287
0.856012
0.870097
0.885049
0.899319
0.911704
0.921502
0.928429
0.932411
0.933566
0.932001
0.927751
0.920929
0.911831
0.901215
0.890399
0.881056
0.874546
0.87141
0.871279
0.873257
0.876339
0.879545
0.882005
0.882972
0.882048
0.879359
0.875424
0.871162
0.867375
0.8646
0.863035
0.862935
0.864771
0.868885
0.875034
0.882117
0.888797
0.894021
0.897194
0.898113
0.897009
0.894369
0.890663
0.886478
0.882338
0.878712
0.87591
0.874005
0.872782
0.871671
0.869807
0.866281
0.860755
0.854048
0.848026
0.844277
0.842851
0.842361
0.841423
0.839765
0.83813
0.837718
0.839572
0.844249
0.851653
0.861039
0.871159
0.880442
0.887398
0.891011
0.891107
0.888582
0.884967
0.881853
0.880177
0.879852
0.879929
0.879075
0.87625
0.871461
0.865987
0.862078
0.862285
0.868665
0.881732
0.900096
0.920711
0.939942
0.954603
0.962635
0.963294
0.957123
0.945657
0.931072
0.915533
0.900827
0.888196
0.878429
0.871958
0.86894
0.86924
0.872532
0.878339
0.885974
0.894657
0.903504
0.911574
0.917976
0.92206
0.923492
0.92238
0.919055
0.913885
0.90708
0.899037
0.890528
0.882974
0.878104
0.877094
