0.920919 0
0.87527 0.0456492
0.888237 0.0293726
0.903691 0.025888
0.913894 0.0224996
0.911173 0.0185713
0.911261 0.0156959
0.906913 0.0142714
0.905478 0.0126677
0.905112 0.0113362
0.907584 0.0105478
0.908241 0.00965113
0.907595 0.00890127
0.91064 0.00878574
0.90924 0.00829812
0.90905 0.0077645
0.907736 0.0074108
0.907035 0.00702204
0.905615 0.00679236
0.90325 0.00686396
0.900881 0.00694564
0.898074 0.00719266
0.896239 0.00711346
0.894958 0.00693016
0.897793 0.00722648
0.899277 0.00709976
0.899928 0.00686269
0.899576 0.0066224
0.89937 0.00639327
0.89807 0.00631193
0.89651 0.00630106
0.896933 0.00611564
0.897207 0.00593374
0.897331 0.00575793
0.897306 0.00559105
0.898152 0.00549888
0.897441 0.00539517
0.896475 0.00533946
0.897177 0.00524792
0.897525 0.00512685
0.897727 0.00500433
0.897325 0.00490025
0.897429 0.00478607
0.896778 0.00472106
0.895845 0.00470838
0.896285 0.00462586
0.897092 0.00459768
0.896947 0.00450319
0.896587 0.00442504
0.896543 0.00433586
