1.08207 0
1.09591 0.0138416
1.09771 0.0081919
1.10562 0.00980658
1.09106 0.016422
1.0984 0.0152856
1.10511 0.0145572
1.10553 0.0126138
1.09832 0.0132565
1.09946 0.0119116
1.098 0.010872
1.09368 0.0108258
1.09348 0.00996035
1.09176 0.00938029
1.08969 0.0089742
1.09225 0.00877635
1.09157 0.0082716
1.08949 0.00807139
1.08777 0.00782674
1.08266 0.00901285
1.08193 0.00860455
1.08245 0.0082211
1.08125 0.0079469
1.08025 0.0076747
1.07939 0.00741089
1.07957 0.00712249
1.07781 0.00707792
1.07597 0.0070619
1.07641 0.006828
1.07712 0.006635
1.07802 0.00647985
1.07854 0.00629515
1.07863 0.00610214
1.08085 0.00632202
1.0814 0.00616317
1.08199 0.00601866
1.0808 0.00597294
1.08194 0.00592331
1.07974 0.006174
1.08086 0.00612215
1.08317 0.00640091
1.08462 0.00641266
1.08555 0.00633065
1.08452 0.0062708
1.0844 0.00613097
1.0837 0.00603693
1.08326 0.0059236
1.08244 0.00585667
1.08158 0.00580066
1.08122 0.0056944
