0.870289 0
0.706655 0.163634
0.671475 0.100812
0.654518 0.0732738
0.648762 0.0570487
0.6359 0.0483233
0.632251 0.0410033
0.629855 0.0355906
0.624178 0.0318974
0.619739 0.028873
0.616454 0.0263225
0.612836 0.0242999
0.61152 0.0223914
0.608483 0.0209516
0.605609 0.0197155
0.602522 0.0186987
0.599681 0.0177927
0.597247 0.0169507
0.594543 0.0162603
0.593322 0.0154741
0.592361 0.0147501
0.591413 0.0140956
0.590598 0.0134935
0.590977 0.0129246
0.590305 0.0124151
0.589341 0.0119669
0.588183 0.0115732
0.588358 0.0111536
0.587566 0.0107913
0.587026 0.0104394
0.586714 0.0101018
0.587249 0.00979566
0.586702 0.0095099
0.585128 0.00935933
0.583954 0.00916348
0.583315 0.00892815
0.582715 0.00870425
0.581156 0.00861427
0.580877 0.00839512
0.581107 0.00818576
0.581304 0.00798605
0.580674 0.007819
0.579442 0.00773372
0.578823 0.00758121
0.577228 0.00758052
0.576053 0.00750653
0.575244 0.00738951
0.574786 0.0072484
0.573374 0.00723794
0.572619 0.00713184
