1.0347 0
1.01527 0.0194284
1.00668 0.0141301
0.998992 0.0126048
1.00178 0.0101526
1.00733 0.00997721
1.00763 0.00843765
1.00958 0.00756414
1.01256 0.00730666
1.00858 0.00765628
1.01174 0.00761515
1.01509 0.00771481
1.01427 0.00714368
1.01555 0.00673685
1.01483 0.00631332
1.01435 0.00592502
1.0157 0.00572733
1.01607 0.00541227
1.01558 0.00514227
1.01515 0.00489774
1.01174 0.0057733
1.01106 0.00554659
1.01051 0.00532812
1.00851 0.00547765
1.00901 0.00527689
1.00896 0.00507008
1.00757 0.00507346
1.00868 0.00501308
1.00651 0.0052991
1.00603 0.0051422
1.00432 0.0052604
1.00548 0.00522393
1.0052 0.00507091
1.00555 0.00493211
1.00776 0.005277
1.00922 0.00533149
1.00889 0.00519603
1.01047 0.00529901
1.01 0.00518245
1.01032 0.0050611
1.00876 0.0051763
1.0091 0.005063
1.00806 0.00505258
1.00873 0.00498214
1.00813 0.00490732
1.00862 0.00482412
1.00954 0.00481016
1.00853 0.00481573
1.00848 0.00471677
1.00943 0.00471816
