1.05932 0
1.0643 0.0049805
1.04579 0.0187342
1.0416 0.013893
1.04858 0.0128282
1.04981 0.0105463
1.05042 0.00893361
1.05082 0.00774711
1.05516 0.0080971
1.04898 0.00951869
1.04481 0.00956935
1.04101 0.00952672
1.03999 0.00882205
1.03975 0.00817131
1.04365 0.00855
1.04529 0.00816446
1.0461 0.0077119
1.04507 0.00734293
1.03931 0.00902623
1.03727 0.00880271
1.03978 0.00874016
1.03973 0.00833353
1.04016 0.00797446
1.03969 0.00764946
1.04094 0.00744247
1.04144 0.00716829
1.04047 0.00696652
1.04146 0.0067863
1.04165 0.00655081
1.04295 0.00646144
1.04277 0.00625212
1.0428 0.00605366
1.04214 0.00590456
1.04263 0.00574882
1.04303 0.00559673
1.04167 0.00560583
1.04157 0.00545319
1.04059 0.00539778
1.03916 0.00544879
1.03868 0.0053323
1.03806 0.00523706
1.03835 0.00511889
1.03905 0.00504738
1.03907 0.00493139
1.03878 0.00482973
1.03904 0.00473112
1.03886 0.00463313
1.04063 0.00486823
1.04209 0.00498854
1.04179 0.0048972
